334.020000,128.360000,438.190000,188.780000,396.390000,260.830000,292.230000,200.410000
400.941317,197.967565,342.061337,252.356648,254.752547,157.838784,313.632527,103.449701
388.482796,201.714481,328.292948,246.943070,250.945507,144.009707,311.135355,98.781119
396.802706,197.315627,331.873083,233.621400,268.206436,119.759308,333.136059,83.453535
400.136157,182.880629,334.500835,211.331804,281.420285,88.877845,347.055607,60.426670
397.062852,180.297623,332.165708,201.694005,289.372945,71.899716,354.270089,50.503335
381.371660,186.840724,319.610764,201.087570,289.482188,70.478462,351.243084,56.231616
371.121455,190.807512,310.370328,198.145641,294.628860,67.824675,355.379986,60.486546
368.226837,195.591264,310.570488,196.534395,308.467770,67.989092,366.124119,67.045961
325.447783,74.369267,381.015198,79.248840,370.036160,204.275524,314.468745,199.395951
341.282073,74.667777,395.460100,84.827499,372.309259,208.282347,318.131232,198.122625
346.933617,82.222724,399.470047,95.624081,368.870280,215.582263,316.333851,202.180905
339.005876,97.123266,390.309934,113.153119,353.975601,229.442316,302.671544,213.412464
330.345092,113.173292,381.287161,132.505557,337.868796,246.916434,286.926727,227.584169
335.155379,117.429219,384.694041,138.684917,336.868720,250.146908,287.330058,228.891210
335.633138,116.464051,385.268223,137.493605,337.250743,250.827049,287.615658,229.797495
335.465635,111.756273,385.095173,135.743508,332.401903,244.765772,282.772365,220.778537
325.128602,114.751912,373.905354,140.086066,317.837963,248.034616,269.061211,222.700461
317.781918,114.175137,366.900298,143.085189,305.349866,247.659803,256.231487,218.749752
307.586588,106.717694,356.157958,137.150272,291.856866,239.776874,243.285497,209.344297
297.138209,97.241088,345.960425,130.958081,277.999610,229.365361,229.177394,195.648367
291.814344,89.570919,341.489349,127.517540,270.618454,220.292918,220.943449,182.346297
288.454958,91.327629,336.534290,131.276722,263.098458,219.657847,215.019125,179.708754
277.764706,101.841188,324.791432,143.055801,250.127277,228.249144,203.100552,187.034531
270.952551,108.723831,315.861235,151.197296,238.300993,233.204458,193.392309,190.730992
271.852914,112.258764,316.050899,155.969003,236.748037,236.156776,192.550051,192.446537
273.397857,119.874134,316.698957,163.480342,239.598126,240.041707,196.297026,196.435499
272.778918,132.932714,313.824807,176.470909,236.213243,249.639668,195.167354,206.101473
272.357768,146.326593,312.426348,190.523619,236.843030,259.046698,196.774449,214.849673
263.048874,161.433968,302.247935,205.998995,230.065144,269.490431,190.866084,224.925404
257.537022,171.840086,294.465416,216.969249,224.264496,274.413418,187.336101,229.284255
260.554196,177.425568,299.391412,222.337273,233.205741,279.571065,194.368525,234.659359
266.251591,180.869662,304.669984,227.420353,237.564442,282.802712,199.146049,236.252021
258.923004,184.955431,300.338740,232.093235,234.703824,289.760715,193.288088,242.622912
259.012853,189.132857,300.263437,239.598499,232.352883,295.108544,191.102298,244.642902
264.935033,187.626763,307.743369,238.188694,242.012859,293.839531,199.204523,243.277600
265.752932,174.696466,310.608801,222.025926,249.672123,279.777858,204.816253,232.448398
261.348206,161.630255,307.564281,208.726031,248.407391,266.777930,202.191316,219.682154
266.325018,158.142606,311.185311,204.845158,252.374689,261.335897,207.514397,214.633345
270.105572,155.652154,314.584826,202.135580,256.050142,258.146492,211.570888,211.663067
267.602658,148.797276,313.123565,191.319021,258.376819,249.927188,212.855912,207.405443
267.845883,139.759718,314.311165,179.120614,262.992528,239.701930,216.527247,200.341034
274.163903,139.551558,320.743685,177.160122,272.185792,237.301106,225.606011,199.692542
275.218643,142.332177,322.135312,174.000107,279.633615,236.967216,232.716946,205.299285
269.484423,145.072418,318.773686,172.208909,282.591699,237.927926,233.302436,210.791436
269.892543,139.854245,322.230629,161.576028,293.177745,231.578218,240.839659,209.856436
269.165986,138.181852,322.665933,151.511136,304.612346,223.973090,251.112399,210.643806
266.933136,134.751100,319.393535,143.703300,306.883409,217.013345,254.423010,208.061145
253.228686,137.269011,306.395754,143.134028,298.377756,215.818121,245.210688,209.953104
251.507080,117.077533,305.228921,118.817160,302.902170,190.670123,249.180329,188.930495
244.494696,103.320477,297.338794,105.050102,295.018032,175.954840,242.173934,174.225216
237.920903,99.071449,291.084172,103.732303,285.042324,172.647651,231.879056,167.986797
239.276618,89.276875,291.257184,96.808954,281.214413,166.116376,229.233846,158.584297
246.367740,68.533224,298.359909,77.380709,286.740923,145.659582,234.748754,136.812097
254.409790,62.154238,305.351871,72.030539,292.549259,138.066570,241.607178,128.190269
251.521358,67.609237,300.848072,79.850321,284.874951,144.215667,235.548236,131.974584
247.583045,69.064465,295.696429,83.945032,276.333763,146.550398,228.220380,131.669831
254.929478,66.930685,302.744453,80.689644,284.622897,143.665465,236.807922,129.906506
254.314005,77.194773,303.698134,89.805136,287.634934,152.711110,238.250804,140.100747
250.061118,96.677167,298.102988,109.621643,280.896306,173.482178,232.854436,160.537701
242.879492,112.927295,292.389626,119.681744,283.905380,181.871303,234.395245,175.116854
241.345972,120.698572,289.813708,128.643439,279.737291,190.114714,231.269555,182.169847
236.442618,137.434534,284.536366,137.449434,284.517970,196.824432,236.424223,196.809531
289.594323,185.397113,240.407650,194.522687,229.456962,135.498680,278.643634,126.373106
277.974538,174.951626,229.560361,200.249018,201.788224,147.098670,250.202402,121.801279
264.644371,169.807907,216.551596,192.802522,191.231683,139.846433,239.324458,116.851817
260.603379,143.201712,212.898332,171.258068,183.012214,120.441821,230.717261,92.385466
253.158574,123.119801,211.994074,162.576858,169.963731,118.727717,211.128231,79.270660
235.288947,103.996817,224.547533,159.606955,167.715194,148.629466,178.456608,93.019328
203.530793,94.634949,225.692772,152.404857,162.087519,176.805420,139.925540,119.035511
189.458474,84.777329,216.218144,143.555956,149.798295,173.794383,123.038625,115.015756
173.905112,72.893787,215.584430,120.993959,159.296995,169.767629,117.617677,121.667457
169.253008,68.239533,219.821131,108.152475,173.470618,166.876747,122.902495,126.963805
173.956170,66.123627,220.630494,108.844060,169.749978,164.433704,123.075654,121.713271
180.431256,67.654396,223.575140,116.493925,166.772644,166.672139,123.628759,117.832609
173.378005,79.353978,219.991867,122.105707,171.410357,175.076005,124.796495,132.324275
173.408646,82.658939,223.549607,121.630667,180.636918,176.842061,130.495957,137.870333
179.601877,84.746797,231.871560,120.403608,192.208366,178.546289,139.938683,142.889478
177.879565,88.167219,234.367392,116.026811,202.985323,179.656777,146.497496,151.797186
170.781768,81.990495,230.972577,101.295654,208.782739,170.480491,148.591930,151.175332
161.547641,94.916963,223.809133,105.831600,211.263573,177.396533,149.002081,166.481896
151.978329,112.674293,214.942620,114.264755,213.132783,185.913776,150.168493,184.323313
213.715321,174.719646,152.627849,183.794235,142.058622,112.645297,203.146094,103.570708
219.704590,156.336389,163.944595,173.796384,142.604602,105.645280,198.364596,88.185285
227.445664,147.642635,176.759810,172.512045,144.429577,106.620435,195.115431,81.751024
229.795784,150.180106,183.988788,177.087071,146.319037,112.957277,192.126032,86.050312
233.678764,148.871421,190.210894,177.506428,148.388713,114.020459,191.856584,85.385452
238.074820,147.648531,198.047161,178.421645,151.055784,117.298329,191.083443,86.525214
246.909927,147.525047,209.276117,181.909727,156.094478,123.702767,193.728289,89.318087
254.992475,149.351190,219.857756,185.454577,162.982558,130.105362,198.117277,94.001976
259.490889,152.937240,225.969371,190.797523,165.807827,137.530454,199.329344,99.670171
267.747171,160.761180,234.456926,200.246009,172.561789,148.061300,205.852034,108.576472
272.101114,162.850850,238.571767,204.967481,175.950986,155.114636,209.480334,112.998004
283.106605,162.986042,251.527987,209.062724,184.775870,163.314214,216.354487,117.237532
289.552409,160.753526,260.695556,210.370687,191.608370,170.190258,220.465223,120.573098
284.540289,172.752661,255.664893,224.517049,186.645709,186.016520,215.521105,134.252132
279.181004,175.252415,257.193582,230.750916,184.565914,201.977253,206.553336,146.478752
279.643628,165.098812,263.096284,221.904444,189.248962,200.392896,205.796307,143.587264
279.351002,147.843149,268.132308,207.007655,194.537435,193.052694,205.756129,133.888188
267.566722,139.074073,264.162840,198.768771,186.996523,194.368631,190.400404,134.673933
255.455093,131.724387,257.404570,193.381076,180.333710,195.817922,178.384233,134.161234
250.135114,124.573217,256.426590,187.865455,180.623096,195.400595,174.331620,132.108357
247.930982,122.164145,258.816367,186.098262,183.257865,198.962809,172.372480,135.028692
247.330221,124.203766,258.188993,189.304358,181.251930,202.137452,170.393158,137.036860
242.881256,126.006963,256.518164,191.285270,180.112873,207.246651,166.475965,141.968344
240.134287,129.832418,253.606396,196.864402,176.783224,212.304347,163.311115,145.272364
235.192000,135.784378,251.065250,201.970056,172.093703,220.909729,156.220454,154.724052
235.800331,135.356686,251.756015,203.270567,173.922129,221.556856,157.966445,153.642975
247.286300,124.597312,261.168436,194.242881,182.236791,209.975968,168.354655,140.330399
258.438230,112.514863,279.680885,183.432954,201.054306,206.984592,179.811651,136.066501
250.193614,105.442513,272.366689,178.185086,191.020155,202.980782,168.847081,130.238209
236.643460,97.279069,261.195289,169.226096,181.164326,196.536558,156.612496,124.589531
235.272527,81.066520,258.528542,155.502536,177.689427,180.759068,154.433413,106.323052
231.997582,63.978765,254.035866,139.408562,171.227066,163.602765,149.188783,88.172967
219.184588,55.305909,233.459692,132.751269,147.409291,148.612495,133.134187,71.167134
193.099748,46.435289,215.838170,123.906861,129.103692,149.364008,106.365270,71.892436
192.204620,37.328903,214.969971,115.405806,125.615293,141.459485,102.849943,63.382582
198.085884,31.178956,224.623969,110.470371,137.575785,139.604574,111.037699,60.313159
208.086593,41.236908,227.664818,121.152292,135.178475,143.810238,115.600249,63.894854
197.235212,51.389813,214.749867,133.447692,118.103920,154.076065,100.589264,72.018185
181.981589,55.677933,202.662558,139.379608,104.853859,163.546133,84.172890,79.844458
191.072819,68.491066,207.402981,154.262848,106.036331,173.562130,89.706169,87.790349
196.511504,77.571479,221.366248,163.513127,120.940052,192.556873,96.085308,106.615224
205.896163,83.385544,229.168957,169.914636,125.924018,197.683310,102.651224,111.154218
209.502380,86.845812,232.115559,176.753983,126.044121,203.432452,103.430943,113.524281
209.486351,84.010292,231.368818,174.053538,122.695935,200.463412,100.813468,110.420166
215.701811,82.843447,234.741436,175.381621,123.057434,198.360479,104.017809,105.822305
227.885018,80.289102,247.286809,176.152739,135.266380,198.824495,115.864589,102.960858
237.159810,71.449910,257.831743,169.369787,143.591886,193.487041,122.919954,95.567164
238.347785,69.684219,260.155514,169.277706,143.963112,194.720056,122.155383,95.126569
238.371707,71.683348,256.778114,172.458904,139.017914,193.967514,120.611507,93.191959
238.699163,72.178401,256.868517,172.758807,139.143724,194.025209,120.974371,93.444804
243.990296,70.639229,259.438503,172.848166,140.003341,190.900003,124.555134,88.691067
245.883487,68.146181,257.332752,173.227411,139.408260,186.076030,127.958995,80.994800
241.524601,65.402624,252.033973,170.799233,128.873891,183.079847,118.364519,77.683239
239.526954,62.171751,250.184394,168.430299,125.813593,180.904348,115.156153,74.645800
243.467423,59.948551,253.936823,169.075098,127.644303,181.191370,117.174902,72.064823
250.868759,67.722382,254.663741,177.427596,128.752075,181.783200,124.957093,72.077986
249.577227,72.069987,252.272624,184.214683,125.007295,187.273505,122.311898,75.128808
250.711246,77.471172,255.270861,190.715354,126.757801,195.889748,122.198186,82.645566
257.270178,80.728346,264.983309,195.195335,133.796421,204.035103,126.083291,89.568113
265.962568,81.726300,270.575068,197.134163,136.806863,202.480470,132.194363,87.072607
264.129960,73.381389,266.169937,188.683657,130.987967,191.075354,128.947991,75.773086
269.803824,65.319697,275.185004,182.758976,139.062203,188.996253,133.681023,71.556973
285.533103,55.338569,291.269827,174.137639,154.920895,180.721833,149.184171,61.922764
290.555537,55.217744,293.548564,173.898760,155.769454,177.373423,152.776427,58.692408
280.163563,56.799259,282.150734,178.241336,142.768351,180.522067,140.781180,59.079991
274.391161,61.966401,273.896552,184.111233,135.095607,183.549178,135.590215,61.404346
282.730746,59.049142,286.234744,183.228882,145.311668,187.205330,141.807670,63.025590
290.815951,65.094353,293.385039,189.677241,153.050291,192.571156,150.481203,67.988268
289.511036,75.345302,289.372005,199.954599,147.575218,199.796392,147.714249,75.187095
282.429621,80.795068,287.705575,208.159798,143.168072,214.147115,137.892119,86.782386
287.230911,89.235065,284.749439,218.771195,139.203226,215.983025,141.684697,86.446895
291.910894,89.911614,292.751868,221.627679,146.400685,222.562094,145.559711,90.846029
299.783407,96.006621,304.030941,227.583913,157.669683,232.308698,153.422149,100.731405
309.098201,98.906219,313.507373,232.661691,166.376354,237.511780,161.967182,103.756308
301.566810,100.571488,303.254531,235.219765,151.964332,237.116081,150.276611,102.467804
293.417901,113.839424,286.353159,250.531980,134.472541,242.682267,141.537282,105.989711
300.580118,114.405851,294.997954,251.870682,143.786639,245.730302,149.368803,108.265470
315.584207,105.567072,311.602805,241.558283,160.331684,237.129533,164.313085,101.138323
318.830033,92.099747,318.104904,229.537938,165.224220,228.731334,165.949349,91.293143
310.365293,86.006340,306.240317,222.920778,152.403870,218.285973,156.528846,81.371536
304.027603,92.397535,293.683776,231.466508,139.162694,219.973367,149.506521,80.904393
307.619406,95.883971,297.893977,234.838316,141.765500,223.910868,151.490929,84.956523
322.919961,99.828785,307.762762,240.341767,150.075970,223.332022,165.233169,82.819039
331.215057,97.276891,314.758796,237.407679,157.500911,218.940097,173.957172,78.809309
330.162982,91.361633,320.197989,233.277830,162.513325,222.205614,172.478319,80.289417
328.541634,92.185258,319.302789,233.031008,159.466602,222.546476,168.705447,81.700726
327.129614,95.302413,316.218697,237.423264,154.935484,225.041212,165.846401,82.920361
316.395226,92.386354,311.090478,237.836526,149.479176,231.942361,154.783924,86.492190
310.143749,100.885645,302.803353,245.324245,140.512791,237.076610,147.853187,92.638010
310.924571,104.430248,300.394808,251.240616,135.640950,239.423883,146.170713,92.613515
306.088150,102.332836,297.269738,249.725522,130.224694,239.731321,139.043106,92.338636
302.144329,105.914821,294.510107,254.077646,129.884746,245.595177,137.518968,97.432352
304.864589,112.954389,295.032620,260.517830,129.433647,249.484176,139.265616,101.920734
304.643339,110.268363,297.420420,257.265494,130.603451,249.068699,137.826369,102.071567
299.517707,107.117527,293.510102,254.633268,126.104598,247.815648,132.112203,100.299907
299.409719,109.200712,288.666332,257.875554,120.168178,245.699715,130.911565,97.024874
303.508985,102.937707,298.391495,253.806668,130.943527,248.126816,136.061017,97.257855
313.060044,100.726014,305.531048,248.404007,137.941416,239.859865,145.470412,92.181873
312.692291,99.881849,308.923003,247.239899,141.696451,242.962392,145.465740,95.604342
312.262900,104.082756,304.275062,253.165791,136.970767,244.201662,144.958605,95.118627
313.133042,102.308061,303.718446,250.574563,137.126871,239.996365,146.541467,91.729864
314.428643,98.087865,306.545109,245.979457,138.713078,237.032974,146.596613,89.141383
308.034568,97.165661,304.510560,244.761618,140.330787,240.841654,143.854795,93.245697
306.307227,97.079673,299.741270,245.762890,134.537695,238.467382,141.103652,89.784165
305.885518,94.040962,300.207188,243.229814,132.784144,236.857466,138.462473,87.668614
310.389881,96.877982,300.439329,245.842889,133.267601,234.676159,143.218152,85.711252
305.486090,95.297568,302.292178,243.596512,135.664151,240.007847,138.858063,91.708903
307.764389,99.103823,299.495692,248.875745,131.418313,239.596430,139.687010,89.824507
300.563550,98.204705,301.180160,248.437815,134.254483,249.122937,133.637873,98.889827
302.617691,106.938691,297.058883,256.835654,130.506701,250.659201,136.065509,100.762238
306.002273,107.484753,299.832092,257.592369,133.045853,250.736612,139.216034,100.628997
305.731236,107.624133,301.062927,258.020448,133.955910,252.833438,138.624219,102.437123
304.433387,108.022092,300.252148,257.729339,133.910763,253.083518,138.092002,103.376271
303.348405,104.558455,304.650673,253.849650,137.112776,255.311084,135.810508,106.019889
