1.922001
0.040708
0.037164
0.037043
0.036857
0.036943
0.036807
0.036716
0.036409
0.036314
0.046655
0.036213
0.036016
0.036029
0.036087
0.036119
0.036180
0.036026
0.036198
0.036271
0.046606
0.036154
0.036175
0.036160
0.036100
0.036053
0.036040
0.035952
0.035809
0.035804
0.046112
0.035636
0.035594
0.035679
0.035671
0.035775
0.035728
0.035671
0.035634
0.035733
0.045994
0.035610
0.035596
0.035607
0.035463
0.035360
0.036837
0.035387
0.035404
0.035183
0.045629
0.035280
0.035252
0.035189
0.035145
0.035150
0.035186
0.035158
0.035335
0.035088
0.045485
0.035046
0.034774
0.034979
0.035020
0.034996
0.035023
0.035038
0.035050
0.035192
0.045553
0.035391
0.035363
0.035438
0.035421
0.035476
0.035346
0.035452
0.036583
0.035404
0.045846
0.035416
0.035372
0.035455
0.035356
0.035344
0.035321
0.035191
0.035149
0.035243
0.045730
0.035354
0.035354
0.035434
0.035451
0.035596
0.035452
0.035478
0.035382
0.035477
0.045757
0.035498
0.035536
0.035488
0.035552
0.035586
0.035514
0.035601
0.035602
0.036905
0.046246
0.035840
0.035786
0.035863
0.035906
0.035931
0.036008
0.036187
0.036122
0.036220
0.047398
0.036525
0.036542
0.036556
0.036620
0.036734
0.036911
0.036951
0.036987
0.037112
0.048223
0.037367
0.037301
0.037319
0.037468
0.037586
0.037666
0.035369
0.035288
0.036581
0.046360
0.035325
0.035315
0.035403
0.035432
0.035357
0.035567
0.035550
0.035591
0.035671
0.046440
0.035613
0.035636
0.035863
0.035789
0.035730
0.035721
0.035800
0.035787
0.035794
0.046855
0.035862
0.035884
0.035974
0.035797
0.035895
0.035873
0.035895
0.035890
0.036098
0.048462
0.036449
0.036163
0.036085
0.036062
0.036117
0.036117
0.036145
0.036183
0.036124
0.047101
0.036404
0.036181
0.036184
0.036161
0.036101
0.036174
0.036176
0.036126
0.036093
0.047146
0.036156
0.036235
0.036151
0.036067
0.036207
