1.835086
0.037341
0.038281
0.038034
0.037301
0.037304
0.036838
0.036929
0.036730
0.036812
0.047427
0.036871
0.036950
0.036911
0.036803
0.036871
0.037077
0.036873
0.036987
0.036982
0.047196
0.036865
0.036697
0.036748
0.036611
0.036885
0.038538
0.036781
0.047277
0.036789
0.046975
0.036775
0.036838
0.037056
0.036776
0.036669
0.037401
0.036773
0.036826
0.036695
0.047379
0.037037
0.036824
0.036798
0.036812
0.036793
0.037058
0.036728
0.036760
0.037768
0.047415
0.036750
0.036671
0.036766
0.036771
0.036757
0.036772
0.036873
0.036781
0.036799
0.047232
0.036788
0.036786
0.036701
0.036892
0.036893
0.036885
0.036869
0.036860
0.037084
0.047331
0.037023
0.036951
0.037104
0.036982
0.036998
0.037119
0.040666
0.037281
0.037157
0.047654
0.037058
0.036909
0.036772
0.036896
0.036815
0.036845
0.037006
0.036900
0.037357
0.047086
0.036880
0.036788
0.036700
0.036720
0.036703
0.036740
0.036798
0.036976
0.036681
0.047193
0.037126
0.036831
0.036892
0.036772
