496.000000,419.000000,536.000000,419.000000,536.000000,461.000000,496.000000,461.000000
519.650004,393.081413,546.403387,425.458202,508.293207,456.949163,481.539824,424.572373
525.846904,381.983005,544.318204,420.666423,501.475279,441.123885,483.003978,402.440467
548.393930,391.501679,529.581719,430.827444,488.508143,411.179135,507.320353,371.853370
549.852497,394.166994,520.555555,425.084896,487.505383,393.767475,516.802326,362.849572
546.930671,402.638703,506.976036,418.971597,490.066687,377.606798,530.021323,361.273904
531.209334,358.435290,549.725535,397.622089,509.658135,416.554385,491.141933,377.367586
551.366644,392.978582,517.097217,419.529746,490.546053,385.260318,524.815481,358.709154
503.090758,371.525139,545.354283,375.156807,541.602889,418.813635,499.339365,415.181966
512.739068,374.052237,551.942146,391.457632,533.580410,432.814726,494.377332,415.409331
563.558022,427.226632,530.355990,455.848555,489.423562,408.366079,522.625595,379.744156
566.199632,448.622750,529.364817,471.840698,497.967819,422.029982,534.802634,398.812033
550.083186,419.886460,558.346437,463.681429,511.496005,472.521186,503.232754,428.726217
537.799998,405.055034,566.453529,431.404474,529.421884,471.674301,500.768353,445.324861
561.794821,428.856561,517.661382,443.201582,502.678804,397.106658,546.812243,382.761636
566.085763,422.672870,527.679067,439.875562,500.369793,378.904932,538.776489,361.702240
562.874295,383.831967,524.136020,408.308195,497.300637,365.836111,536.038911,341.359882
560.749815,382.916764,520.330255,396.400755,502.351601,342.508008,542.771161,329.024017
570.888172,359.817448,535.739223,389.216276,497.131124,343.056813,532.280073,313.657985
561.651337,339.169320,532.051956,361.387501,504.932705,325.258845,534.532086,303.040664
513.631794,299.121742,554.752147,307.556688,545.692390,351.722994,504.572036,343.288047
557.648122,306.841231,545.812424,346.968054,503.797280,334.575381,515.632978,294.448559
551.113666,297.815728,551.606383,337.901241,509.656427,338.416875,509.163710,298.331361
556.494278,307.122042,546.590367,344.571556,505.616193,333.735512,515.520104,296.285998
547.772454,302.090419,556.011325,341.767490,515.462230,350.187435,507.223359,310.510364
560.985099,345.550302,522.201341,363.057441,504.325631,323.457183,543.109389,305.950044
514.698732,321.662492,556.787429,328.533353,548.871003,377.026851,506.782306,370.155991
553.358713,382.526857,512.456041,383.067880,511.844169,336.808906,552.746841,336.267882
524.908746,346.414219,563.273473,366.617761,541.049577,408.818961,502.684850,388.615419
556.581349,415.772463,515.474791,418.090694,513.047466,375.049710,554.154024,372.731478
517.562737,398.429328,557.332178,401.328850,554.132705,445.212370,514.363264,442.312848
531.604931,423.371912,564.500428,442.950992,542.357421,480.154233,509.461924,460.575153
568.695929,472.363567,530.920305,491.140353,507.884866,444.797063,545.660489,426.020276
570.257797,437.386628,533.188752,459.753564,509.644609,420.733517,546.713653,398.366581
574.793139,401.866868,549.503739,439.349479,511.248291,413.538648,536.537691,376.056037
565.969514,368.821817,566.121442,411.009044,521.590481,411.169412,521.438553,368.982186
573.469813,395.839777,530.363545,403.804641,521.970463,358.380832,565.076731,350.415968
579.437896,380.393219,537.810782,397.555030,519.517423,353.183270,561.144537,336.021459
538.171642,329.470160,579.534384,343.652398,564.211047,388.343176,522.848305,374.160939
573.885824,328.252507,577.595656,370.945794,534.417218,374.697783,530.707386,332.004496
564.224226,316.993680,589.292043,352.084564,549.242665,380.694573,524.174847,345.603689
553.657038,320.026935,589.098680,345.810545,563.315070,381.252188,527.873428,355.468578
557.307628,322.889065,592.358433,347.585825,562.666822,389.725558,527.616017,365.028797
576.477985,333.850180,594.509009,368.320068,555.562511,388.692784,537.531487,354.222895
591.495984,346.716763,592.243194,390.314527,547.208141,391.086370,546.460931,347.488606
554.905084,357.221290,596.060908,363.658783,588.800014,410.078724,547.644190,403.641231
555.950383,372.998322,598.804521,379.477346,591.815911,425.702035,548.961773,419.223010
563.081809,394.043147,605.626672,402.161477,597.231582,446.156733,554.686718,438.038404
607.737616,403.248439,572.927067,431.070051,543.895820,394.745999,578.706369,366.924388
586.730765,345.543553,592.995491,389.413607,547.679171,395.884862,541.414445,352.014808
587.205516,365.804287,544.192242,370.542286,539.181945,325.056984,582.195219,320.318985
578.321700,342.297066,538.218709,347.953933,532.631680,308.346042,572.734670,302.689174
527.665661,282.555635,570.334047,286.916203,565.828126,331.006868,523.159740,326.646300
536.268876,260.337919,571.186408,287.637862,543.886466,322.555394,508.968933,295.255452
563.600347,289.244519,526.992209,310.627946,503.178847,269.859793,539.786985,248.476366
557.600177,270.491605,527.450029,301.905700,493.894065,269.699860,524.044213,238.285766
548.557355,252.423408,532.272243,293.366039,488.600103,275.995254,504.885215,235.052622
543.399398,257.753593,515.733053,292.946413,479.758171,264.665261,507.424515,229.472441
508.004435,228.950893,536.687126,262.059108,500.974894,292.997741,472.292203,259.889525
512.408870,236.100218,525.428591,278.955171,481.631771,292.261039,468.612050,249.406086
519.591576,282.648551,478.728851,300.400333,460.586919,258.639526,501.449645,240.887743
508.184266,298.846080,464.790360,306.492830,456.888718,261.652460,500.282624,254.005710
505.905877,302.762971,468.622170,323.822513,445.868181,283.538968,483.151889,262.479425
498.854309,310.891929,471.057460,341.861409,436.808858,311.121364,464.605707,280.151884
492.347545,331.514433,464.791979,362.154562,430.945324,331.715275,458.500890,301.075145
455.012069,322.433396,489.137411,353.565813,453.557506,392.566203,419.432164,361.433786
439.323924,348.800346,478.883903,370.302730,453.364590,417.253035,413.804611,395.750651
466.257974,393.894138,460.064549,439.832686,412.577510,433.430494,418.770935,387.491945
428.622257,370.713215,463.848777,393.459849,437.265361,434.628192,402.038841,411.881558
465.210728,387.412598,433.596386,422.863738,382.635371,377.418122,414.249713,341.966981
457.851542,360.617881,445.755648,406.982698,388.303592,391.994308,400.399486,345.629491
453.530226,346.866592,445.538104,394.323326,392.688559,385.423008,400.680681,337.966274
450.073952,336.867468,445.760839,388.758840,390.521636,384.167461,394.834750,332.276089
461.062390,368.184334,422.844520,403.836682,378.477153,356.276666,416.695023,320.624318
451.250382,375.949055,405.221154,396.263035,382.247010,344.206169,428.276239,323.892189
408.569142,326.656741,452.877413,342.689579,432.981242,397.674542,388.672970,381.641705
428.644547,342.555201,445.536495,384.264457,402.263141,401.789853,385.371194,360.080597
439.391829,401.255613,395.378966,409.848039,384.126980,352.212146,428.139843,343.619720
436.492440,417.603783,393.710175,422.925485,384.587257,349.584458,427.369523,344.262756
395.681350,363.038902,438.615714,370.348095,426.565424,441.131777,383.631059,433.822585
400.842466,405.026629,436.143596,429.615699,408.393074,469.455545,373.091944,444.866475
395.278383,428.745027,431.108003,441.659243,413.028101,491.820711,377.198481,478.906495
385.733984,458.921091,425.618274,460.982004,423.328370,505.297881,383.444081,503.236968
435.683362,463.562629,409.106485,495.089496,375.962857,467.149702,402.539733,435.622836
438.964574,447.093759,407.796138,478.474450,376.415447,447.306014,407.583883,415.925322
437.693538,457.124372,398.621067,469.496154,381.501974,415.430757,420.574445,403.058976
438.114230,418.998759,407.130212,445.850028,377.986761,412.221033,408.970779,385.369764
434.164482,429.827416,394.259637,436.790619,379.595951,352.755710,419.500796,345.792507
431.647495,426.727531,391.247173,429.567247,385.182100,343.280140,425.582422,340.440424
433.397251,407.633561,392.735448,415.154828,385.118974,373.978318,425.780777,366.457051
432.006804,370.490059,430.763494,410.176317,390.072520,408.901531,391.315830,369.215272
407.591912,361.821506,432.432825,381.393671,407.226249,413.385756,382.385336,393.813591
410.078630,371.358135,440.532054,386.442124,422.632387,422.580187,392.178963,407.496198
392.824845,380.538482,433.882429,381.450326,432.884200,426.397576,391.826616,425.485732
402.123412,381.867417,438.467920,386.985628,431.264513,438.137159,394.920004,433.018948
397.314065,405.176021,437.793111,406.702362,436.159028,450.038752,395.679982,448.512411
411.250403,416.269233,446.025323,437.145299,421.630819,477.781160,386.855900,456.905094
443.190300,487.463608,401.946478,491.701117,397.075778,444.294425,438.319600,440.056916
413.757038,450.787517,451.525797,465.920049,434.051326,509.533972,396.282567,494.401441
414.746607,427.480821,453.895799,437.182290,442.650914,482.559763,403.501722,472.858294
428.166164,403.290919,464.825506,426.881333,439.713130,465.905795,403.053787,442.315381
421.078580,386.278292,463.796263,393.431764,456.398923,437.605732,413.681239,430.452260
470.874345,427.228830,428.444913,432.824887,420.893607,375.570715,463.323039,369.974658
441.245200,351.003336,481.527249,370.206127,460.724225,413.845013,420.442177,394.642223
451.051627,336.998917,489.021090,359.585742,461.241891,406.283817,423.272428,383.696993
