195.190000,208.730000,230.730000,211.860000,221.270000,319.710000,185.720000,316.580000
189.555441,210.886308,226.588187,211.699168,224.178637,321.474810,187.145890,320.661950
191.862473,207.887779,227.700698,211.510220,219.132231,296.281406,183.294006,292.658964
190.774489,209.810655,226.792708,213.786401,218.046067,293.026483,182.027848,289.050737
192.093612,211.884266,229.670396,218.326389,216.046888,297.792046,178.470105,291.349923
191.074924,217.502313,229.498313,226.106601,213.580379,297.189871,175.156990,288.585583
189.902066,223.202712,226.811914,230.663022,213.632032,295.870422,176.722184,288.410111
223.744302,289.722481,184.195964,293.224926,178.730028,231.505551,218.278365,228.003106
191.078084,229.144491,228.747203,235.556450,219.177115,291.779015,181.507996,285.367057
184.976554,228.781190,230.941058,239.174937,219.591564,289.366063,173.627060,278.972315
184.196726,231.691390,228.270086,235.075939,223.729838,294.198739,179.656478,290.814191
196.100318,224.850490,230.518663,239.868362,203.486492,301.821383,169.068147,286.803510
206.741192,226.114068,239.686844,248.688122,205.666791,298.338611,172.721139,275.764557
183.894981,229.031301,224.590230,231.796135,217.497832,336.188296,176.802582,333.423462
202.571160,221.172641,239.450807,237.386536,213.259131,296.961350,176.379485,280.747455
200.346308,221.567618,236.450349,230.010695,220.368298,298.780297,184.264257,290.337220
196.053724,220.874666,238.662911,231.596654,223.426403,292.146552,180.817215,281.424565
214.804929,200.325930,255.681841,219.902569,222.710660,288.747895,181.833747,269.171256
229.713904,208.483404,258.802389,238.848166,210.309411,285.302910,181.220926,254.938148
218.516559,206.595800,264.895558,232.997413,230.997190,292.545757,184.618192,266.144144
214.819378,209.540352,260.743171,230.980966,232.638583,291.178370,186.714790,269.737756
198.094830,213.857013,258.995699,214.438549,258.305525,286.716504,197.404655,286.134968
263.799570,304.305984,201.939657,305.672303,199.905704,213.585388,261.765616,212.219068
229.319796,218.110265,275.266147,244.653845,233.607473,316.764092,187.661121,290.220511
223.374876,220.698894,264.484084,231.716052,240.769183,320.205364,199.659976,309.188205
230.359882,224.698759,265.092722,232.574571,240.102166,342.784542,205.369326,334.908730
228.564058,227.270142,263.592910,230.922516,255.468240,308.843841,220.439388,305.191467
229.669569,226.812867,267.123142,229.143889,262.164424,308.817853,224.710851,306.486832
269.221706,309.177001,232.267114,309.861858,230.765234,228.821086,267.719826,228.136229
278.055622,304.794947,238.639734,307.371337,233.527209,229.155435,272.943097,226.579044
284.378994,298.808311,246.347853,304.049726,236.031418,229.194782,274.062558,223.953368
286.082875,302.101998,248.529264,305.791082,240.799753,227.107326,278.353364,223.418241
292.278423,302.905206,255.059002,308.379089,243.140064,227.336800,280.359485,221.862918
300.175500,314.535928,265.585758,321.721062,246.425400,229.481750,281.015142,222.296616
304.739419,326.421777,264.799430,332.261028,249.353670,226.613314,289.293659,220.774063
305.836228,328.892956,262.790515,331.868564,255.422345,225.279179,298.468058,222.303571
312.486666,326.775753,271.824497,331.778399,259.010702,227.626176,299.672871,222.623530
311.298225,337.705491,273.197409,338.822533,269.933892,227.508384,308.034708,226.391341
311.415729,335.533272,274.284599,335.886791,273.260116,228.282293,310.391246,227.928774
275.751978,230.273354,318.186254,231.119323,316.056748,337.936640,273.622472,337.090671
283.064053,232.438113,328.324136,234.872799,322.794511,337.666886,277.534428,335.232201
286.325228,234.299606,332.387508,236.002605,329.265343,320.450117,283.203064,318.747118
334.102805,315.576270,289.098834,317.872242,284.957885,236.704365,329.961856,234.408393
339.385144,328.177424,292.234161,335.098619,278.278309,240.023686,325.429292,233.102491
334.278465,311.591355,288.325397,317.909773,277.553012,239.563558,323.506080,233.245140
334.985199,320.897095,301.812761,327.900419,283.037893,238.970052,316.210331,231.966729
330.884038,319.701631,288.027168,324.709253,277.693979,236.274440,320.550849,231.266818
329.743099,323.854888,288.620003,329.317888,276.212512,235.919671,317.335608,230.456671
333.492199,324.914885,291.077468,333.158103,272.564013,237.898788,314.978745,229.655571
340.780333,331.415653,300.301916,343.666481,269.463623,241.772534,309.942040,229.521706
343.100071,337.277245,303.086532,350.396547,267.306615,241.268712,307.320155,228.149409
334.794213,330.148361,293.451752,340.621665,266.972077,236.095442,308.314538,225.622138
337.549597,317.116856,306.140976,328.357248,273.222684,236.374858,304.631305,225.134465
339.533856,323.342330,297.535105,338.223767,262.223219,238.565715,304.221970,223.684278
346.857201,326.360723,309.218326,340.970846,268.825633,236.910427,306.464508,222.300304
337.375293,329.559144,296.740007,342.045496,264.463965,237.007112,305.099252,224.520761
344.743732,323.149558,292.933769,338.372164,263.202116,237.180830,315.012080,221.958224
328.806592,318.546969,291.846880,330.395589,261.967750,237.192836,298.927463,225.344216
320.941609,319.101116,283.053396,325.937292,266.817478,235.952786,304.705691,229.116610
322.860843,316.171795,278.514779,327.544984,256.716167,242.548361,301.062232,231.175172
315.422778,319.601890,270.306797,326.292433,257.775304,241.789485,302.891285,235.098942
314.311839,315.273498,266.110145,324.367647,250.730334,242.850075,298.932029,233.755927
311.516589,315.193773,263.000137,326.867155,243.660654,246.489152,292.177106,234.815771
307.825079,319.770722,260.624933,329.160173,243.410940,242.626571,290.611086,233.237120
306.803792,316.787787,261.978849,331.464942,234.229852,246.717784,279.054796,232.040628
302.354040,321.256693,262.434114,334.756021,231.944255,244.592051,271.864180,231.092724
298.306749,321.574770,259.101013,336.912062,223.747254,246.539518,262.952990,231.202225
295.014638,321.735913,260.049270,337.924807,218.377859,247.921360,253.343227,231.732466
297.649653,322.906983,263.977607,343.617199,213.519988,261.579852,247.192034,240.869635
296.437979,325.077495,264.770168,345.682655,212.068509,264.686139,243.736320,244.080979
279.598476,295.431416,246.746486,320.139985,196.880103,253.838696,229.732093,229.130127
271.489999,324.622907,238.226508,336.783517,202.960738,240.319394,236.224229,228.158783
265.866089,316.476878,231.166338,331.539888,192.114088,241.577570,226.813840,226.514559
254.615891,305.501009,213.673833,323.834350,177.284928,242.570568,218.226987,224.237227
245.863350,305.317745,204.009511,321.265042,172.621181,238.886057,214.475020,222.938760
237.466909,308.530093,196.152052,321.180890,170.228288,236.519298,211.543145,223.868501
231.689997,339.309134,188.227189,345.785702,171.541791,233.813723,215.004599,227.337154
222.505391,340.443133,184.647302,346.119328,167.850397,234.090289,205.708486,228.414094
219.130110,331.968680,184.401913,339.911788,160.738069,236.450702,195.466266,228.507593
216.946841,334.453061,188.639619,343.243274,155.571676,236.754201,183.878898,227.963989
208.054238,314.235254,176.727837,325.001972,146.222134,236.243836,177.548535,225.477118
199.741085,312.933746,164.153736,322.259821,140.564250,232.244761,176.151599,222.918686
199.634847,321.625007,164.801416,332.317224,133.935206,231.760338,168.768637,221.068122
192.150078,309.636524,157.520548,319.719937,131.102007,228.990567,165.731538,218.907155
185.542054,317.436826,144.394655,323.296259,130.105861,222.954356,171.253260,217.094923
189.003922,285.871523,164.228809,301.262696,120.363966,230.653623,145.139079,215.262450
172.388588,332.310643,134.343022,334.326951,128.294099,220.190251,166.339666,218.173944
178.631236,288.365773,152.411189,301.140888,116.002112,226.413752,142.222160,213.638638
166.864291,328.444745,133.116667,332.078657,121.102510,220.504879,154.850134,216.870968
166.331682,328.505361,136.286106,333.840787,116.341776,221.527564,146.387351,216.192138
171.738660,325.596711,138.245608,335.845568,104.424380,225.318496,137.917432,215.069640
168.906716,329.548188,135.994541,339.102178,102.453938,223.559435,135.366113,214.005445
171.391122,327.867333,136.373966,340.774869,93.855024,225.424236,128.872180,212.516700
161.669661,312.032982,118.933512,321.577798,95.992465,218.861087,138.728614,209.316272
164.240956,312.846545,115.882889,322.218283,95.265064,215.830537,143.623130,206.458798
106.461961,212.875909,179.772224,213.448646,178.919344,322.617189,105.609081,322.044453
170.467788,303.554580,112.508180,322.647610,81.383927,228.165509,139.343535,209.072480
174.536367,298.339658,112.018965,321.581571,75.932836,224.515079,138.450238,201.273165
149.523604,322.032634,110.886845,324.551050,103.331596,208.640771,141.968356,206.122355
150.872082,318.806978,115.058684,322.283816,104.204168,210.476136,140.017566,206.999299
153.530855,319.159379,112.153177,324.058247,98.632301,209.855857,140.009979,204.956989
169.155685,315.067849,127.794988,327.054157,95.228415,214.677921,136.589112,202.691613
177.365725,312.199003,138.867180,326.300846,97.443016,213.211368,135.941562,199.109525
179.678871,314.494969,140.131950,327.877927,99.425455,207.589375,138.972376,194.206418
166.784927,299.965191,124.470612,306.161756,109.039949,200.790814,151.354264,194.594249
161.245138,304.109210,116.856211,305.146332,114.329404,196.998764,158.718331,195.961641
119.854382,195.458797,163.594502,196.503897,161.050768,302.965699,117.310647,301.920599
124.797244,194.276637,166.956769,196.789969,160.460043,305.768365,118.300518,303.255033
167.558238,299.404002,127.719808,300.055077,126.009141,195.381555,165.847571,194.730480
167.580942,305.570986,130.448631,305.763930,129.877672,195.882601,167.009984,195.689657
170.951725,304.510659,136.942253,305.389818,134.075431,194.489366,168.084903,193.610207
187.137900,299.042550,151.473666,306.277188,129.202330,196.487291,164.866564,189.252653
192.205118,300.789407,156.962817,309.051936,130.522722,196.276573,165.765023,188.014044
198.119091,292.708812,159.822407,303.863101,128.253665,195.476257,166.550350,184.321969
200.707796,286.170532,157.447710,298.600439,127.658796,194.925406,170.918881,182.495499
209.501519,283.761653,158.341602,297.535938,130.157295,192.854877,181.317212,179.080592
213.364676,276.849459,157.659063,290.708146,132.630688,190.105472,188.336301,176.246785
220.737069,275.845066,158.239426,292.533901,131.815436,193.579299,194.313079,176.890464
165.082805,184.183176,203.777712,186.390477,197.532666,295.868751,158.837758,293.661450
235.739164,273.296018,172.714383,291.445180,144.620473,193.886272,207.645255,175.737109
236.145510,275.459648,182.509472,293.417706,149.287065,194.191036,202.923102,176.232977
232.827051,280.454499,189.396658,294.637187,155.747535,191.596451,199.177928,177.413763
235.118380,287.136149,196.896821,299.009984,162.538489,188.411430,200.760049,176.537595
241.280445,283.853569,201.758963,297.050675,164.807066,186.390527,204.328548,173.193421
246.526841,285.734767,206.077699,299.698779,166.333974,184.574296,206.783117,170.610285
247.077986,284.295499,204.016065,296.857382,170.359701,181.483934,213.421622,168.922052
241.594665,274.288043,196.322807,283.091117,175.835655,177.731157,221.107512,168.928084
242.927574,270.359749,194.299537,279.269318,176.003100,179.408171,224.631137,170.498601
244.211833,265.294981,196.756346,272.974955,181.248704,177.151374,228.704192,169.471400
249.646672,266.629484,203.959947,276.319949,183.590195,180.284590,229.276920,170.594125
256.118599,269.777247,210.071382,279.798195,188.102381,178.848526,234.149599,168.827578
254.603447,271.973794,215.992368,280.453436,193.134204,176.371397,231.745283,167.891756
251.043031,276.016993,214.708105,281.829317,197.400295,173.631980,233.735222,167.819656
250.809291,278.920507,213.167312,284.311360,197.104770,172.153628,234.746748,166.762775
257.791632,275.972520,215.915604,284.546638,193.149843,173.358563,235.025871,164.784446
262.264768,272.052796,218.015852,283.205690,189.850068,171.458429,234.098984,160.305535
261.471179,260.888505,212.141527,271.097619,191.229308,170.051396,240.558960,159.842281
261.360860,250.424555,211.319087,261.487261,191.406215,171.412070,241.447988,160.349364
262.179546,250.158885,211.489793,261.570169,191.421672,172.426122,242.111425,161.014837
265.657680,244.479723,213.799473,258.110877,192.177642,175.853030,244.035849,162.221876
267.058598,244.996985,216.593408,259.640711,191.930291,174.646708,242.395480,160.002982
269.181448,245.675485,222.601712,261.291171,194.209555,176.600742,240.789291,160.985055
267.497443,249.135361,226.550497,260.323445,202.160475,171.059102,243.107421,159.871018
269.027056,260.447307,229.593600,269.067175,207.354339,167.328859,246.787795,158.708990
270.908778,267.668766,234.115711,274.996276,212.731348,167.620592,249.524414,160.293083
272.830560,261.560054,237.838276,268.244415,218.620738,167.641599,253.613022,160.957238
276.577875,257.078182,242.208288,264.765302,220.872607,169.372162,255.242194,161.685042
273.628994,256.589448,238.046695,262.486871,222.713396,169.972894,258.295694,164.075471
274.368007,256.107893,238.333312,261.440170,223.772095,163.037735,259.806790,157.705458
273.970274,266.165256,239.533977,269.898068,227.938434,162.925738,262.374731,159.192927
269.477115,255.911127,233.858021,256.559809,232.155230,163.059688,267.774324,162.411006
235.180150,161.208710,271.690197,163.166479,266.193384,265.675458,229.683337,263.717689
242.354023,160.573802,277.601751,165.524837,264.010675,262.283305,228.762947,257.332270
240.971647,161.798953,278.424621,167.000866,265.940031,256.888003,228.487057,251.686091
241.178493,165.736477,280.233001,171.105805,268.383450,257.295063,229.328943,251.925735
237.726769,158.812941,279.197874,160.558209,275.236393,254.691034,233.765288,252.945767
239.864870,171.025317,280.653855,173.594095,275.690453,252.406709,234.901469,249.837931
287.274111,246.698917,240.271590,251.293620,231.859749,165.242852,278.862269,160.648149
290.892366,242.740938,242.339708,247.969120,233.190390,163.001969,281.743048,157.773787
294.750733,246.502409,246.322960,253.474518,233.978899,167.733543,282.406672,160.761435
302.061105,247.909548,248.604884,259.386968,230.417588,174.679419,283.873809,163.201999
301.446395,245.825083,254.035610,257.953412,232.079152,172.123543,279.489937,159.995214
297.200162,248.879909,256.679582,254.483826,244.812465,168.675538,285.333045,163.071622
300.327006,250.113524,261.887713,256.173642,247.390960,164.220824,285.830253,158.160706
302.010563,255.564386,264.592761,259.701636,253.772261,161.839692,291.190063,157.702442
301.733717,257.110104,264.278737,259.659847,257.591676,161.428861,295.046656,158.879118
303.037531,253.808656,268.582478,255.668420,263.412331,159.883373,297.867384,158.023608
268.178475,158.449654,302.573951,158.606504,302.124515,257.162771,267.729039,257.005920
272.064822,159.609490,306.190443,160.310102,304.225981,255.995668,270.100359,255.295056
274.058858,160.016851,309.764161,161.751112,305.215814,255.393321,269.510512,253.659060
275.114646,160.715032,312.096597,162.817504,306.840414,255.272381,269.858464,253.169908
279.724039,160.082561,317.880789,165.328105,304.857368,260.062107,266.700618,254.816563
279.489969,161.506919,319.163029,166.184990,308.300388,258.307180,268.627328,253.629109
280.838292,160.832655,322.932690,166.419607,310.767553,258.076764,268.673155,252.489812
278.611661,160.034648,322.520392,164.476326,313.002511,258.566463,269.093780,254.124785
275.430229,159.082331,323.125904,162.347247,316.937182,252.755467,269.241507,249.490551
271.967018,159.544374,327.403033,162.208632,323.190624,249.857466,267.754609,247.193208
326.557215,160.168294,329.729116,248.981463,265.280622,251.283197,262.108721,162.470028
323.167483,157.485175,327.803571,239.080136,269.285972,242.405007,264.649884,160.810046
331.066528,158.618835,331.066528,241.001648,270.363403,241.001648,270.363403,158.618835
326.931952,158.741772,329.190448,238.918302,273.613536,240.483850,271.355039,160.307321
327.424343,241.311935,277.748745,248.351256,265.893047,164.687092,315.568645,157.647771
326.162660,247.546486,282.287200,253.698673,269.518512,162.636398,313.393971,156.484212
324.448899,253.180645,286.643511,258.106931,273.814640,159.655401,311.620027,154.729115
320.075109,253.446689,285.448982,256.252043,276.849962,150.115438,311.476088,147.310084
318.174853,252.348709,284.601382,254.744648,277.311609,152.595578,310.885080,150.199638
316.350836,251.997538,282.964941,253.758256,277.646853,152.919226,311.032748,151.158507
315.445750,250.574530,282.512944,251.382169,280.090027,152.583749,313.022834,151.776110
281.528646,152.233642,315.112685,153.318695,311.963905,250.778258,278.379866,249.693206
282.446986,146.312887,317.565824,148.821662,310.521957,247.424553,275.403119,244.915779
284.973157,144.371755,320.147206,149.506596,305.050772,252.918300,269.876723,247.783459
283.234406,158.409227,318.753517,163.523503,305.726588,253.996713,270.207476,248.882437
283.733536,161.964373,318.670883,166.989425,306.480478,251.744842,271.543131,246.719789
286.732024,160.817498,322.708312,166.596605,309.405461,249.409948,273.429173,243.630841
286.636528,161.259789,322.976505,166.990510,309.492456,252.496340,273.152478,246.765618
280.200249,160.135442,321.477628,165.912492,308.032857,261.976211,266.755478,256.199161
282.382285,159.119265,324.385921,165.387379,309.876397,262.618019,267.872760,256.349904
286.774435,160.504935,322.404131,166.274130,306.634997,263.661964,271.005302,257.892769
290.483082,160.733449,333.031729,168.997422,314.184071,266.038198,271.635424,257.774225
292.650380,157.613674,324.012778,164.099607,303.649966,262.562950,272.287568,256.077017
291.164014,155.311273,319.091134,159.465297,304.072742,260.432576,276.145622,256.278553
291.631865,152.755842,318.225167,156.217895,304.832489,259.091981,278.239187,255.629928
291.996161,149.308213,321.309132,153.141115,307.458419,259.067533,278.145448,255.234631
292.548991,151.307003,321.516034,155.690759,306.026763,258.040977,277.059720,253.657221
290.964074,153.535055,321.643440,157.739659,307.598273,260.221796,276.918908,256.017192
290.810920,153.085970,325.064895,158.419165,308.757624,263.157281,274.503649,257.824086
290.034466,156.487314,327.355361,162.661275,310.205468,266.330429,272.884573,260.156468
287.185867,156.386874,327.832705,162.639890,311.641861,267.886166,270.995023,261.633150
288.413332,157.575677,329.549440,163.936592,313.411564,268.300422,272.275456,261.939507
285.146657,157.808415,327.706301,163.126533,314.411006,269.525644,271.851361,264.207526
284.258371,158.398391,326.211237,162.085551,316.922430,267.774503,274.969564,264.087342
284.552420,159.507571,323.427268,162.629456,314.907126,268.725396,276.032277,265.603512
284.342119,160.052045,319.229444,161.923790,313.527153,268.208432,278.639827,266.336688
282.131842,161.025783,316.945589,161.931287,314.208018,267.182149,279.394271,266.276645
281.539873,162.379121,316.801748,163.282189,314.112612,268.284218,278.850736,267.381150
281.712818,160.886513,313.754612,161.457133,311.866129,267.500215,279.824335,266.929594
280.170576,161.333025,312.024547,161.444539,311.651987,267.865762,279.798016,267.754248
281.130055,159.985731,312.746258,160.731598,310.184366,269.326383,278.568162,268.580516
282.648022,159.535526,313.335868,160.969991,308.147375,271.968584,277.459529,270.534119
281.769817,158.514162,313.589954,160.383528,306.930337,273.742765,275.110201,271.873399
283.381398,159.052198,314.811869,161.143979,307.054846,277.698639,275.624376,275.606858
283.916689,159.597231,313.958411,161.727942,305.530265,280.559642,275.488543,278.428930
282.883341,160.585588,313.590701,163.221817,303.338700,282.639328,272.631340,280.003099
281.844469,164.025020,313.421639,167.231803,301.396200,285.646192,269.819030,282.439409
278.675044,164.931766,311.741253,168.218616,300.013174,286.204860,266.946965,282.918009
278.005521,163.727157,310.243794,166.699421,299.062420,287.976736,266.824147,285.004472
277.232608,166.230092,308.394957,168.568992,299.507138,286.985921,268.344788,284.647021
275.508718,168.930372,307.051129,170.905128,299.778246,287.073520,268.235835,285.098763
272.798669,169.336932,303.740012,170.190885,300.547855,285.852572,269.606512,284.998619
301.254384,284.102355,271.832734,284.217262,271.384047,169.332722,300.805697,169.217814
268.318174,167.773561,296.984834,167.793598,296.903757,283.793569,268.237097,283.773533
294.168168,283.424640,266.848548,283.849056,265.032443,166.946495,292.352063,166.522079
292.764000,285.113876,264.577929,285.397681,263.378211,166.247470,291.564282,165.963666
261.565005,166.323610,291.089994,166.931666,288.671282,284.375512,259.146293,283.767456
259.680181,165.933314,289.204587,166.569059,286.576842,288.603271,257.052436,287.967526
258.733151,167.942498,286.892382,169.204586,281.443855,290.770047,253.284624,289.507959
258.563663,168.335849,287.124578,170.539921,277.707179,292.572919,249.146265,290.368847
257.796750,170.370622,286.964129,173.122154,275.346551,296.273307,246.179173,293.521775
257.556575,168.317082,287.114077,172.045017,271.185627,298.336160,241.628125,294.608225
255.620204,175.938640,286.731844,180.230310,271.091090,293.614952,239.979451,289.323281
253.419450,177.095412,286.268560,181.692856,269.639507,300.508786,236.790396,295.911342
248.905215,178.268195,285.528707,183.384703,268.848892,302.777284,232.225401,297.660777
275.611326,283.437839,243.019534,285.488641,236.447648,181.046763,269.039439,178.995962
272.345650,281.302420,239.230711,283.200129,233.497208,183.150737,266.612147,181.253028
233.981874,181.506029,271.342093,183.361174,265.433113,302.360391,228.072894,300.505246
229.150651,183.817009,265.477044,184.171703,264.320742,302.595745,227.994349,302.241051
228.779227,183.273224,265.388453,184.348055,261.895250,303.328037,225.286025,302.253205
263.174018,301.676217,229.622953,303.023984,224.745321,181.601080,258.296387,180.253313
264.318001,299.816517,229.212935,301.807113,222.407873,181.796771,257.512939,179.806174
263.664918,299.643531,228.384690,302.369922,219.000832,180.940300,254.281060,178.213909
265.624050,298.684435,227.055527,302.430301,215.115580,179.493133,253.684104,175.747267
265.799220,300.108979,223.038330,303.442447,213.346580,179.119119,256.107470,175.785651
256.066702,303.060197,217.052717,304.662516,211.820656,177.269912,250.834641,175.667593
269.164996,301.798323,220.165632,306.440272,208.251295,180.675239,257.250659,176.033289
250.126420,307.827101,213.061870,308.029664,212.355256,178.734719,249.419807,178.532157
213.343309,180.240627,252.182702,183.413177,241.632129,312.576738,202.792737,309.404188
212.963768,182.063629,252.247563,186.479868,237.942789,313.725205,198.658994,309.308966
210.280307,183.041937,251.173170,187.597526,237.050842,314.365400,196.157979,309.809810
207.556734,184.715173,250.930817,189.289103,237.813130,313.682699,194.439047,309.108769
203.031428,185.420026,249.434770,189.072608,239.694551,312.814855,193.291208,309.162273
197.787468,186.852111,245.308393,188.573255,240.833417,312.127659,193.312492,310.406515
244.923972,302.961765,195.505836,304.345305,192.294047,189.624630,241.712183,188.241091
245.962010,302.238213,196.568825,306.516508,186.661194,192.132292,236.054379,187.853997
247.292313,302.961032,198.024948,308.503350,184.898406,191.817487,234.165770,186.275169
245.043457,301.595957,198.018568,307.514137,183.328801,190.791645,230.353689,184.873465
241.890081,300.530073,195.134278,306.248239,181.043083,191.028582,227.798886,185.310416
241.801130,298.699695,198.716177,304.160880,184.260100,190.112473,227.345054,184.651289
238.401827,300.215651,193.798126,304.973778,181.229489,187.152682,225.833189,182.394555
237.646942,302.088173,197.128252,306.423877,184.211468,185.711949,224.730157,181.376245
237.240471,303.581698,195.744117,307.345168,184.604246,184.515959,226.100601,180.752490
234.280275,308.186690,188.084390,310.678136,181.244238,183.849434,227.440123,181.357987
234.027060,309.208234,187.531877,311.401298,181.480644,183.109034,227.975827,180.915970
231.550150,308.452437,185.009271,309.199510,182.975571,182.504894,229.516450,181.757821
185.803456,184.485702,232.065821,185.034937,230.560509,311.828085,184.298145,311.278850
234.723036,309.005777,184.599605,310.504533,180.852717,185.195955,230.976148,183.697200
238.841627,305.344177,191.199036,307.586135,185.492233,186.314086,233.134824,184.072128
241.520235,303.155068,193.327635,306.840780,184.176904,187.190188,232.369504,183.504477
243.524729,299.869406,188.573924,304.248290,179.190600,186.496565,234.141405,182.117680
235.825252,301.091676,185.267823,301.591055,184.096553,183.010902,234.653982,182.511523
240.514513,297.865776,187.097119,305.987232,158.030854,114.809193,211.448247,106.687736
239.121603,299.489434,189.754221,306.550431,162.357552,115.004988,211.724934,107.943991
236.689231,296.828765,188.774969,301.650371,169.802997,113.118165,217.717259,108.296559
234.538267,292.193905,184.236542,295.747383,171.232325,111.664475,221.534050,108.110997
232.106690,295.136847,181.494067,296.256241,177.364746,109.551899,227.977369,108.432505
185.967880,107.540622,232.064056,108.643810,227.509872,298.938280,181.413696,297.835092
190.413602,105.975838,234.992043,108.013780,226.104354,302.425315,181.525913,300.387374
195.580883,104.702886,243.063440,108.029695,228.587324,314.642982,181.104768,311.316173
204.668156,102.932269,251.970666,108.532036,228.279343,308.658039,180.976834,303.058272
210.849504,100.276378,258.992843,108.139540,225.855234,311.029324,177.711895,303.166162
213.253604,99.787467,263.634413,108.970831,229.145778,298.178759,178.764969,288.995395
219.384004,98.006504,269.833797,109.214026,227.245214,300.923237,176.795422,289.715715
213.010917,94.298926,277.781347,113.373894,224.303312,294.962420,159.532882,275.887452
215.727515,92.502087,282.327163,113.236422,227.663916,288.817312,161.064268,268.082977
212.741263,90.803111,280.483039,110.433234,226.777987,295.764507,159.036211,276.134384
229.213672,92.005459,287.549444,117.455996,206.865828,302.392805,148.530056,276.942268
221.760089,92.055855,290.357562,115.881107,228.411908,294.234537,159.814435,270.409285
241.130879,292.700470,180.083196,294.455922,176.931363,184.847583,237.979046,183.092131
241.054556,286.748031,177.811809,287.705840,176.255370,184.936376,239.498117,183.978567
175.958937,183.925659,236.057940,185.693558,232.853623,294.623001,172.754620,292.855102
172.357255,184.386707,230.594568,187.397813,223.589138,322.888704,165.351826,319.877598
171.198790,189.499233,252.363732,195.342408,242.868574,327.235440,161.703631,321.392265
181.846131,186.552818,241.269531,203.276185,204.478124,334.007666,145.054724,317.284299
176.038007,188.541541,233.314024,199.855720,207.056590,332.779307,149.780573,321.465129
167.803477,182.095544,225.256370,187.292925,212.362867,329.820293,154.909975,324.622912
166.202528,188.520383,221.764649,193.218767,210.240313,329.503214,154.678192,324.804831
165.768524,181.529998,217.031436,185.366197,206.175810,330.429330,154.912899,326.593131
159.302295,182.796132,209.957678,184.088838,206.299595,327.432795,155.644212,326.140089
162.385066,182.775583,207.409625,185.823494,197.698840,329.273832,152.674281,326.225922
165.484464,184.694603,209.509676,190.866520,189.845663,331.132893,145.820451,324.960977
165.805076,179.274708,208.006737,186.197024,184.273081,330.888434,142.071419,323.966118
163.391711,186.058000,202.382666,192.880437,178.333574,330.323556,139.342619,323.501118
161.826693,190.922835,197.076102,196.726316,175.236685,329.375406,139.987277,323.571925
158.233722,192.579171,191.881752,197.042082,173.912663,332.519674,140.264634,328.056763
154.314679,194.169123,184.730669,197.158096,171.529373,331.495385,141.113383,328.506412
150.235421,195.004692,181.573503,198.036270,168.669862,331.424005,137.331780,328.392427
148.724110,194.456047,180.375781,198.133468,164.891906,331.403660,133.240235,327.726239
147.142882,193.300811,180.352211,197.288740,164.295551,330.999987,131.086221,327.012058
142.445398,195.629187,179.339162,200.037935,163.747247,330.515882,126.853483,326.107134
138.363549,196.348497,178.212547,200.724394,163.965440,330.465320,124.116441,326.089423
137.229538,196.975835,177.682407,201.339093,163.553762,332.329336,123.100892,327.966078
134.109694,199.639041,176.247301,203.650552,163.932894,333.003207,121.795287,328.991696
130.303010,199.585701,172.559112,202.053898,164.982320,331.770304,122.726218,329.302107
128.767143,202.232220,171.288530,203.848206,166.402990,332.401238,123.881603,330.785252
126.455937,201.525645,170.384915,202.723715,166.790706,334.510649,122.861728,333.312579
124.552522,202.149191,168.260655,202.644368,166.786128,332.797474,123.077996,332.302297
125.122750,202.576741,168.716486,202.611624,168.610288,335.330331,125.016552,335.295449
169.021050,335.646468,125.544811,335.814194,125.030452,202.487061,168.506691,202.319335
125.731108,202.360918,168.621722,202.391272,168.527962,334.875614,125.637348,334.845260
127.144525,202.959014,170.227399,203.157910,169.622246,334.239847,126.539371,334.040950
128.263489,203.173349,170.363702,203.750335,168.559084,335.425470,126.458871,334.848483
129.549873,203.705349,172.027910,204.801865,168.604095,337.437369,126.126057,336.340853
132.277510,203.959193,174.097806,205.642670,168.703807,339.638313,126.883511,337.954836
134.739811,204.088513,173.627113,205.959627,167.159563,340.374433,128.272261,338.503318
135.576185,204.497096,174.432871,206.922237,166.050317,341.231216,127.193631,338.806075
137.788213,205.828775,176.873054,208.438557,167.909018,342.686491,128.824177,340.076708
138.274275,206.360993,176.637523,208.749004,168.306018,342.594114,129.942769,340.206103
139.159950,207.211560,177.028275,209.321930,169.594015,342.721709,131.725691,340.611339
140.450037,207.389313,178.948102,209.478065,171.799928,341.227000,133.301862,339.138248
140.919779,209.016391,177.174579,210.401524,172.246083,339.401161,135.991283,338.016028
142.724412,209.364944,179.127285,210.953105,173.532629,339.190498,137.129756,337.602338
143.165728,206.716674,184.085405,208.554710,178.233697,338.829602,137.314019,336.991566
142.763970,208.630382,178.295911,209.660663,174.591804,337.406452,139.059863,336.376170
143.860616,210.031419,183.267971,211.358301,179.070690,336.014220,139.663335,334.687338
144.498344,209.021474,180.755027,210.356394,176.098331,336.833196,139.841648,335.498277
146.061465,209.439502,182.588112,211.058288,177.012296,336.872294,140.485649,335.253509
146.178022,210.884411,182.228206,212.657269,176.144080,336.374945,140.093896,334.602087
146.623265,209.573130,183.723239,211.470055,177.315847,336.785524,140.215873,334.888598
145.506329,208.505024,182.548560,209.806956,178.097769,336.439701,141.055537,335.137769
144.283351,210.974730,181.229045,211.715778,178.661229,339.736903,141.715535,338.995856
143.122101,208.253435,180.296596,208.692091,178.776604,337.506040,141.602108,337.067384
144.655390,210.675533,188.152170,211.864290,184.610157,341.466940,141.113377,340.278182
144.285207,211.367232,188.048292,212.038298,186.076179,340.648179,142.313095,339.977113
184.760754,340.874651,143.928031,342.026241,140.323054,214.202066,181.155777,213.050476
185.346678,341.764481,145.255492,343.533781,139.601424,215.416296,179.692611,213.646995
185.281277,340.861564,146.105985,343.405632,137.795362,215.433009,176.970654,212.888941
185.304719,341.549090,144.626685,344.097974,136.437715,213.408971,177.115750,210.860086
182.804475,341.675465,143.387676,344.114496,135.040767,209.221453,174.457566,206.782421
179.870115,340.003276,143.757325,342.559185,134.324802,209.285795,170.437591,206.729885
180.205468,341.920913,144.096426,344.529245,134.346235,209.550209,170.455276,206.941878
178.166126,343.638983,142.562491,345.575313,135.139893,209.094714,170.743527,207.158384
176.010519,343.565836,140.150508,344.602760,136.205141,208.159790,172.065152,207.122866
173.090062,342.145448,138.458476,342.436965,137.314834,206.574591,171.946420,206.283074
172.397050,341.731326,138.069059,341.827492,137.694259,208.036350,172.022249,207.940184
173.708003,343.199999,137.728371,343.592271,136.264526,209.326813,172.244159,208.934541
175.629687,343.893027,139.801512,344.501010,137.521573,210.145354,173.349748,209.537370
175.833941,344.409364,139.213707,344.807323,137.757759,210.830859,174.377993,210.432899
173.483502,344.784171,139.108505,344.796456,139.060284,209.874590,173.435282,209.862305
138.485000,210.823688,173.534284,210.940585,173.088445,344.616925,138.039161,344.500028
140.675234,210.421665,176.059598,211.087371,173.559501,343.975314,138.175138,343.309607
175.263514,344.523484,141.347072,344.646688,140.865457,212.064229,174.781900,211.941026
176.817681,346.850897,143.449814,347.209308,142.057845,217.617825,175.425712,217.259414
178.483857,348.454171,144.558458,348.993599,142.400747,213.292002,176.326146,212.752574
178.789551,346.319168,145.269430,346.949199,142.780039,214.503842,176.300160,213.873811
180.821251,348.800899,147.295474,349.833220,143.295228,219.920835,176.821005,218.888513
181.098751,348.649539,148.208872,349.687408,143.950948,214.754573,176.840827,213.716704
182.196216,347.916484,149.457880,349.119087,144.842486,223.474662,177.580822,222.272059
180.323930,348.754231,149.209422,349.454906,146.141602,213.223819,177.256110,212.523145
181.317529,347.396286,150.141127,347.848886,148.191467,213.550537,179.367869,213.097937
185.629037,348.921627,152.958031,350.370661,146.901810,213.822607,179.572817,212.373573
182.867244,347.633339,151.187111,348.316617,148.283181,213.676054,179.963313,212.992776
185.697681,348.402076,153.070198,349.947488,146.888550,219.437554,179.516034,217.892142
198.540920,348.204931,152.478119,349.893761,147.749395,220.917918,193.812196,219.229088
184.696333,349.014906,150.882838,349.693917,148.405365,226.320352,182.218860,225.641341
185.077890,349.365830,151.261957,349.910111,149.098789,215.513456,182.914721,214.969175
185.093098,350.071007,151.349749,350.383006,150.118176,217.185574,183.861525,216.873576
186.020209,349.073933,151.796387,349.507006,150.241764,226.652259,184.465587,226.219185
186.860391,348.550228,151.950726,349.104395,149.990868,225.643387,184.900533,225.089220
186.852895,349.589781,151.644711,349.692126,151.271152,221.182252,186.479336,221.079907
203.118662,351.784028,151.313975,351.792403,151.293553,225.461675,203.098240,225.453301
152.853151,226.202120,205.270080,226.922196,203.554989,351.769791,151.138060,351.049715
152.760461,223.682049,204.794306,223.711713,204.722106,350.360130,152.688260,350.330466
188.143361,351.088331,152.617435,351.178883,152.298118,225.903248,187.824044,225.812696
153.970341,223.583252,205.776865,223.865368,205.081301,351.595245,153.274777,351.313129
155.156369,220.932146,188.503378,222.298762,183.264682,350.128962,149.917673,348.762345
154.003858,220.967466,206.796907,222.400661,203.237807,353.503401,150.444757,352.070206
155.785252,225.201422,191.794378,227.013426,185.429131,353.507022,149.420005,351.695017
156.078453,220.335344,193.762359,222.336046,186.736636,354.667903,149.052730,352.667200
153.874415,225.056762,195.938393,226.895944,190.381713,353.982857,148.317735,352.143674
155.419702,228.298264,197.600713,230.259107,191.843346,354.109734,149.662335,352.148892
153.204923,224.835944,194.695229,225.231112,193.484500,352.350347,151.994194,351.955178
153.197514,224.702889,198.214528,225.463371,196.067286,352.570235,151.050272,351.809753
154.005137,225.756646,199.177588,226.699567,196.593985,350.472084,151.421533,349.529163
200.777831,347.488404,149.371772,353.047137,135.929745,228.737939,187.335804,223.179206
199.474648,345.643791,152.380117,350.979541,138.835521,231.431887,185.930052,226.096137
154.759650,228.895404,196.126087,229.422215,194.612908,348.240705,153.246471,347.713894
153.728943,224.711432,194.688384,225.061642,193.652046,346.268149,152.692606,345.917939
193.384277,347.517076,151.913439,347.723939,151.309739,226.696799,192.780577,226.489936
152.355907,218.233540,194.208832,218.555922,193.215368,347.531263,151.362443,347.208880
154.279761,218.049170,198.018609,219.036925,195.114610,347.629139,151.375762,346.641384
152.994500,217.495223,199.506408,217.816970,198.614017,346.821696,152.102109,346.499949
201.544584,346.812762,154.494964,348.019960,151.397246,227.288861,198.446866,226.081662
197.378943,347.032367,154.934897,347.605570,153.215287,220.273431,195.659334,219.700228
160.456005,215.799487,203.128268,218.376402,195.343837,347.282196,152.671574,344.705281
163.202500,217.364893,206.994530,220.381894,198.189811,348.183124,154.397781,345.166123
163.018164,231.734686,204.136130,234.462257,196.724251,346.195859,155.606285,343.468288
165.707942,218.650039,206.437916,222.090219,195.830692,347.674306,155.100718,344.234125
156.635038,232.843037,202.315459,233.647273,200.296983,348.296173,154.616562,347.491937
160.359473,233.064352,200.654768,234.241986,197.313574,348.568173,157.018278,347.390539
164.664182,232.858739,206.416690,235.847939,198.339489,348.668547,156.586980,345.679346
165.021243,232.388637,205.650727,235.236439,197.726407,348.292397,157.096922,345.444595
163.416496,217.398883,205.216425,219.905180,197.488676,348.788295,155.688747,346.281999
162.863042,217.757146,205.758436,220.129340,198.742800,346.990186,155.847405,344.617993
163.409918,219.747347,207.273124,222.345792,199.754220,349.269111,155.891014,346.670666
165.066270,217.044152,206.026755,219.268424,199.050631,347.735402,158.090145,345.511130
166.880304,216.564177,208.235662,219.332599,199.689663,346.994791,158.334305,344.226369
170.735481,217.930410,218.896864,222.471534,207.123579,347.334379,158.962196,342.793255
170.761868,216.325346,211.023275,219.952689,199.550748,347.291092,159.289341,343.663749
170.326242,215.135337,212.178169,218.434619,201.929337,348.442733,160.077410,345.143452
172.710775,216.504876,219.594770,220.629807,208.387410,348.012736,161.503416,343.887805
174.836862,216.472351,217.523719,220.594387,205.068000,349.582934,162.381143,345.460897
179.023119,217.010849,220.699851,222.062494,205.437435,347.979428,163.760704,342.927784
182.291507,215.779202,224.925264,221.399413,208.064631,349.300682,165.430875,343.680471
185.768385,216.862440,224.403792,222.351883,206.227636,350.278009,167.592228,344.788566
186.722363,216.841590,229.065405,222.707309,211.587956,348.872291,169.244914,343.006572
225.082165,348.587017,184.787071,350.342920,179.120294,220.299663,219.415388,218.543760
225.982691,348.017678,184.240780,348.839486,181.706873,220.135260,223.448784,219.313453
187.143247,218.019731,217.781068,218.434255,216.044550,346.781883,185.406729,346.367359
190.476265,218.041878,232.856894,220.776285,224.552398,349.487826,182.171768,346.753419
192.893015,217.645161,224.147460,220.332818,212.901739,351.107995,181.647294,348.420339
192.489658,218.888958,224.321718,220.863304,216.264253,350.772521,184.432193,348.798175
193.301481,219.726515,235.716960,221.385682,230.739458,348.632117,188.323980,346.972950
196.463751,218.036410,238.325479,220.376517,231.071147,350.147872,189.209420,347.807765
195.216559,219.539851,241.189578,220.110619,239.570674,350.506820,193.597655,349.936052
197.541079,218.725854,244.619551,220.431920,239.848885,352.077277,192.770412,350.371211
196.205532,219.439785,242.893009,219.486541,242.763997,348.309393,196.076520,348.262637
199.274755,217.511542,238.440616,218.813631,234.060863,350.553347,194.895001,349.251258
245.588388,342.628372,200.743697,343.669332,197.836866,218.442648,242.681557,217.401689
243.513961,346.110924,201.766258,346.548926,200.415752,217.826844,242.163455,217.388842
202.709613,216.242386,244.942565,216.589056,243.909354,342.459815,201.676402,342.113146
205.600248,215.431348,245.948528,216.578458,242.392486,341.658127,202.044206,340.511017
209.642693,214.832367,247.772640,216.176905,243.327433,342.239181,205.197486,340.894643
212.144279,214.330947,250.902822,215.657872,246.661865,339.533214,207.903322,338.206288
212.934138,215.421558,252.891660,216.655251,248.924490,345.146105,208.966968,343.912412
212.584672,216.966493,256.689386,217.899552,254.025928,343.798465,209.921213,342.865406
214.147349,218.290279,260.368574,219.147118,258.058169,343.779350,211.836944,342.922511
265.356757,337.965058,222.379669,341.978316,211.205502,222.316621,254.182590,218.303363
268.347408,340.355497,217.171510,341.164443,215.292666,222.304292,266.468565,221.495346
274.584976,338.778417,219.958223,339.592132,218.266214,226.003170,272.892966,225.189456
279.686941,339.067806,222.265973,339.390549,221.640977,228.194389,279.061945,227.871645
226.516176,229.514904,286.717339,230.599773,284.857564,333.801767,224.656401,332.716898
233.773227,233.817375,296.691993,239.378635,288.041144,337.252272,225.122377,331.691011
242.720974,228.235125,303.564748,237.614711,287.775779,340.035063,226.932006,330.655477
250.484696,224.971293,308.704383,235.845749,289.435610,339.006948,231.215923,328.132492
258.548003,220.935238,315.689200,234.076405,290.790148,342.343937,233.648950,329.202770
264.090759,239.045192,320.392537,256.874201,292.419436,345.209748,236.117659,327.380739
298.467446,173.359221,343.640117,187.943870,293.635606,342.821601,248.462934,328.236951
292.791280,164.800003,335.497696,173.932074,299.818908,340.785047,257.112493,331.652977
291.974174,152.881064,330.257480,156.406761,313.200730,341.615187,274.917424,338.089491
289.331473,153.622479,326.639551,156.025967,315.271700,332.483089,277.963623,330.079601
287.754257,170.877542,329.872109,173.794630,318.273211,341.263231,276.155359,338.346143
279.145832,173.762298,333.905345,176.800824,324.789767,341.079363,270.030254,338.040837
279.133918,175.169375,343.919767,182.107003,327.385088,336.513276,262.599238,329.575648
271.259252,167.402180,337.412129,168.070234,335.776549,330.030725,269.623672,329.362671
281.824006,137.687357,354.521764,141.865227,343.605394,331.817434,270.907636,327.639564
342.194517,326.361297,296.185254,335.490590,264.472973,175.668939,310.482236,166.539646
272.003327,169.954727,314.188922,170.355700,313.242180,269.960576,271.056586,269.559603
277.269900,165.047461,321.349585,170.995375,300.085791,328.580247,256.006107,322.632333
271.507565,163.230492,318.928878,167.090163,308.807964,291.439384,261.386651,287.579713
270.593573,162.721977,316.636610,166.980825,304.878484,294.099645,258.835447,289.840797
269.873168,159.847241,315.499935,164.613143,302.095838,292.938423,256.469071,288.172522
273.044107,153.151975,311.820692,159.573421,289.569634,293.938795,250.793050,287.517349
268.601020,157.953288,304.670900,163.004699,286.149058,295.260925,250.079178,290.209513
264.102680,159.334653,297.613324,163.258449,282.396653,293.214364,248.886008,289.290568
261.111322,165.148017,292.284991,168.507495,278.931068,292.422832,247.757398,289.063354
254.794810,169.556965,286.023595,171.367927,278.909099,294.052440,247.680314,292.241478
253.395941,169.108123,286.647791,171.911242,276.347960,294.092458,243.096110,291.289339
252.660168,170.168322,287.372256,174.130629,273.734547,293.604791,239.022459,289.642484
249.208122,169.682167,286.544991,173.979275,272.481726,296.172665,235.144857,291.875557
245.266554,169.400272,283.289023,173.753266,269.438585,294.733848,231.416117,290.380854
241.626122,170.695696,279.697212,174.600669,267.272296,295.735954,229.201207,291.830981
236.606243,170.429856,274.442372,173.600557,264.296129,294.676169,226.460000,291.505468
232.685178,169.610173,272.475880,173.696734,260.131061,293.897815,220.340358,289.811254
228.055530,171.200809,266.888035,174.811429,255.680068,295.353996,216.847563,291.743376
223.451862,171.475612,261.127176,174.784200,250.567853,295.024564,212.892539,291.715976
216.387891,170.635781,253.604020,173.558644,243.902604,297.084517,206.686475,294.161655
212.676972,168.916364,248.447833,172.782364,234.828968,298.793351,199.058107,294.927351
206.252491,171.869014,240.320733,175.613794,226.254973,303.577436,192.186731,299.832656
200.768414,171.543864,234.049125,175.505103,218.915161,302.654485,185.634450,298.693246
194.846222,172.289376,227.179857,176.460456,210.602486,304.965929,178.268851,300.794849
190.018165,170.988810,222.713986,175.610357,204.343336,305.576247,171.647515,300.954700
183.266994,172.065388,215.019699,175.972533,198.589656,309.496729,166.836951,305.589584
178.370523,172.447126,210.181936,175.843305,195.639320,312.061409,163.827907,308.665229
171.860375,172.786761,203.432504,175.488303,191.864365,310.681778,160.292236,307.980237
165.091599,174.054263,197.605298,176.337228,188.147302,311.036837,155.633603,308.753872
156.956196,175.017230,191.598187,176.793492,184.690499,311.512346,150.048508,309.736084
147.374263,177.341884,184.734216,178.402330,180.956377,311.497162,143.596424,310.436716
139.918539,178.575826,178.453401,178.926599,177.257907,310.259700,138.723045,309.908926
176.231380,309.486148,134.808063,310.570226,131.389046,179.927457,172.812363,178.843379
171.765833,309.810707,127.537188,311.417240,122.863636,182.752092,167.092281,181.145558
168.449207,308.478693,123.092088,310.533644,117.263500,181.884361,162.620619,179.829410
164.058700,308.596078,116.299452,310.492264,111.176424,181.458507,158.935671,179.562321
159.543055,307.804855,112.219696,310.650753,104.613387,184.168320,151.936746,181.322422
156.251921,305.898689,106.963796,309.079034,98.848434,183.309336,148.136559,180.128991
154.272662,306.335739,104.604694,310.518133,93.932378,183.779182,143.600345,179.596788
150.871306,307.894506,100.716689,312.819376,88.279306,186.157714,138.433924,181.232844
147.475906,308.876078,99.044802,314.065482,85.515285,187.798675,133.946389,182.609272
141.534008,312.033784,93.938220,316.847005,80.986281,188.771068,128.582068,183.957847
135.815437,315.144971,90.728037,319.414104,78.422889,189.456302,123.510289,185.187169
135.267636,315.787395,89.724424,321.549304,73.214339,191.050484,118.757551,185.288575
77.252707,188.171675,144.897439,193.364420,135.244259,319.114243,67.599527,313.921498
73.063800,190.944209,132.307973,195.434068,122.775656,321.214004,63.531483,316.724144
67.777737,192.600151,111.857899,193.128883,110.271702,325.369371,66.191539,324.840638
120.207961,321.214305,68.367174,324.628976,59.800542,194.572264,111.641329,191.157593
122.930104,317.502338,72.731944,324.966062,54.072634,199.470661,104.270795,192.006937
113.205027,315.709017,67.888538,321.519654,52.051703,198.010008,97.368192,192.199371
102.612105,301.964894,55.552382,304.127225,50.587030,196.064158,97.646753,193.901827
51.310284,194.063131,97.649886,195.874746,93.767854,295.173892,47.428252,293.362277
53.089432,191.882200,96.027728,201.678688,77.659313,282.187992,34.721018,272.391504
48.547329,192.284033,90.215593,201.152454,72.634338,283.757960,30.966074,274.889539
45.092288,193.059685,84.669812,201.764199,66.344521,285.085303,26.766996,276.380789
74.870852,279.762897,30.368839,280.863637,28.267425,195.905247,72.769439,194.804507
71.598910,273.819313,26.446668,278.203427,18.659957,198.007654,63.812199,193.623540
74.015021,277.207543,25.210798,289.369922,4.173170,204.951806,52.977393,192.789428
75.131582,272.653442,21.579550,294.394156,-10.897318,214.396676,42.654714,192.655962
63.636556,278.710917,12.082676,292.043584,-9.888056,207.088599,41.665824,193.755933
54.831589,282.188859,5.624016,290.479139,-9.100511,203.080615,40.107061,194.790335
50.864713,284.395978,12.853740,291.372104,-3.599389,201.723582,34.411584,194.747456
0.918954,196.753301,41.095947,196.838493,40.862403,306.978870,0.685410,306.893678
36.970675,285.179920,0.684842,286.932346,-3.661174,196.943480,32.624659,195.191055
33.635533,285.224704,1.243821,286.897855,-3.490840,195.236200,28.900873,193.563050
30.092276,285.787868,-0.063772,287.165523,-4.286582,194.730680,25.869465,193.353026
26.064038,285.688216,-0.066249,286.423313,-2.604085,196.211608,23.526203,195.476510
26.736577,311.385039,2.532186,312.641464,-3.566069,195.161614,20.638322,193.905189
18.177396,195.218497,25.587849,328.606559,4.526576,329.776631,-2.883877,196.388568
18.148741,317.899067,-2.127295,317.913722,-2.213502,198.642920,18.062534,198.628265
-1.034091,206.947048,18.431810,207.665814,15.091660,298.125002,-4.374242,297.406236
19.705278,281.948502,-0.429019,282.335762,-1.841995,208.872786,18.292302,208.485526
19.913643,284.620081,-1.218236,285.228126,-3.324147,212.039667,17.807732,211.431623
20.702646,273.199073,1.167929,274.578123,-3.210554,212.555397,16.324163,211.176347
19.724820,269.436643,-0.274709,270.775154,-4.072347,214.032303,15.927182,212.693792
19.333423,263.510250,0.352592,264.964489,-3.469013,215.084631,15.511818,213.630392
16.448169,260.299849,0.874270,261.351640,-2.252676,215.050860,13.321222,213.999069
15.759469,269.078630,1.341493,269.829228,-1.494096,215.361321,12.923879,214.610724
12.881840,278.689391,-0.424428,278.854439,-1.202511,216.124890,12.103757,215.959842
13.021837,279.583977,1.460004,280.289404,-2.309624,218.505859,9.252209,217.800432
12.822784,277.156444,2.541971,277.964236,-2.062446,219.363599,8.218367,218.555807
12.348186,258.991121,3.030766,260.508111,-3.560293,220.025529,5.757126,218.508539
11.487836,257.860177,2.584265,259.081740,-2.891709,219.169180,6.011862,217.947617
11.717078,256.342431,2.759529,258.068819,-4.535855,220.215950,4.421694,218.489562
9.960832,255.918649,1.976733,257.164581,-3.909222,219.446596,4.074877,218.200664
15.179701,268.169591,6.924609,270.195291,-4.343342,224.276342,3.911750,222.250643
11.619899,263.343114,3.562754,264.676103,-3.143846,224.138592,4.913299,222.805603
11.033871,267.022475,2.134871,268.074239,-2.527002,228.630024,6.371998,227.578260
9.255152,263.610183,0.940511,264.306534,-2.715336,220.654668,5.599306,219.958316
8.840691,262.602852,1.438024,263.058336,-1.479917,215.635000,5.922750,215.179516
9.591921,248.291730,0.624987,249.121113,-1.644904,224.580031,7.322029,223.750648
8.330502,245.858893,0.718740,246.066140,-0.122438,215.171339,7.489325,214.964093
9.931879,246.113552,0.328279,246.446659,-0.789479,214.221246,8.814121,213.888140
12.392822,245.593155,1.508826,246.673687,-1.775992,213.586341,9.108003,212.505809
15.903265,247.384402,2.713061,249.023589,-1.950141,211.499734,11.240063,209.860547
1.014748,212.005524,15.303691,212.064056,15.112221,258.805851,0.823279,258.747319
4.404785,208.937263,22.778991,210.494814,18.938454,255.801078,0.564247,254.243526
26.973063,248.332265,4.718530,252.141139,-0.972374,218.890249,21.282158,215.081376
42.850244,246.314058,23.047799,258.792668,1.061677,223.902646,20.864122,211.424036
42.679067,238.519261,18.303755,248.876204,1.847723,210.146541,26.223035,199.789598
55.281690,231.452105,37.094893,247.064324,18.880637,225.846395,37.067434,210.234175
70.541880,239.749943,52.786860,255.524028,26.427533,225.854455,44.182553,210.080370
42.386908,193.910070,66.893832,219.959841,37.976196,247.164775,13.469272,221.115004
41.058854,187.073752,68.683197,207.531913,38.609701,248.139696,10.985358,227.681536
50.977956,200.389279,57.442193,236.471051,6.149477,245.660407,-0.314760,209.578635
58.611753,180.884691,79.160415,216.110574,33.497234,242.747729,12.948571,207.521846
62.725560,179.066473,87.129800,209.035371,47.892172,240.987314,23.487932,211.018416
73.890210,178.012763,94.797081,217.390121,49.163508,241.618645,28.256636,202.241286
62.920254,175.076458,100.532020,199.091987,72.513903,242.972382,34.902136,218.956853
56.157269,175.062466,112.836719,191.446603,94.916570,253.439751,38.237120,237.055615
117.078589,189.599670,104.269430,251.398111,28.790418,235.753337,41.599576,173.954896
119.338063,180.427963,124.161147,241.174295,52.277988,246.881610,47.454905,186.135279
102.588852,177.853141,129.628370,216.639492,82.561787,249.451493,55.522268,210.665141
82.247792,173.229216,132.047922,191.198004,111.620248,247.812889,61.820117,229.844101
122.577836,175.400786,147.447978,223.227137,68.950380,264.046609,44.080239,216.220258
152.905351,213.788205,121.289997,247.330763,77.908289,206.441571,109.523643,172.899014
129.753823,176.882463,160.695429,226.235067,104.145570,261.688990,73.203964,212.336386
130.756692,177.634642,168.051405,223.785025,98.081470,280.328622,60.786757,234.178239
124.884993,176.112866,171.487839,211.019990,118.124074,282.263422,71.521228,247.356298
130.880735,175.665050,176.794356,205.661322,126.416002,282.772660,80.502381,252.776388
125.914311,176.987791,179.251521,194.084833,146.632163,295.846615,93.294953,278.749572
131.077169,175.367266,183.167901,190.779433,152.783913,293.472591,100.693181,278.060423
153.595064,174.471299,210.608460,205.687844,161.442400,295.483942,104.429005,264.267397
172.788721,170.458298,218.997959,211.041008,155.305651,283.563840,109.096413,242.981130
155.837046,170.954939,218.512539,192.582440,183.794708,293.193100,121.119215,271.565599
163.614324,171.408634,230.783107,195.915870,196.850011,288.918800,129.681228,264.411564
167.222989,170.176195,235.745702,191.766987,203.927693,292.747826,135.404980,271.157035
169.681481,171.529927,237.216286,188.203005,211.743528,291.381179,144.208723,274.708102
190.913326,171.843261,244.661497,202.449631,194.622512,290.323625,140.874341,259.717255
233.365035,302.296839,171.152671,307.892892,159.793520,181.611078,222.005884,176.015025
176.555704,179.257917,237.214299,181.714849,232.260809,304.010404,171.602213,301.553473
177.722918,180.246516,241.754032,180.838911,240.657658,299.344256,176.626544,298.751861
250.981974,299.803892,183.948625,302.942182,178.316899,182.649460,245.350248,179.511170
261.454136,291.846343,196.674041,305.346578,171.987897,186.891547,236.767992,173.391312
259.874253,295.567458,193.092619,300.132781,184.901893,180.318672,251.683527,175.753349
269.046922,294.421330,210.070571,309.992854,176.816129,184.043360,235.792480,168.471836
270.176356,291.459610,212.588868,307.300805,178.602304,183.749466,236.189793,167.908271
267.039674,299.676308,199.487869,309.413662,180.940529,180.743556,248.492334,171.006202
263.219191,306.765669,200.354212,312.489308,188.239175,179.425103,251.104154,173.701464
260.627620,310.111681,203.159915,316.877244,187.414603,183.134221,244.882308,176.368658
258.245316,315.648180,196.527269,318.324371,190.898038,188.503652,252.616085,185.827460
262.999507,308.303318,204.770345,319.026722,179.256038,180.481474,237.485201,169.758070
273.590061,303.254648,205.616147,318.072726,175.752021,181.079146,243.725935,166.261068
284.912896,293.022008,206.708858,321.564800,158.108969,188.406573,236.313007,159.863781
202.320172,182.838543,289.785465,208.086500,256.012223,325.085528,168.546930,299.837571
279.960367,308.023798,198.283074,323.072665,174.923639,196.290002,256.600931,181.241135
281.929967,309.431785,190.606048,318.891012,178.478834,201.809065,269.802753,192.349838
289.171434,307.855028,193.525835,323.724113,172.802676,198.822214,268.448275,182.953128
197.223589,176.973675,308.005317,197.150570,286.969831,312.646414,176.188103,292.469519
226.847067,189.438350,299.765631,191.683676,295.894378,317.405338,222.975814,315.160011
247.459001,184.095245,312.869279,190.693028,300.273511,315.567196,234.863233,308.969412
254.363651,192.184623,304.686058,195.266127,298.032813,303.916777,247.710406,300.835274
311.592183,194.746419,311.592183,310.131836,251.722392,310.131836,251.722392,194.746419
256.190288,195.598827,316.603264,195.961087,315.846967,322.086424,255.433991,321.724164
318.911271,322.248101,262.858693,323.302838,260.526102,199.340407,316.578679,198.285670
322.435392,323.110819,268.567424,325.521362,263.037355,201.941908,316.905322,199.531365
325.357579,326.509450,273.545418,327.565189,271.011645,203.216000,322.823807,202.160262
328.497711,328.960451,276.439585,329.635329,274.785473,202.041884,326.843598,201.367006
332.978853,329.366213,282.478379,330.800338,278.778335,200.509115,329.278809,199.074989
337.884869,333.076329,286.705583,334.721748,282.452330,202.428122,333.631616,200.782703
305.154118,151.740277,367.626299,161.427229,340.987181,333.225725,278.515001,323.538773
308.484831,150.686114,369.296740,160.015911,342.343994,335.694759,281.532085,326.364962
312.414136,152.401285,369.277283,160.650074,343.794417,336.316584,286.931270,328.067795
312.779352,155.679143,367.246677,162.160230,346.405534,337.310058,291.938209,330.828970
319.351389,154.237901,373.804486,164.328873,346.208765,313.241424,291.755669,303.150451
313.675390,155.636009,365.280595,159.806337,351.261193,333.287665,299.655988,329.117336
314.655052,157.481378,366.890413,160.928200,355.276122,336.938652,303.040762,333.491831
315.298921,160.477794,366.018881,161.979534,360.846222,336.681619,310.126262,335.179880
316.146456,159.828089,365.751945,160.777999,362.362492,337.779403,312.757003,336.829493
366.693290,339.260251,318.432936,339.767648,316.556746,161.316573,364.817100,160.809176
374.235616,335.287418,323.112746,338.289449,312.905840,164.471688,364.028710,161.469656
373.623250,335.969502,326.722751,338.687104,316.667623,165.155261,363.568121,162.437658
378.721986,336.077599,331.047620,341.118275,312.974951,170.188232,360.649317,165.147555
379.084249,338.460307,337.883816,343.192909,318.142104,171.328245,359.342538,166.595643
366.794201,306.042100,324.463360,308.140362,317.928775,176.310028,360.259616,174.211767
381.097502,347.932011,345.705644,352.475395,322.842164,174.374433,358.234021,169.831049
379.600409,339.752142,348.101669,343.481548,328.040037,174.040049,359.538777,170.310643
379.784539,342.581089,348.853314,346.446981,327.848634,178.387326,358.779858,174.521434
382.376881,345.285542,351.038000,349.207462,329.712560,178.802295,361.051441,174.880375
385.660437,350.017396,354.009819,353.792847,333.577964,182.507152,365.228582,178.731701
387.609642,330.917179,355.898611,335.651564,334.067837,189.428475,365.778868,184.694090
391.711926,355.891773,353.792522,359.449495,339.798816,210.299836,377.718221,206.742115
391.857433,347.699723,345.737695,350.000334,340.605563,247.117842,386.725300,244.817231
403.019917,349.506343,352.218661,356.768547,336.463371,246.555654,387.264627,239.293450
415.070116,335.038902,362.532001,351.718979,332.179729,256.116835,384.717844,239.436758
423.448751,372.273294,372.768404,385.673123,340.257343,262.710970,390.937689,249.311141
423.247943,379.121925,378.177217,388.741867,349.317390,253.529689,394.388116,243.909747
414.296250,406.629169,354.845878,410.152522,345.226564,247.843569,404.676936,244.320215
414.317690,407.952998,372.650198,408.557391,370.189458,238.911174,411.856950,238.306782
424.110319,410.379779,361.816480,415.452011,347.698768,242.067490,409.992608,236.995259
381.536621,236.421334,419.815094,236.882398,417.681026,414.057046,379.402553,413.595982
387.040013,246.489577,424.446101,246.599838,423.959112,411.810058,386.553025,411.699796
392.853812,272.786856,427.397975,272.873025,427.043451,414.997583,392.499288,414.911414
432.693050,414.615107,394.255626,414.691820,393.973100,273.129602,432.410523,273.052889
436.967830,417.325852,398.672666,417.687862,397.350905,277.865985,435.646069,277.503974
442.080178,419.104353,399.592028,419.690103,397.667421,280.086181,440.155571,279.500431
448.308627,416.601234,406.432940,418.676599,399.575213,280.304763,441.450901,278.229398
450.545477,421.556823,413.443313,425.125935,399.898992,284.327978,437.001156,280.758867
454.585930,423.988791,413.372605,424.122553,412.958269,296.461767,454.171593,296.328005
458.338509,426.074905,420.260867,427.974603,412.852046,279.471802,450.929687,277.572104
463.937496,425.151966,416.948150,428.690552,406.181814,285.722968,453.171160,282.184383
425.977348,285.523333,471.108040,288.660287,461.843082,421.953263,416.712390,418.816308
463.830053,420.991709,402.842002,422.199012,400.486771,303.222322,461.474823,302.015019
468.073039,421.069832,400.990098,424.575503,394.031078,291.410860,461.114019,287.905188
429.369066,285.080899,490.876059,309.780977,438.731449,439.629074,377.224456,414.928996
404.367821,287.681889,486.764164,299.333910,467.999870,432.024125,385.603527,420.372104
405.593798,285.131539,482.576693,291.027352,472.432427,423.483216,395.449532,417.587403
405.481501,286.019861,483.607457,290.779925,475.347347,426.351438,397.221391,421.591375
411.129363,287.588559,485.697870,291.415951,478.581314,430.066768,404.012808,426.239376
417.318580,285.858722,487.012163,289.355485,480.018636,428.742651,410.325053,425.245888
422.504794,287.720227,484.118989,287.939158,483.622183,427.755984,422.007988,427.537053
485.782854,428.112162,426.995259,430.224152,421.909242,288.654024,480.696838,286.542034
485.815146,427.748357,430.650001,429.724294,425.605056,288.877116,480.770200,286.901179
488.035776,427.950265,430.272154,432.012015,420.237243,289.301891,478.000865,285.240141
492.080178,429.094130,432.302082,434.126954,420.203946,290.429608,479.982042,285.396783
495.228720,426.724937,433.834149,432.809203,419.943656,292.644240,481.338227,286.559974
501.556783,425.260196,439.295782,433.912867,419.907388,294.402105,482.168390,285.749433
505.967120,426.364270,443.675611,436.826907,419.896890,295.255297,482.188399,284.792660
510.974624,423.196931,449.181697,438.818602,414.245960,300.627146,476.038887,285.005475
512.026204,422.488681,443.411101,434.334926,419.718612,297.104719,488.333715,285.258475
515.094987,423.582691,447.144044,435.493720,422.918223,297.288411,490.869166,285.377383
519.891248,421.919822,449.450838,439.055848,416.284336,302.719570,486.724746,285.583544
521.445849,421.575209,449.177013,438.703313,417.130884,303.490651,489.399720,286.362547
524.169640,415.922757,450.444246,434.377195,417.860628,304.205797,491.586022,285.751358
491.789691,427.327773,447.516006,429.416267,440.968295,290.612284,485.241979,288.523789
445.462831,287.321773,492.056276,289.791497,484.707341,428.435408,438.113896,425.965683
514.464606,427.315783,449.893749,433.258532,437.116839,294.431188,501.687696,288.488439
495.785632,428.162761,447.090192,428.653916,445.706027,291.421313,494.401467,290.930158
495.402619,428.502272,448.058931,428.579082,447.835328,290.756347,495.179016,290.679537
453.439717,291.916822,497.438522,292.241181,496.428587,429.237458,452.429782,428.913100
502.265803,427.807763,454.929880,428.510995,452.906294,292.299463,500.242216,291.596231
501.789498,428.056565,456.872393,428.497660,455.549109,293.746345,500.466214,293.305250
475.295306,290.915967,510.574178,298.664549,481.415042,431.424516,446.136170,423.675934
467.858034,293.632900,508.419377,296.521405,498.919408,429.923154,458.358065,427.034650
464.880548,295.773246,510.106237,296.334118,508.477550,427.662561,463.251861,427.101689
464.600251,297.681455,513.958714,297.981503,513.164141,428.690025,463.805678,428.389977
478.114069,296.794657,521.008151,301.251488,507.439578,431.840138,464.545496,427.383307
482.929204,297.449472,527.306173,302.482408,512.618216,431.990707,468.241246,426.957770
487.176685,299.125033,534.486827,304.858151,518.892747,433.541737,471.582605,427.808619
485.259154,300.821568,540.271604,304.801810,531.382396,427.662947,476.369947,423.682705
487.469476,302.686306,547.142528,307.907580,536.278909,432.066026,476.605857,426.844752
502.427554,301.621090,570.786128,317.049927,544.176975,434.943699,475.818401,419.514862
500.810074,294.442552,583.941537,327.515457,541.025505,435.388427,457.894042,402.315521
517.714595,295.926553,592.074088,343.847989,529.594241,440.797707,455.234748,392.876272
505.758724,303.574457,563.615640,305.964240,558.508064,429.619217,500.651148,427.229434
510.723771,300.665068,562.336372,305.876114,549.634447,431.681830,498.021846,426.470784
511.288921,302.375316,565.495437,306.718192,555.498627,431.495458,501.292110,427.152581
514.420784,303.280807,567.820265,307.522839,557.947900,431.797994,504.548419,427.555962
516.805245,306.546251,569.541292,309.918391,561.850447,430.193585,509.114400,426.821445
521.218620,308.752420,571.614751,313.336275,560.891803,431.227223,510.495673,426.643368
