1.850086
0.036255
0.035770
0.035611
0.036511
0.035797
0.035714
0.035432
0.045956
0.035465
0.045816
0.045732
0.045948
0.035500
0.045832
0.045742
0.045951
0.045874
0.035841
0.035592
0.046031
0.037144
0.035776
0.035818
0.035673
0.035709
0.046086
0.045980
0.045905
0.045687
0.045659
0.045834
0.045783
0.035581
0.035550
0.035791
0.035760
0.036603
0.036037
0.035786
0.046247
0.036258
0.036284
0.035923
0.036109
0.035668
0.035798
0.035604
0.035695
0.035766
0.046305
0.036231
0.036215
0.035927
0.036115
0.036342
0.036061
0.036083
0.035947
0.035955
0.046209
0.035976
0.035823
0.035687
0.035792
0.035731
0.035678
0.035718
0.046419
0.046322
0.046453
0.035800
0.036393
0.035840
0.035588
0.035798
0.035958
0.035835
0.035711
0.035728
0.046303
0.035779
0.035717
0.035842
0.035698
0.035934
0.035727
0.035720
0.035663
0.035701
0.046113
0.035764
0.035814
0.035837
0.035906
0.036060
0.037040
0.036479
0.036424
0.036335
0.046622
0.036200
0.036255
0.036213
0.036190
0.036079
0.036077
0.036527
0.035987
0.035811
0.046134
0.035680
0.035719
0.035854
0.036135
0.036257
0.036409
0.036375
0.036486
0.036291
0.046957
0.036379
0.036265
0.036171
0.036072
0.036221
0.036246
0.036450
0.036697
0.036701
0.046760
0.036178
0.036012
0.035900
0.035784
0.036031
0.036248
0.036549
0.036559
0.036869
0.047236
0.036631
0.036213
0.036714
0.035889
0.036116
0.035877
0.035781
0.036380
0.035843
0.046263
0.035705
0.035621
0.035567
0.035640
0.035551
0.035838
0.036001
0.036152
0.036202
0.046614
0.036150
0.035944
0.035878
0.035853
0.035587
0.035622
0.035609
0.035928
0.035582
0.045880
0.035524
0.035501
0.035546
0.035586
0.035749
0.035838
0.035949
0.038949
0.036665
0.047522
0.036358
0.036251
0.035999
0.035841
0.035593
0.035559
0.035474
0.035764
0.035630
0.045994
0.035583
0.035616
0.035901
0.035942
0.035933
0.036087
0.035944
0.035827
0.035983
0.046255
0.035815
0.035598
0.035542
0.035446
0.035531
0.035667
0.035827
0.036004
0.036049
0.046597
0.036280
0.036213
0.036937
0.036120
0.036369
0.035691
0.035526
0.035451
0.035349
0.045937
0.035820
0.035679
0.035899
0.035938
0.035972
0.035988
0.035843
0.035717
0.035589
0.045835
0.035473
0.035702
0.035452
0.035662
0.035566
0.035426
0.035569
0.035585
0.035753
0.046244
0.035806
0.035727
0.035734
0.035959
0.035947
0.036058
0.036153
0.036186
0.036153
0.046437
0.036003
0.036091
0.036119
0.036461
0.039673
0.036822
0.036088
0.036089
0.036164
0.046686
0.036478
0.036239
0.046589
0.036202
0.046558
0.046688
0.036211
0.036194
0.046616
0.046575
0.046570
0.036155
0.036072
0.036097
0.036186
0.036273
0.036208
0.036576
0.036775
0.047276
0.037494
0.037273
0.037506
0.037849
0.038076
0.035634
0.037807
0.037503
0.037537
0.047989
0.037972
0.035927
0.035794
0.035699
0.035884
0.035942
0.035789
0.035753
0.037567
0.047590
0.037575
0.037418
0.047667
0.047794
0.037428
0.037295
0.037263
0.047550
0.037023
0.047251
0.036922
0.036331
0.036350
0.036441
0.036850
0.036408
0.036972
0.036736
0.036792
0.047327
0.037010
0.037026
0.036851
0.037294
0.036872
0.036798
0.036674
0.036490
0.036391
0.046610
0.036256
0.036083
0.036110
0.036124
0.036143
0.036117
0.037249
0.036176
0.036185
0.046573
0.036102
0.036220
0.036105
0.036186
0.036209
0.036361
0.036329
0.036776
0.036311
0.046729
0.036323
0.036212
0.036248
0.036242
0.036334
0.036246
0.036231
0.036228
0.036374
0.046766
0.036555
0.036410
0.036351
0.036435
0.036279
0.036009
0.035951
0.035869
0.035770
0.046323
0.036022
0.036221
0.036188
0.036292
0.036102
0.036024
0.036245
0.037197
0.036617
0.047200
0.036494
0.036646
0.036357
0.036423
0.036417
0.036345
0.036448
0.036718
0.036699
0.047054
0.036734
0.036280
0.036444
0.036489
0.036657
0.036499
0.036449
0.036331
0.036220
0.046638
0.036498
0.036628
0.036598
0.036154
0.036210
0.036157
0.036193
0.036240
0.036203
0.046687
0.036319
0.036390
0.036458
0.036516
0.036525
0.036517
0.036512
0.036533
0.036446
0.047716
0.036761
0.036654
0.036622
0.036507
0.036709
0.036533
0.036433
0.036417
0.036443
0.046647
0.036249
0.036195
0.036422
0.036425
0.036093
0.036272
0.036048
0.036329
0.036940
0.046681
0.036382
0.036153
0.036339
0.036167
0.036306
0.036130
0.036114
0.036056
0.035995
0.046232
0.036050
0.035893
0.035918
0.036043
0.036076
0.036132
0.036236
0.036608
0.036728
0.047419
0.037116
0.037922
0.037040
0.037074
0.047217
0.037101
0.047328
0.047281
0.036963
0.047440
0.037407
0.047960
0.037859
0.038021
0.037522
0.037368
0.036975
0.047362
0.036758
0.046771
0.036203
0.036040
0.035859
0.035909
0.036137
0.036181
0.036220
0.036333
0.036277
0.046618
0.036245
0.036117
0.036092
0.036075
0.036116
0.036223
0.036700
0.036205
0.036115
0.046561
0.036136
0.036821
0.035963
0.035925
0.035877
0.035835
0.035915
0.035967
0.036052
0.046504
0.036158
0.036164
0.036213
0.036102
0.036252
0.036146
0.036334
0.036253
0.036245
0.046906
0.037406
0.036430
0.036397
0.036409
0.036170
0.036100
0.036014
0.035872
0.035799
0.046166
0.035785
0.036013
0.046532
0.036064
0.035908
0.035877
0.035784
0.035757
0.035695
0.045885
0.035431
0.035472
0.035466
0.036106
0.035393
0.035219
0.035509
0.035080
0.045622
0.045827
0.045826
0.034951
0.034826
0.034764
0.034938
0.034662
0.034722
0.045037
0.034608
0.045105
0.034776
0.034811
0.034637
0.034652
0.034579
0.044969
0.034641
0.034975
0.034733
0.045103
0.034722
0.035127
0.045277
0.045375
0.034932
0.045307
0.045327
0.045329
0.045651
0.045601
0.045479
0.045513
0.045567
0.045585
0.045769
0.045878
0.035397
0.045853
0.046038
0.046115
0.045922
0.046164
0.035642
0.035717
0.035990
0.046822
0.046712
0.036205
0.036321
0.046846
0.036616
0.036857
0.036671
0.036580
0.047169
0.036664
0.036364
0.036629
0.036911
0.047926
0.047799
0.047626
0.037069
0.037192
0.037088
0.037029
0.037238
0.047848
0.037894
0.048372
0.037615
0.048301
0.048416
0.045797
0.048743
0.048046
0.047879
0.047625
0.047627
0.047611
0.047553
0.037068
0.047380
0.036758
0.036882
0.036869
0.037001
0.047734
0.044060
0.047855
0.037552
0.037483
0.037428
0.037471
0.037597
0.037745
0.048174
0.037853
0.037944
0.048029
0.037298
0.037009
0.036692
0.036520
0.036436
0.036397
0.046709
0.036405
0.046771
0.046544
0.036447
0.036647
0.037031
0.037975
0.038225
0.037070
0.036717
0.037112
0.046803
0.047017
0.036884
0.037026
0.036825
0.037112
0.037253
0.047489
0.036752
0.036914
0.037217
0.047607
0.037382
0.037495
0.037569
0.037898
0.037891
0.037992
0.037769
0.037603
0.037678
0.048137
0.037824
0.037663
0.037802
0.037871
0.037681
0.037767
0.037843
0.038095
0.037634
0.047985
0.037377
0.037522
0.037407
0.036663
0.040328
0.037004
0.036483
0.036409
0.036522
0.047463
0.036712
0.036776
0.036659
0.036726
0.037066
0.037386
0.037397
0.037531
0.037628
0.048350
0.037038
0.036756
0.036529
0.036435
