506.520000,241.400000,589.720000,224.780000,593.480000,243.600000,510.280000,260.220000
585.629745,230.967626,589.062632,248.796386,534.302868,259.340254,530.869981,241.511493
593.945232,237.435098,597.017966,250.238200,545.005365,262.721182,541.932631,249.918080
590.624745,236.190885,595.742111,249.289223,530.978102,274.591751,525.860737,261.493412
586.026883,240.762843,593.212521,254.655134,541.612581,281.344645,534.426944,267.452354
584.431863,244.729673,592.503251,258.472184,549.748773,283.583168,541.677385,269.840658
599.631730,261.702306,602.372411,278.274079,550.668477,286.825003,547.927797,270.253230
593.104148,263.248938,596.159961,278.771319,546.488344,288.549922,543.432531,273.027542
585.335125,270.992468,587.290107,285.628100,545.125548,291.260310,543.170566,276.624678
592.378808,275.658673,593.403229,289.955351,549.183271,293.123910,548.158850,278.827232
612.655306,272.832807,614.871822,284.377155,536.869468,299.353614,534.652952,287.809266
613.813735,273.580446,617.685849,291.841091,539.099857,308.505012,535.227742,290.244367
593.080635,275.840467,599.017034,298.815073,541.918381,313.568770,535.981982,290.594164
596.580862,281.425598,598.117349,303.771274,539.872064,307.776217,538.335577,285.430542
599.954419,283.675945,605.037385,301.864469,538.593592,320.432857,533.510626,302.244332
615.622454,281.014841,621.756122,294.632081,548.885485,327.455494,542.751817,313.838253
612.688830,297.960559,616.528517,318.171984,552.256186,330.382191,548.416498,310.170766
619.139422,298.780397,621.842885,323.122922,547.961185,331.328169,545.257722,306.985644
620.824023,301.957059,622.272944,321.726952,540.946795,327.687288,539.497874,307.917396
608.616331,306.601659,608.053297,329.969877,548.487251,328.534692,549.050285,305.166474
601.421145,315.551713,597.833683,336.116142,537.425673,325.577971,541.013135,305.013542
612.329919,321.767228,614.011430,336.368642,530.268029,346.012600,528.586518,331.411187
613.105768,326.756569,614.293649,340.695628,548.288103,346.320597,547.100222,332.381537
613.917615,328.788290,614.884575,346.731003,544.283898,350.535778,543.316939,332.593065
619.567592,326.713445,619.810950,348.790229,544.995183,349.614944,544.751825,327.538160
606.576593,329.779907,603.637102,358.418509,540.803155,351.969178,543.742646,323.330576
596.894082,371.985104,602.051482,394.046539,546.897896,406.940039,541.740496,384.878604
580.525774,338.365751,612.517968,368.322454,564.645981,419.447235,532.653787,389.490531
560.163133,343.407596,604.843972,349.179328,597.802459,403.689951,553.121620,397.918219
639.570209,385.806478,593.931040,420.533546,540.261934,350.000285,585.901103,315.273217
613.780465,387.416414,570.408782,402.007948,551.059139,344.493325,594.430822,329.901791
611.803935,355.956877,622.146113,402.744122,560.610715,416.346334,550.268537,369.559089
565.137220,357.329870,609.425277,358.213713,608.214085,418.904753,563.926028,418.020911
562.146439,338.258210,608.758056,348.706218,594.156020,413.850165,547.544403,403.402156
551.478182,337.778428,601.909964,343.452747,594.749514,407.092852,544.317732,401.418534
614.376056,346.400834,631.629124,380.223276,545.381896,424.218600,528.128828,390.396157
604.509429,416.307780,566.113685,419.344253,561.087799,355.792676,599.483544,352.756203
555.142922,344.471913,603.143197,347.468973,598.844783,416.311473,550.844508,413.314413
610.271287,411.238610,569.085318,418.584470,556.026011,345.364971,597.211979,338.019110
632.292086,366.724582,604.694051,423.913729,536.781939,391.141063,564.379974,333.951916
623.906718,411.522076,615.916490,450.341093,547.131916,436.182968,555.122144,397.363951
606.066218,426.227874,570.343799,433.114698,551.686765,336.339418,587.409184,329.452594
601.070488,360.076516,579.046972,382.136673,535.416884,338.579053,557.440400,316.518896
593.826606,347.486413,579.217977,371.760230,536.879925,346.280062,551.488554,322.006246
589.749568,344.530863,583.989998,365.728479,527.059258,350.259921,532.818828,329.062305
598.788957,337.946855,593.540299,360.604689,527.890678,345.397039,533.139336,322.739206
607.307727,309.244205,609.324319,345.920578,549.513618,349.209174,547.497026,312.532801
601.994126,306.921771,600.037172,345.872642,544.856772,343.100290,546.813726,304.149419
543.335487,295.471392,589.745386,312.769021,577.199853,346.428948,530.789954,329.131319
593.383566,294.228905,604.614259,315.639250,556.440982,340.908309,545.210289,319.497964
615.058652,311.908332,612.963651,335.369668,519.639671,327.036218,521.734673,303.574882
578.697607,312.296265,581.555757,332.979932,525.492134,340.727023,522.633984,320.043356
583.465912,313.592788,581.515655,335.380678,526.527172,330.458600,528.477429,308.670710
593.579737,306.707459,592.368139,330.426534,534.058746,327.448021,535.270344,303.728946
527.968541,290.448819,586.700038,295.149011,583.842321,330.857761,525.110825,326.157569
577.783956,281.358269,593.552528,301.689086,549.763075,335.652165,533.994503,315.321348
507.158348,314.292876,603.802846,322.947607,602.590348,336.487175,505.945849,327.832444
593.262750,324.857059,590.653896,352.342901,521.052653,345.736610,523.661507,318.250769
580.960444,320.115987,582.232449,342.580003,537.772417,345.097512,536.500413,322.633496
588.238230,309.718452,589.909120,342.183294,523.645263,345.593741,521.974373,313.128899
585.850871,332.337351,543.283819,347.586809,531.178579,313.796470,573.745631,298.547011
589.601376,306.959763,597.321556,333.267033,517.929974,356.565431,510.209794,330.258162
603.057202,325.456919,607.311518,341.932121,520.941517,364.235048,516.687202,347.759845
583.591908,339.362835,584.795740,362.341740,542.260321,364.570109,541.056489,341.591204
585.904013,336.350924,586.576729,360.909420,542.093415,362.127925,541.420699,337.569429
575.409566,358.764306,555.291035,370.567891,528.565937,325.016499,548.684469,313.212914
593.060087,342.606923,596.802323,401.462028,528.284440,405.818662,524.542203,346.963557
591.273139,353.998161,602.039255,397.578650,537.095782,413.622273,526.329666,370.041784
550.887653,355.683370,597.060235,368.571214,581.446117,424.511073,535.273535,411.623230
603.814143,396.226939,554.965476,412.037960,533.933835,347.060016,582.782502,331.248995
538.909881,338.994792,587.549157,342.278585,583.307591,405.104317,534.668315,401.820524
604.453148,370.493461,605.561715,413.721436,519.639443,415.924884,518.530875,372.696909
551.869002,348.847259,615.155889,384.800539,588.329211,432.022294,525.042323,396.069014
567.850340,329.732666,617.181257,394.992865,547.695578,447.517871,498.364661,382.257672
567.076489,343.664480,612.956993,370.352805,569.200553,445.575492,523.320049,418.887167
585.323657,323.030709,627.274867,346.324404,569.355408,450.635520,527.404198,427.341825
589.983478,334.718981,628.409291,386.611005,569.416253,430.295087,530.990440,378.403063
647.110531,364.602364,641.727844,396.980915,532.626206,378.843600,538.008893,346.465049
635.990965,339.221274,638.593995,366.519323,547.600499,375.196090,544.997469,347.898041
640.824175,334.474597,643.481111,353.700733,533.428055,368.909399,530.771120,349.683263
614.238327,330.681931,614.803731,363.718759,533.482306,365.110522,532.916902,332.073693
632.195427,314.189471,643.725583,354.250713,562.441902,377.645232,550.911746,337.583989
655.675031,339.451977,657.375182,362.804232,536.195913,371.626635,534.495762,348.274380
670.027313,345.917980,671.210292,370.569300,543.529100,376.696524,542.346121,352.045205
646.051971,352.111986,645.015052,376.986216,556.089680,373.279231,557.126599,348.405001
626.462760,348.873697,623.472881,373.521140,551.877930,364.836254,554.867809,340.188812
625.015806,326.723313,625.992626,366.086195,570.884592,367.453743,569.907771,328.090861
631.085252,336.363572,612.973094,379.868920,546.964979,352.388405,565.077137,308.883056
622.339202,333.477443,629.553359,364.003766,549.629895,382.891742,542.415738,352.365419
635.813002,346.770728,639.646999,367.131648,553.678669,383.319633,549.844673,362.958713
635.897692,355.832192,637.114538,381.506496,572.109384,384.587448,570.892537,358.913143
635.776688,352.068526,636.256514,384.195152,563.712521,385.278629,563.232696,353.152004
595.484227,335.018137,621.316047,345.177529,603.786117,389.750081,577.954297,379.590690
587.253728,331.352418,628.268957,347.418146,609.557110,395.188824,568.541881,379.123097
642.672243,354.957695,649.121099,383.073961,564.772301,402.420529,558.323445,374.304263
667.250187,354.060133,673.939900,371.651378,573.723112,409.762475,567.033398,392.171230
668.354227,313.983488,692.250549,353.271254,633.561417,388.968228,609.665095,349.680462
674.602871,326.410858,692.039653,344.391531,634.672744,400.023167,617.235962,382.042494
704.590026,344.472696,656.403358,375.230992,637.885608,346.220651,686.072276,315.462355
710.015535,333.535736,713.534176,355.969808,627.163000,369.516574,623.644359,347.082502
722.503887,337.893844,726.523908,351.320578,639.766552,377.296098,635.746531,363.869364
713.733142,329.688733,720.338482,348.030390,646.006505,374.799403,639.401164,356.457746
696.069020,313.773245,712.957609,332.641887,658.891693,381.034192,642.003103,362.165550
691.215261,312.380991,708.627033,336.384510,651.262691,377.995693,633.850919,353.992174
690.858356,354.428519,660.813872,364.099115,650.820923,333.053148,680.865406,323.382552
682.879784,319.052309,703.317318,334.302135,679.695039,365.960277,659.257504,350.710451
718.010535,333.640960,721.630884,352.250406,641.610268,367.817909,637.989918,349.208463
718.408829,321.051798,727.267195,340.916134,662.294262,369.890372,653.435896,350.026035
699.554779,307.408263,716.575629,321.762661,673.512436,372.825210,656.491586,358.470813
671.972599,298.593129,705.615605,317.757934,676.183941,369.423979,642.540935,350.259174
669.889374,312.717326,694.682865,352.627404,644.075240,384.066572,619.281750,344.156494
693.124846,312.312604,709.878267,343.086924,622.907362,390.433548,606.153941,359.659228
703.952957,335.461051,709.280522,359.980077,615.899549,380.270165,610.571984,355.751139
713.048070,338.266081,716.104441,359.887061,605.782007,375.482390,602.725636,353.861411
702.496605,316.835119,714.707451,348.080728,623.163299,383.856365,610.952453,352.610756
677.961497,313.198414,690.397197,360.343696,622.961541,378.131471,610.525840,330.986189
697.222250,315.605472,694.660317,368.066390,618.883435,364.365821,621.445367,311.904902
719.136512,337.301211,712.054709,373.569400,591.380553,350.006311,598.462356,313.738122
677.065534,309.412581,680.749319,340.129981,596.276471,350.260390,592.592685,319.542990
656.903061,307.816356,662.863962,329.776938,616.359201,342.400025,610.398299,320.439443
666.041657,299.997384,670.997988,327.512892,615.966972,337.425554,611.010641,309.910046
650.062849,304.925326,624.500897,330.628421,581.234021,287.599134,606.795973,261.896039
648.800251,293.120636,623.991957,326.076836,578.677183,291.965432,603.485477,259.009233
656.505603,279.050110,661.632300,312.403190,607.837009,320.672056,602.710312,287.318976
652.745826,291.794529,650.386901,318.252077,585.301331,312.449121,587.660257,285.991572
672.468672,283.175287,674.124927,303.822506,609.161727,309.033648,607.505473,288.386429
640.217743,248.979406,657.919810,282.439453,612.176961,306.639748,594.474894,273.179701
641.883149,282.331779,614.737905,304.713230,581.485463,264.383152,608.630707,242.001701
634.699206,293.451658,612.017559,296.419566,605.401598,245.858393,628.083245,242.890485
633.265888,241.287385,650.764106,251.755907,618.660638,305.417109,601.162420,294.948587
657.109480,250.972570,665.661670,265.504824,609.889236,298.326740,601.337047,283.794486
641.899693,239.777481,655.746521,254.216100,614.313965,293.950478,600.467136,279.511859
630.207850,266.978718,616.816963,295.691985,581.764402,279.344668,595.155290,250.631401
624.249453,287.167165,600.517094,289.301336,595.514036,233.666462,619.246395,231.532291
636.181086,264.214844,601.475074,291.303311,578.437218,261.786983,613.143231,234.698516
631.391297,233.685106,643.773842,264.582693,588.398945,286.774786,576.016401,255.877198
637.577703,263.567119,637.602296,281.238977,586.852345,281.309603,586.827752,263.637745
650.853771,259.278016,650.632203,276.464088,589.621648,275.677523,589.843216,258.491451
645.745944,244.456485,647.331683,270.984654,580.399072,274.985594,578.813333,248.457425
620.518296,230.954093,637.423544,242.002315,610.155591,283.725907,593.250343,272.677685
631.115450,231.661670,643.324327,243.148280,604.942240,283.943794,592.733364,272.457184
660.691112,255.269522,662.810510,267.897593,570.204657,283.439846,568.085259,270.811775
661.398272,270.458746,656.976683,302.656565,586.946427,293.039611,591.368015,260.841792
655.887544,272.916561,651.502117,288.541985,592.701178,272.038930,597.086606,256.413505
651.655931,263.299707,650.203849,281.930705,579.730071,276.438050,581.182152,257.807052
647.982951,257.542830,644.040308,282.704563,576.942354,272.190849,580.884997,247.029116
642.752705,252.452144,649.337404,266.578827,606.553734,286.521059,599.969035,272.394376
654.564385,256.781551,655.690800,282.225380,579.359314,285.604624,578.232899,260.160796
656.775618,259.480837,658.826222,278.966988,573.352879,287.961680,571.302276,268.475529
660.314823,264.220726,663.852915,284.423674,575.694598,299.862621,572.156506,279.659674
658.430131,266.324680,663.545630,289.762508,580.795748,307.823351,575.680249,284.385523
637.925479,273.085299,644.518051,295.495082,589.467931,311.689880,582.875359,289.280096
648.136662,277.898905,651.879567,296.802758,589.024255,309.247920,585.281349,290.344066
642.448629,276.985909,649.476048,298.316453,585.049099,319.542129,578.021679,298.211585
641.999053,280.836433,650.394239,305.817685,593.164461,325.050292,584.769275,300.069040
654.350770,292.764537,658.901634,314.440398,584.722023,330.014465,580.171159,308.338605
664.223554,319.880414,664.854801,347.873297,584.875134,349.676861,584.243887,321.683977
665.765943,332.107070,665.135489,349.454993,599.423660,347.066909,600.054114,329.718986
663.441755,323.793155,666.386003,346.483139,585.491280,356.980023,582.547032,334.290040
657.420687,322.891401,663.175367,351.468785,588.775626,366.450799,583.020945,337.873414
666.508385,331.341651,672.896209,355.226161,588.538152,377.787412,582.150328,353.902902
667.401992,358.260043,667.807585,378.008482,611.230974,379.170452,610.825381,359.422013
679.815968,360.140888,680.521156,381.457352,599.823115,384.126993,599.117927,362.810529
668.773451,361.013061,669.865175,385.337532,613.432402,387.870332,612.340677,363.545861
684.177032,364.511432,686.391901,387.582443,598.722059,395.998946,596.507190,372.927935
669.256180,444.887912,626.581545,448.806478,620.391992,381.399953,663.066627,377.481387
664.598147,437.929540,629.980970,440.443397,624.694478,367.645510,659.311655,365.131654
680.075030,418.062787,642.299682,428.389591,625.748501,367.845540,663.523850,357.518736
692.674524,410.021097,624.642855,429.894639,612.024734,386.699928,680.056402,366.826387
675.529353,390.229161,686.587452,439.850485,618.502380,455.023225,607.444281,405.401901
630.675838,376.151676,677.766829,377.265712,676.154409,445.423726,629.063418,444.309690
671.610353,444.221931,645.253601,448.443579,632.897555,371.301867,659.254307,367.080218
638.417596,367.242725,680.284574,375.963668,666.760794,440.887822,624.893816,432.166880
681.515272,393.380675,679.640713,440.869733,610.033463,438.122093,611.908022,390.633034
697.489252,407.880127,692.674785,456.768638,615.946983,449.212599,620.761450,400.324088
625.362999,382.115071,672.590458,383.808600,669.816998,461.152118,622.589540,459.458590
664.841168,458.383294,632.137746,460.925511,625.646980,377.427413,658.350402,374.885196
666.795652,371.545710,702.323282,417.103998,630.582071,473.049806,595.054440,427.491519
639.658264,382.539151,681.142840,405.222769,647.784577,466.229499,606.300001,443.545880
630.371259,376.138419,672.991709,398.833777,641.591281,457.801797,598.970831,435.106439
674.408588,371.214654,667.997108,409.594265,594.952042,397.391770,601.363523,359.012159
646.968944,348.796144,669.018843,370.600911,632.537789,407.492089,610.487890,385.687321
663.936120,366.433417,670.624639,392.849818,620.543547,405.530135,613.855028,379.113734
667.360095,372.894346,667.773408,395.531198,615.493059,396.485754,615.079746,373.848902
660.790461,368.713433,660.286673,392.307014,609.509185,391.222775,610.012973,367.629195
661.169094,350.542632,655.368731,385.615717,585.222562,374.014991,591.022924,338.941907
644.632596,342.773836,632.960778,381.903490,586.005194,367.897308,597.677012,328.767654
648.910595,327.351836,662.392989,352.788722,612.444195,379.263242,598.961801,353.826356
664.284591,334.657463,669.694732,359.949893,603.058906,374.203535,597.648764,348.911105
670.841596,338.187868,672.720757,353.778149,582.297122,364.677283,580.417962,349.087001
654.327016,323.642703,657.061465,347.861218,605.164647,353.720750,602.430198,329.502235
646.394819,311.980178,646.538929,347.331446,586.206097,347.577395,586.061987,312.226126
618.668390,295.131310,637.873081,303.071095,618.212662,350.625569,599.007971,342.685784
628.156300,291.544317,648.164271,309.475487,611.043603,350.895497,591.035632,332.964327
653.466554,302.872407,660.380632,318.883427,602.394777,343.923602,595.480698,327.912582
667.426968,320.802078,664.599098,340.285425,593.624048,329.983898,596.451918,310.500551
664.969079,319.553641,655.660625,345.073025,598.346598,324.167152,607.655053,298.647767
656.376444,306.213890,653.410558,328.391450,593.346334,320.358840,596.312221,298.181281
648.444361,299.503975,645.166028,323.184374,577.633037,313.835053,580.911370,290.154654
639.725876,291.167762,617.054894,326.721304,578.409739,302.078932,601.080722,266.525390
652.771459,292.119082,654.543524,319.522784,583.390053,324.123936,581.617988,296.720234
661.875695,300.759827,662.683625,316.400432,577.921636,320.778892,577.113706,305.138287
645.642596,300.010763,647.302995,317.180666,592.454694,322.484720,590.794294,305.314817
660.009683,306.529617,658.391853,326.059075,597.078439,320.979844,598.696268,301.450386
653.423182,297.543024,654.561925,319.560471,594.553590,322.664104,593.414847,300.646657
630.333375,277.122870,646.726052,294.673665,610.414064,328.589548,594.021387,311.038754
640.642568,289.334732,648.173458,315.962131,587.656643,333.077790,580.125753,306.450391
650.768756,308.224624,652.321109,320.449372,583.338599,329.209076,581.786247,316.984328
637.264206,313.769765,638.767066,335.099699,590.670156,338.488500,589.167296,317.158566
652.997894,319.965685,651.005510,339.787680,591.539523,333.810528,593.531907,313.988533
636.663687,313.068346,638.079427,334.960116,578.079762,338.840293,576.664021,316.948523
627.468944,313.447255,626.548035,338.779479,575.066417,336.907956,575.987325,311.575731
627.669434,307.470096,639.673214,326.006084,603.650444,349.334185,591.646664,330.798196
642.359754,317.768394,646.811004,338.674781,577.897360,353.347421,573.446109,332.441035
653.037101,327.328310,656.500605,343.947811,587.185125,358.393157,583.721621,341.773656
643.581767,325.365236,649.725935,346.101737,598.450224,361.294588,592.306056,340.558087
631.956971,356.654765,595.828238,363.383597,588.258302,322.738773,624.387034,316.009941
620.017752,299.751150,650.765516,330.822821,610.001765,371.161631,579.254000,340.089960
656.575941,326.485575,664.099227,344.374195,584.378206,377.901884,576.854920,360.013264
654.602184,332.324582,668.547341,362.944424,598.846912,394.688005,584.901755,364.068164
653.940827,347.233476,659.972511,371.049250,603.353880,385.388726,597.322195,361.572953
640.423359,349.615653,637.574476,384.266967,591.957555,380.516540,594.806438,345.865225
654.220158,340.226402,664.228506,372.834413,600.775078,392.310118,590.766730,359.702106
670.506172,361.414571,675.113811,381.726648,593.865505,400.157203,589.257866,379.845126
672.914748,369.569108,676.871187,394.032488,602.540149,406.053974,598.583710,381.590595
674.665699,374.792518,672.869905,408.346059,604.303973,404.676395,606.099767,371.122853
666.144840,360.968397,678.136026,394.625266,624.765848,413.639860,612.774662,379.982991
670.692818,387.985683,666.776288,435.572179,599.654283,430.047811,603.570813,382.461315
673.431019,397.254469,672.044664,437.407627,593.851673,434.707882,595.238029,394.554725
683.868723,446.990770,644.312005,481.805451,597.770274,428.924364,637.326992,394.109684
634.419832,367.160673,665.531423,376.630282,638.475398,465.520542,607.363807,456.050934
674.000415,379.628421,690.378592,411.634397,622.569320,446.333925,606.191143,414.327948
665.109923,389.534588,697.526449,428.953987,628.782864,485.485244,596.366339,446.065846
675.008510,394.578863,687.521714,456.068555,621.548398,469.494180,609.035195,408.004488
640.639220,364.597144,688.578171,399.985572,643.427418,461.149062,595.488466,425.760634
674.464582,371.185280,697.727724,431.545025,639.379969,454.032729,616.116828,393.672983
675.556202,372.969894,697.648394,432.436283,628.270939,458.210507,606.178748,398.744117
647.001441,383.652549,672.358090,394.823587,635.972423,477.413815,610.615774,466.242777
680.390586,376.358286,686.009182,405.167063,630.607689,415.972055,624.989093,387.163279
670.428894,363.166093,677.123988,393.957035,622.540046,405.825610,615.844952,375.034669
655.998750,354.222874,672.662282,370.234430,634.988033,409.442740,618.324501,393.431185
676.208952,365.987276,679.858079,392.213792,619.089322,400.669086,615.440195,374.442570
686.118943,380.017257,683.926084,398.942722,616.771206,391.161611,618.964065,372.236146
686.683700,372.267363,681.664825,400.406621,619.069333,389.242185,624.088208,361.102927
675.447537,358.531745,676.735050,385.125597,620.777155,387.834740,619.489641,361.240889
635.974729,333.688858,657.437724,344.863787,633.873199,390.122710,612.410204,378.947781
657.846833,336.372400,670.351163,365.828159,620.644569,386.929216,608.140240,357.473457
675.462791,346.258073,677.537850,370.340715,615.206304,375.711456,613.131245,351.628813
664.668951,347.216084,665.496761,369.476739,615.291879,371.343714,614.464069,349.083059
672.958075,343.604171,672.479736,368.828803,617.075634,367.778165,617.553973,342.553533
648.670581,340.128621,618.946633,356.092530,594.091433,309.813471,623.815381,293.849562
622.104418,264.115862,661.912478,277.184813,637.039313,352.948539,597.231254,339.879588
655.216245,301.387043,666.601197,315.214667,622.571129,351.466752,611.186177,337.639127
671.198075,305.885737,676.975025,319.976669,618.539101,343.934021,612.762151,329.843089
658.747285,320.493261,651.923371,350.914384,590.247669,337.079600,597.071583,306.658477
657.468313,285.267959,669.920796,303.882712,625.989979,333.270572,613.537496,314.655819
647.316161,324.252024,623.563614,325.184244,621.649233,276.406692,645.401780,275.474472
649.694170,319.635650,624.845895,322.613234,618.746651,271.714349,643.594925,268.736765
643.001167,267.746549,659.930743,276.592968,634.964182,324.371995,618.034606,315.525575
664.613906,274.233840,673.047020,288.367464,616.159183,322.310746,607.726069,308.177122
676.554526,295.907234,674.617550,324.356997,620.056362,320.642248,621.993338,292.192485
667.169153,281.443353,671.686560,297.697057,620.943288,311.800182,616.425881,295.546478
656.277293,266.135912,667.571390,291.466505,613.342516,315.645417,602.048419,290.314824
655.324844,294.584044,619.082914,309.653384,605.583296,277.186656,641.825226,262.117315
660.807264,280.775566,626.051222,310.212539,604.390054,284.637338,639.146096,255.200365
663.835720,265.888103,671.926958,282.493006,597.407394,318.804902,589.316156,302.199999
666.492942,272.446368,673.664744,288.534835,601.266639,320.807947,594.094837,304.719479
652.866521,277.984109,662.582674,300.310509,612.652725,322.039360,602.936572,299.712960
662.840364,282.406086,666.869505,301.695508,609.822067,313.611479,605.792926,294.322057
655.923342,280.218640,659.885651,301.771511,599.929482,312.793933,595.967174,291.241062
664.311803,278.141795,670.474299,308.549671,607.193044,321.374324,601.030548,290.966448
671.137921,295.699957,673.546416,314.026748,585.839630,325.553118,583.431135,307.226327
660.659431,298.190782,668.730449,333.488120,597.688971,349.732322,589.617953,314.434984
658.258620,336.125185,624.866363,361.457888,598.368939,326.530355,631.761196,301.197652
654.763424,311.860824,656.592155,331.484131,596.809525,337.055382,594.980794,317.432075
656.516080,307.285375,635.789426,352.323096,587.986231,330.323753,608.712885,285.286032
662.992449,315.788973,666.827731,338.250346,583.720649,352.440890,579.885367,329.979517
668.519752,329.862051,672.791122,350.508173,584.575876,368.758574,580.304505,348.112453
665.299311,336.505944,668.798326,368.476498,594.528270,376.604977,591.029256,344.634424
664.489906,357.650760,660.312932,380.067002,600.706108,368.960048,604.883082,346.543806
646.406715,354.418380,648.443780,380.066779,608.984705,383.200725,606.947639,357.552326
656.012052,359.285676,660.277847,379.943587,608.862603,390.560678,604.596807,369.902768
667.660500,381.655579,663.022885,401.150618,582.876613,382.084867,587.514228,362.589828
654.583076,384.246089,654.364582,403.932377,589.212345,403.209267,589.430839,383.522979
656.707551,383.718683,654.978779,410.381446,605.208287,407.154404,606.937060,380.491640
623.633879,360.178336,655.947617,372.529446,631.094774,437.550990,598.781037,425.199881
659.658892,371.144752,679.428470,418.541104,604.248050,449.899746,584.478471,402.503394
658.865337,385.735702,676.562940,421.186078,605.245126,456.789490,587.547523,421.339115
677.638290,439.577748,629.827868,463.283069,604.165227,411.524996,651.975649,387.819676
686.418563,402.839858,651.480363,463.232667,585.314712,424.954786,620.252912,364.561977
681.202664,391.715797,692.217829,426.112270,612.130518,451.759519,601.115353,417.363046
672.644872,404.262730,682.089611,451.358888,620.033498,463.803720,610.588759,416.707563
688.859889,466.800392,641.686363,482.992181,616.242123,408.862354,663.415650,392.670565
650.744600,373.419073,673.519450,383.474356,651.900592,432.440284,629.125741,422.385001
693.181437,447.536473,641.391504,462.083859,622.208138,393.789442,673.998071,379.242056
701.071344,421.187803,698.879534,473.423089,611.198876,469.743979,613.390686,417.508694
683.570641,479.573071,641.114774,481.198714,638.413705,410.656657,680.869573,409.031014
692.118836,406.702866,689.823426,440.714037,632.313627,436.832707,634.609037,402.821536
664.840927,377.555238,695.484253,402.372414,662.147749,443.535091,631.504423,418.717915
653.969889,365.575387,705.508006,397.202783,674.466302,447.786491,622.928185,416.159094
719.021131,414.409664,719.834825,444.414257,630.409369,446.839382,629.595676,416.834789
709.204200,420.386714,699.597112,452.196798,654.075787,438.448724,663.682874,406.638641
710.518414,403.582360,714.023204,437.144652,642.026676,444.662992,638.521886,411.100701
695.671839,377.407676,720.018726,413.172790,663.619893,451.565959,639.273005,415.800845
692.588787,373.174493,715.375073,412.557677,659.329773,444.984315,636.543487,405.601131
727.360314,396.656263,735.890732,416.663624,643.078808,456.235282,634.548391,436.227921
721.369250,408.751562,722.359681,436.807002,663.386001,438.888926,662.395571,410.833486
709.019524,397.281041,716.442278,424.027983,654.557197,441.202198,647.134444,414.455256
707.032552,382.227587,716.807092,412.290448,643.867692,436.005724,634.093152,405.942864
706.649588,407.980617,676.348255,436.931978,638.373093,397.186075,668.674426,368.234714
701.254282,391.221546,709.917988,411.438149,624.613781,447.994760,615.950076,427.778156
702.627398,384.702671,716.916927,409.445770,639.832658,453.963149,625.543129,429.220050
677.948834,394.574689,688.247525,421.372177,640.321249,439.790991,630.022557,412.993503
680.980132,381.926524,690.815822,409.694358,613.958425,436.918143,604.122735,409.150309
675.310070,371.344307,656.434913,422.049231,614.008344,406.255732,632.883501,355.550808
650.003665,392.749116,653.734924,423.300756,567.268017,433.860925,563.536757,403.309284
652.338922,385.062300,661.755302,404.876075,564.337573,451.173277,554.921193,431.359501
625.612468,388.310102,641.083063,421.920527,574.912539,452.378262,559.441944,418.767837
609.558210,386.486618,620.262393,418.120495,559.254203,438.764277,548.550019,407.130401
610.198330,370.116283,621.141521,405.180076,546.158949,428.581669,535.215758,393.517876
592.476729,390.351792,559.157890,433.638575,505.519919,392.352188,538.838758,349.065405
561.641602,378.371793,562.729034,413.980192,478.393351,416.555689,477.305919,380.947289
537.373970,379.873390,547.087341,401.409199,475.899530,433.517287,466.186159,411.981478
514.573361,375.037074,530.927141,403.684843,462.280600,442.872203,445.926820,414.224433
491.964445,363.670548,510.425490,398.042176,452.618662,429.090298,434.157616,394.718670
427.523015,327.931068,473.531868,331.202323,468.265944,405.265354,422.257091,401.994099
459.568980,404.369980,399.234836,412.564012,390.086160,345.200647,450.420304,337.006615
424.745715,360.151288,431.543072,396.081682,363.336222,408.985141,356.538865,373.054746
403.796393,365.044535,415.001570,395.413062,345.430035,421.083103,334.224859,390.714576
371.684845,357.869246,389.642400,392.074807,323.709941,426.688644,305.752386,392.483083
303.789706,315.479697,349.035587,323.238182,337.994667,387.626550,292.748786,379.868066
293.470879,308.693999,334.132516,326.619474,305.252584,392.129890,264.590946,374.204415
289.937530,379.056734,247.310573,382.866597,241.999855,323.447202,284.626811,319.637339
271.363245,365.509555,258.035991,390.441950,206.003166,362.628552,219.330420,337.696157
241.829359,354.725347,240.664411,383.868740,154.982837,380.443794,156.147784,351.300402
202.628036,352.602761,192.373706,404.686242,121.402809,390.713309,131.657139,338.629828
199.151788,357.719040,176.840388,409.740508,97.625880,375.766330,119.937281,323.744863
153.610113,321.256919,137.067354,367.114302,82.293257,347.354895,98.836016,301.497512
74.871816,279.674247,116.478249,288.110632,102.034136,359.345887,60.427703,350.909503
