498.070000,371.740000,521.750000,394.340000,460.480000,458.550000,436.800000,435.960000
516.895229,375.835370,531.099730,400.711381,454.979137,444.177155,440.774636,419.301144
518.065169,375.424579,532.251773,400.663908,456.038897,443.501888,441.852293,418.262559
524.049850,377.697367,535.618873,402.854862,455.525622,439.686853,443.956599,414.529358
524.861779,378.693958,535.645166,402.966301,455.081645,438.757970,444.298258,414.485627
525.601939,378.739926,536.217215,403.701527,454.051945,438.643479,443.436669,413.681878
526.552269,378.798108,537.507420,405.167690,456.330473,438.892371,445.375321,412.522790
524.997406,377.899334,537.636501,404.877041,460.334993,441.092907,447.695899,414.115200
522.268556,377.580498,536.669527,405.197068,464.972661,442.584205,450.571690,414.967634
523.949238,378.130377,538.342330,406.465633,466.454735,442.981441,452.061643,414.646185
520.207777,374.762220,541.033237,404.642869,476.528979,449.599419,455.703519,419.718770
528.311836,378.981412,542.218741,405.260229,471.426827,442.723728,457.519922,416.444911
529.365510,379.160668,544.961467,406.015086,478.585453,444.563582,462.989497,417.709165
534.999666,377.351085,551.578303,405.745748,480.832278,447.051843,464.253641,418.657180
546.112676,379.803580,558.576999,408.732642,480.897109,442.201658,468.432786,413.272595
555.841566,381.480927,566.392008,412.151934,484.795556,440.220090,474.245115,409.549083
564.146971,381.859543,575.109126,416.171809,489.328461,443.577196,478.366306,409.264930
558.485192,375.207507,574.037064,406.794941,495.068478,445.674622,479.516606,414.087187
566.656522,375.816349,579.902985,405.716610,495.402247,443.152265,482.155784,413.252004
569.420778,379.440501,581.443672,412.177570,496.872912,443.236712,484.850018,410.499644
568.034752,375.857686,582.501758,408.666431,501.484245,444.391079,487.017239,411.582334
567.660602,374.240657,585.790959,412.235557,505.937271,450.340037,487.806914,412.345137
567.162940,376.130463,580.713603,404.307028,504.759384,440.834904,491.208721,412.658339
567.467876,376.466999,580.683939,404.508677,504.153527,440.577514,490.937464,412.535837
570.435706,378.351672,585.008437,411.509376,507.640459,445.512415,493.067729,412.354710
569.178086,379.249214,584.946688,412.582633,512.168723,447.010747,496.400121,413.677328
564.106431,377.334582,584.101628,407.533754,521.723012,448.835308,501.727815,418.636137
571.242677,377.288712,590.149895,408.034051,526.097104,447.424089,507.189886,416.678749
575.780337,376.162235,593.911327,406.646648,526.845618,446.534825,508.714628,416.050411
579.231908,377.406744,594.746543,403.943852,525.852129,444.222232,510.337494,417.685124
580.129875,375.291042,595.610125,400.072028,527.583890,442.566829,512.103641,417.785844
581.395560,374.642840,597.748680,399.167179,533.184605,442.219272,516.831484,417.694933
585.025969,375.762714,600.015394,401.025488,533.902177,440.253132,518.912752,414.990358
585.702415,376.850238,601.015251,403.660361,533.989945,441.942452,518.677109,415.132330
579.523126,372.265747,600.323588,396.115265,544.532750,444.773489,523.732288,420.923971
575.321890,370.051881,599.707874,394.153437,547.349322,447.129885,522.963337,423.028330
585.963021,376.982067,602.208158,402.758805,541.890590,440.772426,525.645453,414.995687
578.363692,372.365417,601.860504,397.302426,549.027857,447.083807,525.531045,422.146798
582.913353,374.031224,603.036290,401.041670,550.878187,439.899754,530.755250,412.889308
578.474239,371.753393,604.345221,397.167717,560.832817,441.461973,534.961836,416.047649
585.891214,377.337471,603.515599,403.070789,552.048964,438.319560,534.424579,412.586243
579.501988,373.929189,603.696705,396.630170,561.437957,441.669566,537.243240,418.968586
580.071765,374.951579,603.596639,397.133210,561.659493,441.609925,538.134619,419.428294
579.123096,374.124244,602.927580,395.259703,562.638111,440.637002,538.833627,419.501542
578.745331,374.769383,604.311307,396.146269,565.067174,443.080821,539.501198,421.703935
578.718808,375.013091,603.507826,394.684475,565.434179,442.663220,540.645161,422.991836
576.675639,374.005675,603.000860,392.143583,566.450226,445.192892,540.125005,427.054983
579.194528,375.349611,604.932661,394.643210,567.852774,444.108684,542.114642,424.815084
578.584600,374.769211,604.750736,393.478241,569.378976,442.948590,543.212840,424.239560
578.752989,374.490597,604.665251,392.693138,570.251073,441.683507,544.338811,423.480966
577.422022,374.537787,603.908660,391.889180,570.032131,443.601188,543.545493,426.249796
576.982348,373.609499,604.500644,389.926467,574.715701,440.158277,547.197405,423.841309
575.534913,373.640473,603.842630,388.144851,575.535699,443.390556,547.227982,428.886178
576.332112,372.570372,604.220670,387.454779,574.207849,443.689084,546.319291,428.804677
571.990938,372.894722,602.771773,383.833245,583.629358,437.699707,552.848523,426.761184
575.365930,372.807993,604.865684,386.221775,581.116693,438.450848,551.616939,425.037066
575.151316,373.526234,603.513806,385.580292,581.381765,437.655683,553.019275,425.601625
569.030103,373.572023,600.506671,381.663728,586.851918,434.780436,555.375351,426.688731
566.252727,374.852562,598.540378,380.398054,589.406627,433.577715,557.118975,428.032223
573.963569,373.472797,602.542345,385.004696,581.936166,436.071689,553.357389,424.539790
572.484888,372.769160,601.916485,383.465742,583.156326,435.084235,553.724729,424.387653
571.722313,373.198223,600.188004,382.914089,582.817214,433.807293,554.351523,424.091428
567.908066,373.447113,597.118511,381.748676,582.681011,432.549451,553.470565,424.247888
562.616416,376.723616,592.119348,381.744306,583.554640,432.072837,554.051709,427.052146
558.161165,375.630807,587.913645,377.753775,583.975385,432.946781,554.222905,430.823813
555.298086,377.508068,583.963590,377.766217,583.447292,435.097226,554.781787,434.839077
582.042685,431.338290,553.446021,433.340435,549.598148,378.381222,578.194812,376.379076
579.923306,431.125572,551.571006,433.325230,547.307054,378.365387,575.659354,376.165729
580.688313,430.459873,549.560765,433.858173,543.708138,380.249619,574.835685,376.851319
580.825337,429.044145,549.276547,434.320570,540.581592,382.331718,572.130383,377.055293
580.009095,429.646278,547.966248,436.158555,537.350344,383.924326,569.393191,377.412049
578.398398,424.869300,546.344772,434.251232,532.459512,386.811865,564.513138,377.429932
577.301188,425.158133,547.960185,437.425082,527.918408,389.487669,557.259411,377.220719
579.339006,416.703350,558.585632,439.605178,529.045593,412.836332,549.798967,389.934504
575.051737,423.394264,547.764802,440.169965,521.594708,397.602346,548.881643,380.826645
572.606603,422.348423,545.031255,437.959248,520.314116,394.298281,547.889463,378.687456
567.953505,425.434007,536.835286,435.474436,521.843412,389.010247,552.961631,378.969818
566.461904,421.502158,536.296895,434.414648,518.219410,392.183635,548.384419,379.271145
565.274244,422.154566,533.025758,432.794283,518.795137,389.661933,551.043622,379.022216
561.586464,425.633824,529.368010,432.223348,520.211139,387.452249,552.429593,380.862725
559.745254,429.676953,526.522748,432.123945,522.977747,383.993905,556.200253,381.546913
555.888156,428.077623,523.641580,429.022506,522.286418,382.774127,554.532995,381.829244
523.956370,381.049213,555.111487,383.041450,552.042366,431.037172,520.887248,429.044935
523.325196,382.000209,554.684781,383.804678,551.953692,431.267835,520.594107,429.463365
523.191151,380.493175,555.043117,384.161445,549.347646,433.615812,517.495680,429.947543
523.762314,379.199136,553.187432,383.329148,545.812410,435.874002,516.387293,431.743989
519.591667,378.065418,548.888158,379.034054,547.037629,435.003470,517.741138,434.034834
517.760892,376.274956,547.090283,376.755813,546.151108,434.039782,516.821717,433.558924
516.507548,375.421349,546.031825,376.063060,544.799334,432.768417,515.275057,432.126707
519.663810,373.144366,548.984016,376.797223,541.917832,433.514998,512.597627,429.862141
516.339319,374.513282,545.659221,375.400863,543.925664,432.666296,514.605762,431.778715
518.448356,373.474400,547.215863,376.303150,541.511217,434.317623,512.743709,431.488873
523.560819,370.974732,550.640760,378.305644,535.978936,432.465526,508.898994,425.134614
523.421224,372.055391,551.592448,379.197595,537.653631,434.176918,509.482407,427.034715
522.510998,371.902761,551.403776,378.436804,538.737784,434.444343,509.845006,427.910299
521.546682,371.641677,550.729690,377.836826,538.726589,434.378902,509.543582,428.183754
521.836737,372.036665,551.720317,378.590230,539.308261,435.187919,509.424681,428.634353
522.991236,372.482206,552.269753,378.209002,540.995123,435.851083,511.716606,430.124287
523.918950,372.582943,553.114004,378.721069,541.125478,435.742659,511.930424,429.604533
525.282298,372.808001,554.984221,378.795837,543.745514,434.544063,514.043590,428.556227
524.825338,372.574120,553.982642,378.047944,543.548165,433.629054,514.390861,428.155230
526.139131,371.701932,555.826418,377.509468,545.091276,432.385968,515.403989,426.578433
527.331793,371.635933,556.593161,378.299073,543.863579,434.201388,514.602211,427.538248
528.350068,370.316954,557.639950,377.157741,544.580266,433.074790,515.290384,426.234003
531.010301,369.519335,559.358485,378.113915,542.169325,434.810282,513.821141,426.215702
530.184209,368.957051,558.947669,377.481331,541.366342,436.805968,512.602881,428.281688
533.695761,369.691329,562.038584,381.000077,539.421089,437.685722,511.078266,426.376975
532.424649,367.406311,561.064126,378.407382,539.061983,435.686337,510.422506,424.685265
532.254155,367.766902,561.309490,378.573728,539.695840,436.684399,510.640504,425.877574
535.268210,366.509261,562.864923,379.119042,535.784902,438.384114,508.188189,425.774333
535.255716,366.191583,562.906502,379.063413,534.630678,439.804485,506.979892,426.932655
535.302763,366.750025,562.855416,379.007704,532.824102,446.511705,505.271449,434.254026
538.353626,367.929076,565.332753,381.349699,530.721673,450.927447,503.742547,437.506824
538.834442,367.667462,565.832130,381.173387,531.102609,450.596013,504.104921,437.090088
539.882282,368.486296,566.153416,381.974152,530.185801,452.030509,503.914667,438.542654
540.888071,368.965799,568.132240,383.269626,531.861822,452.353054,504.617653,438.049227
540.823728,369.854341,569.242715,384.278099,534.924120,451.895689,506.505132,437.471932
543.537784,370.049062,573.229827,385.600725,538.557268,451.799380,508.865224,436.247718
545.521498,369.131064,574.943738,385.516354,538.412599,451.113479,508.990359,434.728189
550.300198,369.031557,578.397035,386.110077,538.740133,451.351885,510.643296,434.273365
557.145346,368.129823,582.661119,386.351488,537.106955,450.140921,511.591182,431.919255
562.442948,366.581566,587.148965,385.167931,538.691656,449.580049,513.985639,430.993684
565.198651,366.518362,589.597644,385.977272,538.865486,449.588934,514.466492,430.130024
565.318420,367.373432,590.140350,387.432823,539.815913,449.705385,514.993982,429.645994
565.864939,367.754018,590.198319,386.626584,541.815923,449.008521,517.482543,430.135956
566.080184,366.708802,590.776043,386.262946,541.890684,448.002594,517.194824,428.448450
565.232351,367.829931,589.839205,387.261516,541.607235,448.339243,517.000381,428.907658
563.811131,365.875987,589.565849,384.215590,544.842958,447.020956,519.088240,428.681353
563.237698,367.423894,588.194789,385.423554,543.838485,446.924959,518.881393,428.925299
558.598780,371.256840,583.900081,388.951749,542.301523,448.432000,517.000222,430.737091
552.604589,372.019435,580.112017,388.231971,545.029152,447.756243,517.521724,431.543706
547.450031,375.125012,576.238986,390.105044,546.762150,446.754280,517.973194,431.774248
545.660828,375.518302,574.245816,388.715436,548.277261,444.963315,519.692273,431.766180
541.046397,376.588060,571.423970,388.572790,549.451964,444.265006,519.074392,432.280276
538.628485,377.503948,568.508557,387.475472,550.123561,442.566855,520.243489,432.595332
535.466686,376.954418,565.095701,384.058377,551.652824,440.125588,522.023810,433.021629
535.655186,376.767961,563.043661,384.342815,547.893953,439.119763,520.505479,431.544910
533.185156,377.278077,561.487024,383.347295,549.161843,440.821857,520.859975,434.752639
533.083828,376.810026,561.357719,383.971138,547.259280,439.635361,518.985388,432.474249
531.185350,376.535946,559.785037,382.828962,547.295821,439.588340,518.696134,433.295324
530.474455,378.164783,558.486048,383.667031,546.782854,443.247244,518.771261,437.744996
526.354332,377.553770,554.652632,380.144741,548.927423,442.674857,520.629123,440.083886
526.626928,378.461262,555.255574,380.984021,549.762469,443.320587,521.133823,440.797828
524.105243,378.771632,553.443659,380.071271,550.720606,441.542238,521.382190,440.242599
522.631705,379.218290,552.123402,379.918178,550.712689,439.362378,521.220993,438.662490
522.753190,379.399783,551.616108,380.235022,549.839568,441.625989,520.976651,440.790750
522.223602,379.788954,551.417006,380.542386,549.826427,442.172906,520.633023,441.419474
523.708411,378.298479,552.663642,380.793177,547.473060,441.038738,518.517829,438.544039
524.553663,378.097328,554.672558,382.380159,546.171787,442.161603,516.052892,437.878771
525.132044,378.268859,555.225158,383.038468,545.759318,442.761727,515.666204,437.992117
525.706963,377.079111,556.709291,383.952896,543.679878,442.718503,512.677550,435.844718
528.798185,377.381236,558.595736,387.975887,539.011684,443.056207,509.214134,432.461556
530.230757,375.908820,560.500941,387.117162,539.255277,444.494973,508.985093,433.286631
532.497354,375.933343,562.068063,389.379821,536.601249,445.384952,507.030539,431.938474
535.015695,375.657848,563.882756,389.848946,535.278825,448.034115,506.411764,433.843017
537.304670,374.491983,565.169130,389.493004,533.231473,448.817338,505.367012,433.816317
542.588981,374.458468,569.134520,391.914704,530.788033,450.227856,504.242494,432.771619
542.241092,373.674750,568.645918,390.276189,530.940955,450.246471,504.536129,433.645032
545.007234,372.126858,571.134382,389.441672,530.635325,450.552629,504.508177,433.237815
544.711099,371.616487,571.399384,389.610114,530.014041,450.993169,503.325756,432.999541
546.172385,372.998286,571.995072,391.156178,529.104878,452.151146,503.282191,433.993254
548.607250,373.793680,573.395174,392.448774,528.557492,452.026766,503.769569,433.371672
548.795266,372.874601,573.676392,391.405203,528.812827,451.643719,503.931701,433.113116
550.836025,371.896466,575.447568,390.042916,530.240622,451.355884,505.629079,433.209433
551.159509,371.495675,577.398378,390.007859,532.529864,453.603762,506.290995,435.091578
553.657750,371.843566,579.170290,390.567056,531.358521,455.715149,505.845981,436.991659
559.711049,373.623483,581.880530,393.761700,527.545340,453.577470,505.375859,433.439253
561.567131,374.882273,584.155092,396.416991,528.395554,454.903676,505.807593,433.368958
566.236182,376.905331,586.059758,398.043399,526.710568,453.701903,506.886991,432.563835
564.761002,377.168833,586.479572,397.561163,531.234895,456.398743,509.516325,436.006412
571.632992,379.671164,590.934634,401.286870,529.828695,455.851125,510.527054,434.235419
573.685590,381.779269,592.418209,403.715566,531.576027,455.672076,512.843408,433.735779
577.320495,380.615231,595.356216,403.284621,531.546082,454.051836,513.510361,431.382446
580.027728,380.216532,598.702508,403.612058,535.321903,454.203733,516.647124,430.808208
585.006530,379.700885,602.525477,401.929119,536.695707,453.812157,519.176760,431.583923
590.696758,378.006891,607.888959,400.998120,538.481474,452.899104,521.289273,429.907875
590.441316,381.513135,606.151421,404.879072,539.260701,449.853099,523.550595,426.487163
592.358983,379.625129,608.559778,403.161182,540.667317,449.894245,524.466522,426.358192
594.144042,378.685693,609.895863,402.524563,541.129893,447.962508,525.378072,424.123638
593.594886,379.516102,609.076591,403.692231,540.653584,447.508377,525.171879,423.332248
593.849678,379.633962,609.261241,403.854864,540.711517,447.472497,525.299954,423.251594
592.897591,379.889118,608.494901,403.990826,541.192019,447.545579,525.594709,423.443871
593.851677,379.701974,609.104055,403.696977,541.193668,446.864084,525.941290,422.869080
593.981509,377.712265,610.225674,402.205854,541.280755,447.930171,525.036590,423.436581
592.634136,378.412258,609.130965,402.906122,541.546043,448.425148,525.049215,423.931284
592.715755,378.501712,609.052350,402.108577,541.795055,448.652460,525.458460,425.045596
592.495339,377.383086,609.996942,399.279315,545.150418,451.110988,527.648815,429.214759
593.889960,376.091296,611.604130,397.465321,545.837901,451.970458,528.123731,430.596434
596.432080,375.101757,614.161749,395.939086,548.381163,451.909216,530.651495,431.071888
597.596649,374.984088,615.354320,396.063854,548.243230,452.598480,530.485559,431.518715
599.686226,373.458184,618.334860,395.082213,552.190772,452.125094,533.542138,430.501065
606.523197,372.467307,624.239975,394.644946,554.602187,450.275627,536.885410,428.097987
607.465116,374.173512,625.090072,396.976392,556.681433,449.851261,539.056476,427.048382
607.372589,379.083425,622.975645,402.639770,555.604496,447.264512,540.001440,423.708166
615.131729,372.951146,631.195058,396.744798,557.569419,446.450193,541.506090,422.656541
621.896086,373.075908,636.394557,397.830040,560.190662,442.462585,545.692192,417.708454
624.038726,372.889912,637.624357,397.367229,559.786491,440.569533,546.200861,416.092217
625.438738,374.211483,638.905506,399.089530,562.807951,440.281998,549.341183,415.403951
623.542776,374.372009,637.907259,400.653092,565.510312,440.223176,551.145830,413.942092
625.820903,374.274426,639.277452,399.633639,564.662845,439.226948,551.206296,413.867735
625.105476,375.549101,638.182058,400.484566,566.309248,438.175892,553.232666,413.240428
624.411105,374.122180,639.026228,399.459124,568.645830,440.056686,554.030708,414.719743
624.016668,375.110836,639.113692,401.621334,569.704388,441.148086,554.607364,414.637588
624.773324,374.683480,639.601524,400.546768,569.819446,440.554929,554.991246,414.691641
623.378352,374.538024,638.989269,400.266084,571.810445,441.027921,556.199528,415.299861
623.266453,375.186625,639.137924,399.923343,574.089517,441.659435,558.218045,416.922717
618.089255,370.894013,640.692052,395.644473,584.293464,447.149207,561.690667,422.398747
618.052370,369.870148,642.948005,397.241801,586.493972,448.589048,561.598337,421.217396
625.322744,369.184609,644.627599,393.453282,581.155684,443.942904,561.850829,419.674230
621.001505,367.710699,645.509786,392.176911,590.159996,447.621874,565.651715,423.155662
626.272936,367.599665,646.263039,390.521510,584.688671,444.220415,564.698568,421.298570
624.719024,367.677034,645.655099,390.648592,585.929046,445.082386,564.992972,422.110827
624.537115,369.318086,645.188576,392.927779,585.949708,444.744171,565.298248,421.134478
624.476457,370.447548,645.286122,394.482270,587.345273,444.648428,566.535608,420.613705
625.140689,371.496433,644.543885,395.408838,584.980257,443.740434,565.577062,419.828029
625.514412,371.706706,645.216398,396.054062,586.697315,443.407958,566.995329,419.060602
626.787817,372.351483,645.553140,396.738095,585.893034,442.646115,567.127712,418.259503
626.552134,372.503523,645.958410,397.783556,586.245228,443.622519,566.838952,418.342485
619.424212,367.970094,645.321362,391.188039,596.305702,445.859801,570.408551,422.641856
626.200591,373.665563,645.172501,400.079030,585.270531,443.104612,566.298621,416.691145
628.155314,374.119509,646.397716,399.761214,586.567071,442.326817,568.324670,416.685112
625.912764,373.117356,644.873271,397.563789,587.831593,441.804971,568.871086,417.358537
626.789413,372.375545,645.796396,396.963843,587.513022,442.017434,568.506038,417.429136
627.073967,371.733086,645.763785,396.033217,586.813467,441.373331,568.123649,417.073200
627.187299,372.074883,646.175337,396.318264,587.991223,441.889556,569.003185,417.646174
626.750298,372.498206,646.356589,397.491171,588.916617,442.551243,569.310326,417.558278
614.198005,363.420296,646.736995,385.606329,605.489722,446.101352,572.950732,423.915319
610.212578,363.116081,646.517139,385.005912,609.034551,447.171256,572.729990,425.281425
609.313930,363.415404,645.791549,384.686649,609.722915,446.540003,573.245296,425.268758
615.455245,364.766725,646.645906,387.229674,603.217538,447.531618,572.026877,425.068669
612.274288,364.463306,645.805969,386.933864,605.938849,446.425555,572.407168,423.954997
611.927614,363.672800,646.813193,385.538748,608.371445,446.869846,573.485866,425.003897
608.723461,365.332600,644.807341,387.410188,608.486148,446.773990,572.402269,424.696402
608.047797,365.294394,644.615315,386.149121,610.085356,446.695339,573.517838,425.840612
607.632104,365.124547,644.936923,386.405384,610.612993,446.574447,573.308174,425.293610
609.618061,364.772029,646.399344,386.313336,610.612979,447.417724,573.831697,425.876417
609.876090,364.524386,646.412431,385.433686,611.106564,447.126196,574.570223,426.216896
611.396342,362.492533,647.397312,383.262020,610.358393,447.463749,574.357424,426.694262
612.628005,363.849076,647.327843,385.731572,608.755307,446.897389,574.055469,425.014893
611.559810,363.316339,646.924277,384.342984,609.696776,446.955483,574.332309,425.928839
607.034953,364.867307,644.987762,385.394653,611.427181,447.444483,573.474371,426.917137
613.424900,362.778163,648.253583,384.162800,609.471275,447.326683,574.642592,425.942046
611.273096,362.821748,647.219749,383.372068,610.229173,448.076044,574.282519,427.525724
610.644619,360.939837,647.600367,382.393903,609.967825,447.217919,573.012077,425.763853
611.760242,360.733459,648.190764,381.211750,611.746347,446.045731,575.315825,425.567439
609.318883,361.118502,647.445102,381.785005,611.871613,447.412104,573.745394,426.745601
610.896322,359.793260,647.767582,380.111539,611.263555,446.354820,574.392295,426.036540
613.114553,361.317702,648.057434,382.049535,609.453330,447.115589,574.510449,426.383755
612.447133,360.414632,648.320523,380.883193,610.067803,447.925266,574.194413,427.456705
613.944670,359.292978,648.617456,379.590662,609.771888,445.947200,575.099103,425.649516
613.005817,359.115507,648.320381,379.197145,610.499963,445.706241,575.185399,425.624603
614.447875,359.116020,648.270487,378.772802,608.956922,446.418024,575.134311,426.761242
614.847086,359.997777,648.302123,380.273838,608.798764,445.453478,575.343727,425.177418
612.527776,358.856463,648.512418,378.473408,610.886475,447.493131,574.901833,427.876186
613.873997,359.630758,647.509205,379.738789,606.587598,448.189388,572.952390,428.081357
612.064181,359.032760,647.762518,378.292696,610.221964,447.874200,574.523627,428.614263
612.964018,358.885667,648.025274,378.812181,609.202929,447.121181,574.141672,427.194667
611.195079,359.435818,647.186658,378.611756,610.113179,448.195475,574.121600,429.019538
612.559367,359.071731,647.969239,379.170126,609.135050,447.589201,573.725178,427.490805
611.557634,359.010787,647.985203,378.365236,610.889175,448.184743,574.461606,428.830294
613.360269,358.985352,647.868620,379.073997,607.338897,448.696108,572.830546,428.607463
612.191683,358.653313,647.982142,378.386101,609.854383,447.540547,574.063924,427.807760
612.970198,360.490378,647.343764,380.515507,607.644825,448.659595,573.271258,428.634467
612.449864,360.306999,647.323521,380.414456,608.471824,447.797454,573.598167,427.689997
610.695666,359.566339,647.056787,379.045338,610.371338,447.525449,574.010218,428.046449
611.866140,360.092027,647.034749,380.135277,608.330542,448.047074,573.161933,428.003824
613.448691,361.396602,647.302909,381.426776,607.945373,447.947345,574.091155,427.917171
611.874391,359.010214,647.065759,378.870806,608.691058,446.867687,573.499689,427.007096
612.919136,358.848363,647.728001,378.607588,608.550228,447.625164,573.741363,427.865939
612.041593,358.693508,647.784574,378.827105,609.223616,447.284001,573.480635,427.150403
611.072075,358.379128,648.118199,377.900919,610.701432,448.905990,573.655309,429.384199
612.678781,359.038999,648.228379,379.022403,608.950653,448.895751,573.401055,428.912346
611.650877,358.276298,648.045815,378.021829,609.542029,448.991959,573.147091,429.246428
610.137802,357.846802,647.110067,377.330001,609.134340,449.394585,572.162075,429.911385
612.553054,359.240892,647.694024,379.121859,608.280879,448.787290,573.139909,428.906323
610.211064,360.273782,646.631858,380.297946,608.919681,448.890442,572.498887,428.866277
618.039638,359.526795,650.294025,381.077848,604.882878,449.042450,572.628490,427.491398
617.031372,359.825048,648.977092,380.585627,604.813677,448.542884,572.867958,427.782305
617.578161,359.871662,650.160426,381.719396,604.514268,449.793058,571.932002,427.945324
619.703410,358.872473,653.159013,381.474758,605.971787,451.320665,572.516185,428.718381
618.231387,357.447651,651.998724,379.884087,605.923901,449.227727,572.156564,426.791291
617.858425,356.557939,651.473222,378.161499,606.337213,448.392415,572.722416,426.788855
618.572868,358.205432,652.498374,380.667238,606.371450,450.335687,572.445945,427.873881
617.519852,357.466794,653.134413,380.201912,609.205541,449.016488,573.590980,426.281370
613.192314,357.245435,648.608470,377.274627,608.192420,448.739370,572.776264,428.710177
614.876556,358.187136,649.956951,379.348523,608.376681,448.278423,573.296285,427.117036
617.463199,358.399557,650.111671,379.646280,605.257478,448.570831,572.609006,427.324108
616.500795,358.647007,649.481914,379.651244,605.945859,448.012109,572.964740,427.007872
616.795628,357.626765,650.427280,378.932800,607.815210,446.196104,574.183558,424.890069
618.741058,357.128815,651.931242,378.851064,607.323052,447.009478,574.132868,425.287229
616.242535,357.496178,650.131021,378.667832,607.031583,447.655107,573.143097,426.483453
615.263256,357.846540,649.233811,378.886258,607.154375,446.827370,573.183819,425.787652
617.894804,357.545377,651.080292,378.940217,606.789219,447.640001,573.603730,426.245160
616.299144,357.855467,650.197920,378.956483,607.625695,447.348752,573.726918,426.247736
619.510736,357.657875,650.793126,379.153211,605.066685,445.699386,573.784295,424.204050
618.485372,357.722402,650.900349,379.210771,606.415655,446.315460,574.000678,424.827090
617.215811,358.141503,649.284452,379.707743,604.226415,446.708297,572.157774,425.142057
616.605611,356.887047,650.249609,378.290249,607.074185,446.158313,573.430188,424.755112
616.678136,358.372422,648.892846,379.719854,604.291961,447.025589,572.077251,425.678156
614.967298,356.395863,649.128521,377.354559,605.372647,448.673604,571.211424,427.714907
615.999379,356.186797,649.124591,377.497275,604.566318,446.759083,571.441105,425.448604
614.123392,356.282523,648.137272,377.252128,604.700233,447.709452,570.686353,426.739846
612.995243,355.080411,648.031604,375.353948,607.134987,446.030746,572.098625,425.757209
612.573634,356.145217,647.900095,376.520484,606.798263,447.782483,571.471802,427.407216
612.891403,356.739870,648.434477,377.530302,607.205992,448.014025,571.662918,427.223592
613.256619,357.660542,647.654117,377.644534,607.686133,446.439531,573.288634,426.455539
613.011737,357.766956,648.150885,378.029155,607.969915,447.711871,572.830767,427.449673
612.302828,356.733278,647.215318,376.615835,607.793008,445.838876,572.880518,425.956319
614.152224,358.166298,647.917976,378.633098,606.266242,447.349364,572.500491,426.882564
612.661750,357.292120,647.421886,377.288826,607.428473,446.809098,572.668337,426.812392
612.223287,356.818063,647.730654,377.055818,607.941169,446.866913,572.433802,426.629158
612.050332,356.311823,647.264191,375.967401,607.953036,446.395121,572.739176,426.739543
611.694112,357.237971,647.300555,377.612062,608.278991,445.807454,572.672547,425.433363
614.566947,357.445033,647.863868,377.347507,605.926511,447.508876,572.629590,427.606401
610.910158,356.926085,646.597090,376.663189,607.451835,447.442270,571.764903,427.705167
609.849248,357.817339,646.436268,377.042820,610.266296,445.876028,573.679275,426.650547
612.385500,357.756498,647.763162,377.428405,609.097690,446.963810,573.720027,427.291903
611.121674,357.431979,646.913615,376.517403,609.389731,446.887998,573.597791,427.802574
611.122089,357.826149,646.673429,377.806453,608.090771,446.457317,572.539432,426.477012
610.972089,357.008038,647.648075,377.216642,609.251727,446.901015,572.575741,426.692411
607.892201,355.761720,646.717267,375.083398,611.241397,446.368764,572.416332,427.047085
600.378453,357.454077,643.063168,375.043173,613.931228,445.739731,571.246514,428.150635
605.232861,356.643901,644.066512,376.204369,609.918576,443.998709,571.084924,424.438241
608.914179,357.431290,644.327076,378.325065,605.105428,444.801906,569.692531,423.908131
619.612678,360.375866,647.339488,383.369876,596.045159,445.221989,568.318350,422.227980
620.904943,362.319772,647.098722,385.411793,594.379201,445.212683,568.185423,422.120662
623.582212,365.066606,646.141383,388.461772,588.103375,444.425870,565.544203,421.030704
624.015693,365.369207,646.509079,389.043629,587.107802,445.481579,564.614416,421.807157
620.752185,365.928317,643.259153,388.996814,585.999847,444.862324,563.492879,421.793827
617.964357,364.896233,642.966671,388.029287,589.760648,445.534610,564.758333,422.401556
616.558081,364.308013,642.246993,386.747472,590.141809,446.397995,564.452898,423.958536
618.264536,365.471388,641.150969,387.270451,586.036357,445.134262,563.149924,423.335199
618.578562,366.142337,640.493016,388.584644,582.959102,444.765336,561.044648,422.323029
617.955110,364.992312,639.931125,386.768071,582.918227,444.305273,560.942213,422.529513
617.996503,365.249953,639.306436,386.498966,582.248903,443.720083,560.938970,422.471071
617.342334,364.182076,639.139579,385.527022,582.478450,443.388801,560.681204,422.043855
615.461526,363.077732,638.256141,384.179497,582.864010,444.015360,560.069395,422.913596
615.133651,362.863657,637.912312,383.380437,583.580840,443.701707,560.802179,423.184927
612.437673,362.167735,636.397991,381.964575,584.566265,444.697045,560.605947,424.900205
611.385067,362.244276,635.474722,381.883528,584.769744,444.078638,560.680088,424.439386
608.761093,360.879398,633.952973,379.790219,585.325148,444.569340,560.133267,425.658519
609.503743,361.197139,633.723384,379.528795,584.499494,444.563017,560.279853,426.231362
607.565465,359.844261,632.988872,377.691649,586.139477,444.428093,560.716070,426.580704
607.011172,359.351370,632.888208,377.775103,586.020816,443.602650,560.143781,425.178917
603.304710,357.588322,632.504325,375.304247,590.973548,443.755803,561.773934,426.039877
604.660093,358.334415,632.009858,376.178771,588.181617,443.353632,560.831852,425.509277
606.297700,359.839936,632.147128,377.841522,586.821705,442.926687,560.972278,424.925101
606.528178,358.616041,633.082007,376.779843,587.985670,442.706591,561.431841,424.542789
606.647665,357.874274,633.403954,375.808751,589.039721,441.995362,562.283432,424.060885
608.638237,360.327058,637.888058,379.319520,596.533505,443.008646,567.283684,424.016185
616.508851,365.952625,643.544660,386.496641,592.358721,453.857046,565.322913,433.313029
621.757979,370.726488,650.604836,391.926997,597.064568,464.777533,568.217711,443.577025
626.641630,374.959698,658.489873,397.051763,604.889452,474.322909,573.041210,452.230844
625.919249,375.441632,658.886461,396.895629,610.524060,471.211549,577.556847,449.757551
633.731743,382.476627,667.612327,406.170755,613.078223,484.149876,579.197639,460.455748
639.899704,387.965002,674.068915,412.552968,614.815949,494.895165,580.646738,470.307200
647.271767,395.723832,684.562142,423.223027,621.829603,508.291694,584.539228,480.792499
653.338794,403.178881,691.786707,430.464181,627.974313,520.382687,589.526400,493.097388
634.538917,400.266017,686.475400,419.594979,648.093606,522.725994,596.157123,503.397033
651.735702,408.001165,703.964341,433.568975,651.367703,541.010747,599.139064,515.442937
670.154408,419.025162,715.802555,448.039245,647.479070,555.533269,601.830922,526.519186
675.866738,427.104436,729.394728,456.859433,671.661151,560.719711,618.133162,530.964714
688.182198,436.431737,742.379730,467.480027,687.925806,562.534159,633.728275,531.485869
688.347906,436.163020,749.614187,470.806679,696.073987,565.490931,634.807706,530.847272
705.904326,447.797963,751.820991,479.121545,692.414198,566.204876,646.497533,534.881294
704.017752,447.626711,750.755491,477.445980,695.027676,564.791920,648.289936,534.972650
704.156234,448.139845,750.469332,478.419784,693.221323,565.980485,646.908225,535.700547
707.522562,449.237655,752.566007,480.821203,692.314316,566.750237,647.270871,535.166689
706.284641,448.401343,752.071098,480.098314,692.999470,565.427621,647.213013,533.730649
708.104196,450.423882,751.158956,482.705035,687.621450,567.447737,644.566690,535.166584
709.360912,449.541005,751.590762,481.229327,688.214117,565.689027,645.984267,534.000705
709.470914,451.964190,750.548556,485.132507,685.281866,565.962707,644.204224,532.794389
710.758950,453.143840,749.950798,486.994044,680.030703,567.947696,640.838855,534.097492
712.655464,454.858465,750.223967,489.947069,677.122708,568.214783,639.554206,533.126179
711.868563,452.673794,749.649571,485.792865,676.114007,569.679510,638.332999,536.560439
712.208723,454.969578,748.762307,488.855193,675.732964,567.634469,639.179380,533.748854
713.549632,454.232752,749.300311,489.314812,673.784688,566.269663,638.034010,531.187602
710.371597,452.825793,747.590708,486.345933,676.005323,565.830813,638.786213,532.310673
712.785377,454.340883,749.043454,490.339816,673.445695,566.481778,637.187618,530.482845
711.793068,453.519628,747.565200,486.983393,673.592666,566.058632,637.820534,532.594867
713.830756,454.588181,747.950968,488.692723,671.963657,564.714951,637.843444,530.610409
713.492040,453.691813,747.385775,488.229724,669.826957,564.341972,635.933222,529.804061
707.618918,450.689944,745.141083,482.935249,675.185167,564.339268,637.663002,532.093963
709.019658,452.627846,745.029143,485.989529,671.978562,564.837885,635.969076,531.476203
711.245504,453.290062,746.894063,488.256817,669.848670,566.804492,634.200110,531.837736
707.354076,449.100652,745.543796,482.571245,675.255550,562.769658,637.065830,529.299065
727.301508,458.799182,745.615619,519.633490,610.339328,560.358289,592.025218,499.523981
719.621312,451.180360,748.695293,504.298849,638.609151,564.553621,609.535170,511.435133
719.994088,450.844004,749.522259,504.042209,641.513782,563.993344,611.985611,510.795139
716.851357,450.222977,749.359986,500.727362,654.053324,562.074292,621.544694,511.569907
712.728497,448.712231,747.268470,496.062512,656.386480,562.356977,621.846507,515.006696
710.225854,446.602037,747.044220,491.787424,660.317430,562.454933,623.499064,517.269546
709.344984,443.046866,748.399949,488.224723,662.346887,562.615132,623.291922,517.437275
704.394996,440.966189,746.715885,483.129683,667.829349,562.310701,625.508460,520.147207
702.491175,440.167243,745.451255,481.205676,666.065434,564.308780,623.105354,523.270347
700.494896,438.607455,745.037364,479.140080,667.240875,564.632882,622.698407,524.100257
699.904497,438.225162,744.433884,479.011584,665.492421,565.197494,620.963034,524.411071
702.208822,438.377581,745.213669,480.284745,662.773348,564.884444,619.768501,522.977280
698.713208,437.939045,742.414700,478.822465,663.373421,563.312016,619.671930,522.428596
701.365423,437.589150,744.060803,479.131016,662.339099,563.121928,619.643719,521.580061
703.195163,440.053312,745.241690,483.144140,661.179256,565.169331,619.132729,522.078504
701.944890,439.414831,744.075405,480.499050,661.906966,564.760081,619.776451,523.675862
700.094204,438.489664,742.853726,479.684493,661.150649,564.490878,618.391127,523.296049
701.892940,439.653790,743.519552,481.030827,662.168089,562.872978,620.541477,521.495941
697.154633,440.186477,740.682970,480.337992,663.725899,563.767305,620.197562,523.615790
696.487852,442.830376,739.837517,483.426594,664.444541,563.933114,621.094876,523.336896
708.495703,446.205681,743.299040,494.127632,650.497801,561.524571,615.694464,513.602619
706.826176,447.991394,733.114781,511.381455,590.487143,570.530816,564.198538,507.140754
700.033685,445.200238,720.026326,524.725670,595.889067,555.933696,575.896425,476.408264
685.594666,430.427541,717.439716,505.838748,563.716873,570.753659,531.871822,495.342453
679.812656,435.443067,706.426788,517.352796,538.406832,571.945888,511.792700,490.036159
640.941096,442.165583,667.434672,513.914799,502.194053,574.930308,475.700477,503.181092
624.677474,433.424890,655.038941,501.112260,491.923475,574.278418,461.562008,506.591048
618.864787,422.178316,652.398963,489.583879,492.453561,569.156500,458.919385,501.750938
612.120630,413.411495,642.741813,474.572670,489.239254,551.425835,458.618071,490.264660
621.800182,395.900236,659.803915,456.242500,497.095308,558.716853,459.091575,498.374588
597.739558,394.571431,638.747640,454.093833,502.066569,548.260540,461.058487,488.738138
597.963591,369.367956,645.673188,424.870980,514.484221,537.639118,466.774624,482.136093
592.473941,386.659148,626.616954,439.902149,495.824364,523.775202,461.681351,470.532201
551.652348,359.242109,622.824350,409.994100,539.500186,526.843654,468.328185,476.091664
610.018337,370.878268,641.507540,419.858529,499.123063,511.396912,467.633859,462.416651
608.729742,370.861169,640.303471,420.911413,497.769082,510.827901,466.195353,460.777658
590.329040,379.787795,624.481015,430.569953,501.588193,513.217734,467.436217,462.435576
570.509273,353.874339,628.092998,402.696241,531.200300,516.977789,473.616575,468.155887
605.021834,371.125919,637.477716,419.796914,500.590543,511.079081,468.134661,462.408087
589.807765,380.338262,623.314859,430.424113,498.100231,514.191847,464.593137,464.105996
589.122124,380.738900,621.595882,429.257019,498.927430,511.360481,466.453673,462.842362
598.542128,373.280530,631.513838,420.117583,501.607293,511.567421,468.635583,464.730367
588.154088,381.132037,620.459826,428.096238,501.720148,509.774896,469.414410,462.810696
598.128693,372.048899,631.893099,419.079660,503.398342,511.328839,469.633937,464.298079
598.183899,373.352890,631.152474,420.023267,504.349941,509.598263,471.381366,462.927886
597.037088,370.019589,633.138669,417.059946,509.978460,511.580449,473.876879,464.540092
597.549696,373.727463,630.852393,419.819883,506.489825,509.674330,473.187128,463.581910
597.518830,373.554372,631.044001,418.971595,505.075475,511.956503,471.550304,466.539279
596.820328,372.070873,630.606094,417.294576,508.587423,508.452397,474.801657,463.228693
563.754258,353.900367,623.885192,397.671492,535.717640,518.792373,475.586706,475.021248
563.853817,352.555484,624.654630,395.913619,538.585495,516.607771,477.784682,473.249635
575.918975,357.335830,628.523375,401.967437,532.451951,515.200638,479.847550,470.569032
566.540135,353.824771,625.087964,396.208193,538.236690,516.183251,479.688861,473.799829
594.481379,369.062423,632.617821,415.058883,516.668412,511.194496,478.531970,465.198036
574.895730,357.789613,627.050008,400.467799,534.206236,513.926230,482.051957,471.248045
558.722830,353.566048,621.755859,392.232979,546.916638,514.232391,483.883608,475.565460
564.341790,355.981244,622.947200,394.527890,547.918907,508.599134,489.313498,470.052488
565.941817,355.435544,623.633535,394.821713,542.047897,514.325985,484.356180,474.939815
561.221871,356.154615,624.267399,395.019963,553.662016,509.552673,490.616488,470.687324
564.963157,356.001484,625.056737,395.103651,542.736386,521.616451,482.642806,482.514284
560.574710,357.454162,624.936011,395.295361,552.355352,518.742446,487.994051,480.901247
594.437020,372.833845,633.646100,415.265180,530.867977,510.238283,491.658898,467.806948
567.089354,360.851952,625.324679,396.442813,546.516345,525.392462,488.281019,489.801601
548.738564,357.562153,621.962474,387.380568,562.325643,533.828389,489.101733,504.009973
573.049543,360.036411,631.313053,397.335104,549.255929,525.514827,490.992418,488.216134
560.967520,360.068368,629.282593,394.496567,572.798830,506.575983,504.483757,472.147784
564.407503,357.366624,632.243657,390.888270,576.199656,504.301839,508.363502,470.780194
560.833431,358.846070,630.801893,388.955352,582.627043,500.904891,512.658581,470.795610
558.272557,358.854189,628.892769,385.930156,585.915043,498.025731,515.294831,470.949763
565.610241,360.472718,632.636558,390.097275,583.756039,500.690698,516.729722,471.066141
560.369182,360.077586,630.408184,384.474977,592.668470,492.816557,522.629468,468.419167
559.642566,361.123713,628.979337,382.305361,595.441727,492.088582,526.104957,470.906934
584.587406,364.388891,641.648389,401.833606,577.457450,499.652435,520.396466,462.207720
559.865351,362.805346,629.827437,383.091263,598.915563,489.700156,528.953477,469.414239
559.420910,363.613443,628.826161,382.293025,590.844345,523.417035,521.439095,504.737453
585.817756,364.037141,644.306162,403.988344,579.300815,499.155919,520.812410,459.204717
581.291412,363.241454,642.852787,400.308514,584.016184,498.024982,522.454809,460.957922
580.567013,363.780792,643.197029,400.466230,584.062293,501.422077,521.432277,464.736639
576.444712,362.958854,640.681904,396.795937,586.443050,499.764378,522.205858,465.927295
557.344745,365.074883,628.101655,382.120999,589.998572,540.283503,519.241662,523.237387
547.981276,369.023702,623.704580,378.571937,603.484789,538.927169,527.761484,529.378934
546.407538,369.940168,622.621857,378.375332,609.385138,497.973187,533.170818,489.538023
553.825281,366.367328,627.527624,380.998737,606.625611,486.287798,532.923268,471.656389
567.825565,361.902608,639.475539,393.142036,593.748260,498.020983,522.098286,466.781555
568.966085,362.673918,638.531539,393.766844,591.003782,500.102610,521.438327,469.009685
572.473284,362.678336,642.290252,397.457510,591.087579,500.243602,521.270611,465.464428
570.536152,360.952237,641.056906,394.693600,591.332792,498.618922,520.812037,464.877559
571.671551,359.702741,641.661605,394.973591,589.219420,499.037751,519.229366,463.766901
570.330253,360.298202,641.355323,394.439353,591.252075,498.670949,520.227005,464.529798
555.622206,362.964291,633.173283,384.210805,602.821120,494.998057,525.270043,473.751543
542.391286,370.120457,623.015763,377.231901,611.099290,512.332376,530.474813,505.220932
542.590339,370.919832,622.752278,376.979217,613.230387,502.947978,533.068448,496.888593
544.550967,368.895939,623.671338,377.419137,611.919655,486.509345,532.799285,477.986147
545.170253,368.120089,624.308392,376.275921,608.749573,527.247140,529.611433,519.091308
544.409066,368.518386,624.723157,376.821859,613.353786,486.790383,533.039695,478.486910
548.126998,363.438850,628.289508,375.898291,609.789126,494.927472,529.626616,482.468031
546.031450,365.165902,628.243875,375.645140,613.385254,492.214996,531.172829,481.735759
547.438302,363.134860,629.539519,375.422418,607.757031,520.965485,525.655813,508.677927
548.818072,361.507118,631.881573,375.736211,607.458503,518.307891,524.395002,504.078798
547.856759,363.638491,629.032924,376.290755,610.821333,493.135234,529.645168,480.482970
548.222955,363.814709,630.172184,375.466567,611.529210,506.585334,529.579981,494.933475
545.615627,365.050634,631.987361,376.659840,613.143432,516.857438,526.771697,505.248231
547.985317,364.046186,631.232326,375.986463,611.628886,512.660658,528.381877,500.720381
546.618133,365.579041,631.455258,376.453637,614.343762,509.947349,529.506636,499.072753
546.336577,364.646554,632.133162,375.088625,617.756398,493.214358,531.959812,482.772287
571.430433,356.037059,648.767288,391.905895,599.311771,498.537013,521.974917,462.668177
540.412653,370.608050,628.595241,375.396450,620.548069,523.592189,532.365481,518.803789
570.211053,357.388293,648.858148,394.463550,601.423628,495.085569,522.776533,458.010312
540.490271,368.958207,629.143044,373.684065,623.251906,484.196426,534.599132,479.470568
569.176991,356.868713,650.290504,394.274348,602.731910,497.404385,521.618398,459.998750
540.894652,369.240052,631.729418,374.974971,624.771049,485.187820,533.936283,479.452901
574.881611,354.442151,653.724170,396.034242,600.248624,497.403245,521.406066,455.811154
566.386107,357.783834,648.763096,393.052400,605.392292,494.353833,523.015302,459.085267
539.596753,375.084713,628.024748,375.631829,627.029991,536.410002,538.601996,535.862886
542.909229,366.297176,632.965598,374.505641,622.677655,487.376289,532.621287,479.167825
539.520722,373.508949,629.457290,377.911724,624.062341,488.115687,534.125772,483.712912
576.227057,354.042993,654.239358,395.544565,599.310808,498.796140,521.298506,457.294569
541.193597,369.677393,628.898741,374.274118,623.071907,485.449652,535.366763,480.852927
568.619111,355.391581,649.674243,392.880150,601.862735,496.254811,520.807603,458.766242
539.265388,369.725901,628.862727,374.588007,622.601934,489.959924,533.004594,485.097818
568.601821,355.577278,648.997625,390.949713,601.140801,499.720507,520.744997,464.348072
561.961617,355.928788,645.754147,387.489137,603.817793,498.829896,520.025263,467.269547
565.081364,358.178526,646.734468,392.229815,601.482097,500.742493,519.828993,466.691204
540.289387,369.939491,624.298146,374.157483,616.694661,525.594325,532.685901,521.376333
537.929245,375.542618,622.698038,377.273307,619.568572,530.553864,534.799780,528.823175
629.587634,512.762883,548.195089,521.219940,534.184143,386.375574,615.576688,377.918517
536.877772,398.765399,624.197931,405.275484,617.868682,490.170084,530.548522,483.659998
625.577819,523.118743,542.507014,528.578045,533.029061,384.357898,616.099865,378.898597
629.189621,522.469862,548.567534,533.003370,531.902580,405.452009,612.524667,394.918501
624.662041,509.447029,543.253258,515.799440,534.246108,400.369075,615.654892,394.016664
627.448917,519.753681,547.335744,528.684006,531.341131,385.197725,611.454305,376.267399
541.614446,366.421315,623.376420,372.526341,612.423285,519.216942,530.661311,513.111916
539.825280,370.131408,620.678429,373.202623,615.055743,521.226081,534.202594,518.154866
540.790523,368.445010,621.161554,372.999938,612.407551,527.463013,532.036520,522.908085
542.869510,368.731075,624.780924,376.356909,612.696910,506.154996,530.785496,498.529161
541.774704,366.694974,622.652305,373.125135,611.231572,516.773411,530.353971,510.343250
542.034617,367.224050,622.526834,373.572576,612.564533,499.883440,532.072315,493.534915
630.584511,512.220898,549.341780,525.705238,529.618417,406.872587,610.861148,393.388246
543.057813,363.788398,624.427574,372.632267,610.530067,500.499034,529.160306,491.655165
622.913405,486.852006,542.409487,495.368327,532.731850,403.886603,613.235767,395.370282
546.762646,378.494510,629.136717,394.941775,607.207031,504.773869,524.832961,488.326605
541.179272,397.230643,625.059714,412.288888,608.828099,502.705468,524.947658,487.647223
536.269226,392.493541,618.066090,394.093001,616.071958,496.073506,534.275094,494.474046
541.280496,389.726786,624.675759,400.703725,611.243452,502.753192,527.848189,491.776253
618.435262,493.136417,537.516358,495.303486,534.893064,397.349023,615.811968,395.181954
541.544794,381.277457,624.604407,392.309581,610.483288,498.625885,527.423675,487.593761
538.703261,397.695468,622.935942,409.090883,610.543428,500.693924,526.310747,489.298509
617.785634,494.420705,537.435296,495.205095,536.330957,382.080277,616.681296,381.295887
543.427742,364.720855,626.077663,374.299501,611.134976,503.233379,528.485054,493.654733
557.833930,358.374546,636.955635,382.892231,598.625169,506.589545,519.503464,482.071860
560.056224,356.955232,638.506883,384.080702,595.829477,507.509738,517.378818,480.384268
543.019494,363.045533,626.075575,372.716176,611.004443,502.154225,527.948361,492.483582
556.339836,357.789562,636.872698,382.414321,598.604492,507.566742,518.071630,482.941983
