1.861522
0.037689
0.037047
0.037258
0.037055
0.037023
0.037129
0.037281
0.037647
0.037026
0.047556
0.037237
0.037152
0.037365
0.037203
0.037233
0.037290
0.037104
0.037158
0.037276
0.047717
0.037163
0.037039
0.037037
0.037309
0.037169
0.037220
0.037287
0.037271
0.037636
0.048185
0.037812
0.037555
0.037779
0.037723
0.037715
0.037801
0.037715
0.037929
0.038177
0.048355
0.038077
0.048387
0.037628
0.037591
0.037463
0.037512
0.038421
0.037747
0.038426
0.047880
0.037327
0.037251
0.037256
0.037353
0.037388
0.037364
0.037209
0.037106
0.037273
0.048096
0.037329
0.037451
0.037245
0.037168
0.037540
0.037645
0.047990
0.047887
0.047993
0.047871
0.048007
0.049008
0.048154
0.048351
0.049085
0.048893
0.048522
0.048349
0.037875
0.049157
0.037648
0.037745
0.037742
0.037548
0.047542
0.037654
0.037880
0.048167
0.037461
0.048078
0.037560
0.037426
0.037672
0.037528
0.037606
0.048253
0.048395
0.048391
0.048001
0.047800
0.037313
0.037474
0.037396
0.047915
0.047928
0.047776
0.037192
0.037439
0.037301
0.048139
0.037651
0.038249
0.037620
0.037509
0.037716
0.037888
0.038306
0.048366
0.047997
0.048020
0.047949
0.037500
0.037592
0.037367
0.037308
0.037371
0.037321
0.037576
0.037426
0.047681
0.037112
0.037245
0.037206
0.037496
0.037172
0.037237
0.037196
0.037261
0.037071
0.047614
0.037423
0.037194
0.037186
0.037236
0.037359
0.037074
0.037290
0.037257
0.037449
0.047757
0.037336
0.037617
0.037381
0.037413
0.037325
0.037271
0.037188
0.037391
0.037347
0.047913
0.037485
0.037424
0.037471
0.037385
0.037671
0.037793
0.037714
0.037824
0.037320
0.048258
0.037754
0.037995
0.037997
0.037880
0.037763
0.037984
0.038026
0.038110
0.037810
0.048130
0.037728
0.037483
0.037597
0.037375
0.037322
0.037917
0.037732
0.037744
0.037343
0.047732
0.037285
0.037368
0.037474
0.037723
0.037212
0.037210
0.037192
0.037240
0.037536
0.047983
0.037489
0.037326
0.037177
0.037167
0.037308
0.037185
0.037176
0.037118
0.037305
0.047571
0.037095
0.037254
0.037111
0.037202
0.037139
0.037169
0.037444
0.037487
0.037391
0.047686
0.037333
0.037263
0.037297
0.037236
0.047906
0.037351
0.037687
0.037434
0.037697
0.048526
0.037908
0.037735
0.038033
0.038202
0.038236
0.038194
0.048958
0.048541
0.037809
0.048274
0.037805
0.048102
0.047933
0.037308
0.037452
0.037407
0.048053
0.048460
0.047599
0.047956
0.048212
0.047926
0.037390
0.037227
0.047623
0.037235
0.037562
0.037565
0.037199
0.047595
0.037305
0.037140
0.037441
0.037804
0.037262
0.037255
0.037246
0.037186
0.037100
0.047992
0.037359
0.037225
0.037456
0.037159
0.037537
0.037459
0.037280
0.037406
0.037317
0.047571
0.037425
0.037611
0.037178
0.037176
0.037536
0.037800
0.037401
0.037461
0.048118
0.047954
0.037584
0.037769
0.048131
0.037819
0.037757
0.037631
0.048097
0.037694
0.037713
0.047924
0.037454
0.037381
0.037613
0.037682
0.037585
0.037903
0.037449
0.037348
0.037591
0.047961
0.037423
0.037371
0.037448
0.037890
0.038560
0.037527
0.037652
0.037713
0.037411
0.048480
0.038074
0.037644
0.037589
0.036915
0.037659
0.037620
0.037661
0.037505
0.037458
0.048166
0.037950
0.037769
0.037488
0.037571
0.047513
0.048347
0.037815
0.037943
