1.827875
0.036550
0.036212
0.036113
0.036063
0.038116
0.036059
0.036341
0.036293
0.036183
0.046926
0.036255
0.035982
0.036435
0.036858
0.036942
0.036871
0.037319
0.036990
0.036992
0.047400
0.036654
0.036607
0.036450
0.036178
0.036062
0.035649
0.036112
0.036052
0.036124
0.046963
0.036541
0.036091
0.035477
0.036308
0.036376
0.036164
0.036184
0.036103
0.035981
0.046357
0.035902
0.036046
0.035837
0.035858
0.035938
0.035887
0.035847
0.035875
0.035940
0.046310
0.036161
0.036046
0.035948
0.036376
0.035893
0.036155
0.035924
0.039177
0.036555
0.046442
0.035824
0.035652
0.035645
0.035732
0.035676
0.035689
0.035606
0.035740
0.035758
0.046125
0.035745
0.035675
0.035639
0.035710
0.046177
0.046116
0.046050
0.035634
0.035622
0.046144
0.035663
0.035795
0.035915
0.035852
0.035812
0.035636
0.035779
0.035954
0.035755
0.046515
0.036125
0.035868
0.035815
0.035705
0.035760
0.035759
0.035701
0.035716
0.035716
0.046195
0.035712
0.035727
0.035716
0.035720
0.035743
0.035815
0.036111
0.035977
0.035827
0.046182
0.035843
0.036753
0.035947
0.035960
0.035929
0.035969
0.035889
0.035975
0.035936
0.046413
0.036012
0.036096
0.035994
0.046463
0.035986
0.035958
0.035927
0.036034
0.035864
0.046322
0.035938
0.035811
0.035845
0.035769
0.035728
0.035766
0.035652
0.035787
0.035670
0.046173
0.035753
0.035676
0.035666
0.035705
0.035585
0.035631
0.035752
0.035713
0.035699
0.046417
0.035776
0.035764
0.035747
0.035810
0.035760
0.035949
0.035874
0.035960
0.035810
0.046417
0.036062
0.035989
0.035975
0.035969
0.036007
0.036986
0.035954
0.035963
0.036060
0.046441
0.035985
0.036092
0.035927
0.035995
0.035921
0.036093
0.035968
0.035922
0.035996
0.046457
0.035986
0.036059
0.035975
0.035974
0.035958
0.035882
0.035913
0.035998
0.036099
0.046397
0.036086
0.035961
0.036023
0.035986
0.035894
0.035951
0.035942
0.035916
0.035918
0.046386
0.035973
0.036030
0.035997
0.035947
0.035992
0.036258
0.036143
0.036062
0.036188
0.046486
0.036036
0.036051
0.035970
0.035974
0.036004
0.035928
0.035956
0.036266
0.036077
0.047440
0.036251
0.036236
0.036112
0.036019
0.036069
0.036222
0.036275
0.036318
0.036428
0.046852
0.036457
0.036616
0.036520
0.036535
0.036541
0.036479
0.036626
0.036479
0.036466
0.046875
0.036544
0.036517
0.036631
0.036618
0.036706
0.036586
0.036639
0.036533
0.036514
0.046855
0.036429
0.036368
0.036394
0.036428
0.036505
0.036533
0.036401
0.036485
0.036572
0.046930
0.036560
0.036532
0.036589
0.036479
0.036536
0.036483
0.036496
0.036518
0.036590
0.046991
0.036634
0.036490
0.036509
0.036649
0.036500
0.036520
0.036686
0.036623
0.036724
0.047219
0.036642
0.036711
0.036697
0.036686
0.036685
0.036676
0.036687
0.036589
0.036604
0.047124
0.036645
0.036552
0.036471
0.036551
0.036563
0.036552
0.036599
0.036526
0.036630
0.046989
0.036764
0.036503
0.036537
0.036472
0.036524
0.036393
0.036493
0.036433
0.036443
0.046938
0.036509
0.036509
0.036512
0.036478
0.036580
0.036466
0.036519
0.036552
0.036590
0.046906
0.036799
0.036682
0.036666
0.036488
0.036361
0.036101
0.036818
0.036094
0.036027
0.046650
0.036123
0.035981
0.036035
0.035913
0.035983
0.036063
0.036123
0.035976
0.035983
0.046407
0.036052
0.035964
0.035966
0.036011
0.036024
0.035967
0.035982
0.036027
0.036090
0.046536
0.036189
0.036143
0.036212
0.036102
0.036421
0.036351
0.036592
0.036921
0.037064
0.047374
0.037409
0.037320
0.037309
0.037282
0.037143
0.036985
0.036849
0.036883
0.036941
0.047274
0.036972
0.036892
0.036942
0.036897
0.036906
0.036870
0.036884
0.036881
0.036962
0.047286
0.037615
0.036920
0.036864
0.036872
0.036824
0.037092
0.037048
0.037357
0.037486
0.047675
0.037336
0.037324
0.037441
0.037451
0.037471
0.037462
0.037522
0.037539
0.037453
0.047981
0.037615
0.037544
0.037596
0.037435
0.037293
0.037347
0.037474
0.037911
0.037909
0.048839
0.038356
0.038569
0.046573
0.046588
0.036262
0.047652
0.036430
0.047384
0.047608
0.047348
0.036090
0.038558
0.038666
0.038563
0.038437
0.037982
0.037988
0.037907
0.037906
0.049201
0.038035
0.037959
0.038656
0.037887
0.038176
0.049678
0.038542
0.038579
0.038768
0.049926
0.039101
0.036404
0.036359
0.038916
0.036073
0.038948
0.035990
0.038636
0.038727
0.047621
0.038575
0.038500
0.038780
0.038979
0.038783
0.038862
0.039103
0.038536
0.038962
0.049658
0.038406
0.038124
0.038066
0.038055
0.037800
0.038145
0.038870
0.038894
0.038401
0.049436
0.037987
0.037680
0.037674
0.037660
0.037957
0.038270
0.038728
0.039133
0.038657
0.050745
0.039291
0.039279
0.036234
0.036231
0.036904
0.036569
0.036194
0.036202
0.036301
0.047999
0.036329
0.038636
0.036098
0.039254
0.036048
0.039190
0.036019
0.038511
0.038514
0.050632
0.036780
0.036176
0.039373
0.036114
0.039295
0.036040
0.038735
0.038379
0.038255
0.049822
0.038916
0.038950
0.038503
0.038811
0.038902
0.038548
0.038695
0.038870
0.036236
0.047816
0.038862
0.039160
0.038692
0.038751
0.039173
0.038303
0.038364
0.038157
0.038183
0.049851
0.038195
0.038124
0.038548
0.038334
0.038342
0.038781
0.038406
0.038207
