170.310000,24.846000,195.110000,24.825000,195.160000,84.779000,170.360000,84.800000
169.466258,22.696903,199.278100,22.894837,198.860239,85.830950,169.048396,85.633016
171.587624,22.623040,200.707115,23.662023,198.458570,86.681817,169.339078,85.642834
176.485552,17.508261,205.973914,20.323019,199.651536,86.558416,170.163174,83.743658
176.514743,15.519107,206.190991,16.899465,203.140846,82.474399,173.464598,81.094042
174.231857,15.476626,203.883709,16.931030,200.587061,84.141896,170.935209,82.687492
173.750265,15.598427,203.729947,17.218765,200.090827,84.550181,170.111145,82.929843
170.283103,16.313684,199.701728,18.890355,193.689498,87.533813,164.270873,84.957143
167.248826,16.478680,195.868581,18.595297,190.723011,88.170907,162.103257,86.054290
163.795591,17.515512,192.743045,19.260476,188.410722,91.130017,159.463268,89.385054
160.561194,17.717518,189.114551,19.026242,185.842740,90.409634,157.289383,89.100910
156.833064,15.263551,185.970467,16.155171,183.756790,88.496309,154.619387,87.604689
154.584257,15.519819,184.488088,15.900208,183.563350,88.597451,153.659519,88.217063
152.986367,15.523232,182.737580,16.010853,181.526934,89.875933,151.775721,89.388311
151.443701,17.287546,182.169019,17.773880,180.998521,91.722950,150.273203,91.236617
152.688838,20.608530,183.348099,20.975614,182.449375,96.037943,151.790114,95.670858
153.381429,22.114489,186.469942,22.945969,184.498530,101.397766,151.410017,100.566286
155.835133,20.596567,191.557550,23.413791,185.174775,104.347391,149.452359,101.530166
153.649982,19.893968,195.245472,23.884376,187.320859,106.489503,145.725370,102.499095
147.422389,21.625205,194.870262,24.304106,190.208279,106.875728,142.760407,104.196827
144.329639,23.974071,194.891046,25.274408,192.790501,106.950527,142.229094,105.650190
195.276609,107.260817,145.851735,111.625110,138.677553,30.378741,188.102427,26.014447
194.718082,112.080842,150.221676,119.539425,136.014851,34.784366,180.511257,27.325783
193.789530,116.199680,149.497536,126.372962,129.635413,39.898116,173.927408,29.724834
190.493214,116.202874,143.372954,127.710973,122.933197,44.019765,170.053457,32.511666
183.505551,122.642344,117.052901,125.595329,113.270427,40.476204,179.723077,37.523219
118.244952,35.979271,185.620089,41.907209,175.763170,153.937960,108.388033,148.010023
182.286781,141.522848,115.563695,145.910387,108.846969,43.766403,175.570055,39.378864
121.559364,43.969968,184.622058,49.499899,177.274067,133.295533,114.211373,127.765602
179.013014,136.258943,121.446395,137.409958,119.728462,51.489631,177.295082,50.338616
135.717265,56.932340,185.272484,60.993532,177.416407,156.854448,127.861188,152.793256
151.962885,61.454767,197.324926,71.959605,174.914606,168.731960,129.552564,158.227122
198.000470,170.300518,150.505246,177.995764,133.873587,75.344795,181.368811,67.649550
191.327881,164.236178,144.318680,165.282013,142.312734,75.116824,189.321935,74.070989
203.095800,180.567793,150.756933,191.257109,130.842591,93.749083,183.181458,83.059767
144.347584,90.028478,193.503107,91.075217,190.788128,218.572355,141.632604,217.525616
143.073039,92.805614,193.124908,92.952092,192.758710,218.081765,142.706841,217.935286
205.196697,210.918597,147.907904,216.417373,137.233810,105.209717,194.522603,99.710941
202.308939,225.764859,145.529810,229.154332,138.447330,110.511374,195.226460,107.121902
199.537711,226.438097,145.267953,228.955748,139.861195,112.409219,194.130953,109.891568
197.303709,227.444836,142.259456,228.643032,139.805089,115.891096,194.849341,114.692900
196.439419,230.621763,143.540379,234.716605,134.947922,123.715341,187.846963,119.620498
197.244699,226.518973,142.754603,230.909166,134.385798,127.037419,188.875895,122.647226
197.954013,229.288100,138.548486,233.234386,131.600799,128.647189,191.006327,124.700903
194.911494,228.192862,136.053992,231.897206,129.419346,126.480783,188.276848,122.776439
131.433378,123.534177,190.755963,123.732644,190.411564,226.674776,131.088979,226.476309
196.885092,225.888758,132.733061,226.824452,131.270216,126.530432,195.422246,125.594738
203.574898,217.036554,136.836299,227.076637,122.833026,133.993854,189.571625,123.953772
205.424895,210.525007,137.413658,223.674916,120.630222,136.871102,188.641458,123.721193
162.766343,116.893336,216.197761,148.833062,179.378354,210.427613,125.946937,178.487887
201.383784,124.565194,201.095792,191.220822,129.502710,190.911496,129.790703,124.255868
206.410163,215.921204,134.074380,222.737736,124.765781,123.956613,197.101565,117.140080
215.824901,190.109956,160.286810,214.612809,123.532530,131.305672,179.070621,106.802819
220.433202,187.046909,164.905351,214.743818,122.611422,129.951289,178.139273,102.254379
218.856159,180.953233,163.054063,207.407569,122.441068,121.739564,178.243163,95.285227
132.323285,95.220275,205.140881,95.348504,204.986069,183.262430,132.168473,183.134202
151.036195,79.174473,215.861153,100.120605,184.965609,195.737418,120.140651,174.791286
151.743936,76.401396,214.754546,93.588185,188.974364,188.104100,125.963754,170.917311
142.501725,78.379500,212.860272,85.109514,203.616639,181.746554,133.258092,175.016540
228.777200,110.246075,190.958764,170.400331,121.604445,126.797898,159.422882,66.643642
227.954948,99.993731,193.332546,162.998106,128.130344,127.167946,162.752746,64.163571
206.113837,44.991162,246.796971,96.414391,171.331713,156.118211,130.648579,104.694982
207.381147,42.545904,246.121571,112.986177,170.202609,154.739745,131.462185,84.299471
204.516444,28.524869,252.110735,102.692241,170.842231,154.843432,123.247941,80.676060
241.370380,98.813399,173.159471,152.209677,122.190297,87.099264,190.401206,33.702986
214.723066,23.974221,252.778847,111.143834,165.609234,149.199615,127.553453,62.030002
142.874190,41.280021,232.674543,54.410313,218.926355,148.436564,129.126002,135.306272
240.532760,131.856575,152.194475,146.181344,135.893875,45.658468,224.232160,31.333699
170.199863,21.659423,239.081027,67.376205,180.469768,155.685389,111.588604,109.968608
240.500029,105.595560,169.669286,149.621749,109.206654,52.347529,180.037396,8.321340
247.527382,107.790198,178.610960,157.829061,106.637252,58.702700,175.553675,8.663837
246.781783,137.201771,188.845948,174.099083,113.733563,56.158275,171.669398,19.260963
237.523805,150.311209,160.880609,173.241983,125.767861,55.882088,202.411058,32.951314
245.319515,155.268079,180.551445,189.783018,117.179755,70.864594,181.947825,36.349656
214.697644,175.775784,158.086059,185.104183,137.680188,61.266339,194.291773,51.937941
214.360502,176.351161,152.515356,185.006804,135.833569,65.814341,197.678716,57.158697
172.588931,72.887327,222.770955,111.975907,173.744600,174.916072,123.562576,135.827492
213.072802,160.918526,128.261243,165.683561,122.864697,69.631916,207.676256,64.866881
224.781993,135.445783,171.935466,173.825037,115.529592,96.156655,168.376120,57.777401
133.058057,60.639496,211.551265,72.749431,195.404684,177.407042,116.911476,165.297106
212.331672,146.867603,140.834259,171.446252,111.081158,84.896752,182.578571,60.318103
205.640909,151.778627,130.283420,161.396311,118.692878,70.580875,194.050367,60.963192
211.279239,147.404615,144.947914,169.621613,117.326782,87.155641,183.658107,64.938643
211.403822,156.506386,139.620689,160.139209,135.215891,73.102160,206.999024,69.469337
214.376270,148.883591,144.338112,166.324571,123.919404,84.328678,193.957562,66.887699
219.839227,169.697656,151.900244,187.609128,124.561681,83.912787,192.500663,66.001314
219.196383,168.048248,150.883739,187.060042,122.756701,85.994761,191.069345,66.982967
222.010159,166.492941,156.054243,188.600826,122.892416,89.666952,188.848332,67.559067
219.859902,168.811892,153.689370,188.587881,123.152917,86.412796,189.323448,66.636807
221.368008,167.611852,155.739534,188.075227,123.670065,85.224633,189.298540,64.761258
220.630775,173.133091,156.292829,191.002637,126.226610,82.751489,190.564556,64.881944
220.138608,172.609464,154.849097,189.221764,126.480399,77.727368,191.769911,61.115067
221.707069,172.291239,156.648526,190.427141,124.561931,75.323564,189.620474,57.187663
220.469010,171.294641,153.362058,189.133458,124.441551,80.338854,191.548503,62.500037
220.743857,169.637255,156.302311,187.356779,126.400614,78.611669,190.842161,60.892145
223.448989,172.762812,159.299969,192.207392,126.692903,84.634420,190.841923,65.189840
222.164106,175.615315,156.371276,192.984270,126.176015,78.605964,191.968845,61.237009
221.243887,177.582206,155.317597,194.247268,125.632955,76.816065,191.559244,60.151002
219.831417,173.725711,155.433531,189.413809,128.041614,76.973056,192.439500,61.284958
222.890453,175.263841,159.371724,193.190667,129.120204,86.002813,192.638933,68.075986
221.548349,173.707887,157.377690,190.548897,129.054174,82.625515,193.224833,65.784505
219.745053,173.067003,154.908914,190.080631,126.378368,81.355414,191.214507,64.341785
217.670146,173.754224,151.834709,188.050518,128.300809,79.675260,194.136246,65.378966
220.133371,171.826730,156.695653,189.867536,125.999358,81.928732,189.437076,63.887927
214.095812,171.875989,148.224135,185.173816,126.947613,79.779133,192.819290,66.481306
213.285591,176.047218,149.527828,187.605013,129.214126,75.545915,192.971890,63.988119
215.871074,170.781999,151.523852,186.774080,126.029231,84.191553,190.376453,68.199472
220.934715,176.804263,157.509959,195.745619,124.429281,84.975623,187.854037,66.034267
217.749147,178.366611,154.277909,194.959036,125.055428,83.173870,188.526667,66.581444
215.760978,177.739962,151.565582,192.333756,125.570387,77.985706,189.765784,63.391912
211.219081,184.244192,144.477732,192.086531,130.964778,77.086052,197.706127,69.243713
218.312250,179.857941,155.413271,195.490555,127.735856,84.128428,190.634835,68.495814
218.338002,176.748396,155.035009,192.909322,126.753389,82.129084,190.056382,65.968158
214.300014,177.886907,149.313750,190.329304,127.733967,77.618752,192.720231,65.176355
216.096868,173.610478,151.927434,188.071250,128.185868,82.718447,192.355302,68.257675
216.916358,173.537833,152.060940,188.129202,127.669397,79.714174,192.524815,65.122805
215.725611,174.521575,150.450420,187.102622,129.982746,80.908654,195.257937,68.327607
219.318990,171.184034,154.480744,188.189633,126.911061,83.073084,191.749306,66.067484
216.418808,174.265596,150.473546,187.944216,128.016110,79.675876,193.961371,65.997256
218.580829,179.601252,154.281954,193.792690,128.300705,76.076287,192.599580,61.884848
219.421459,178.440462,154.915379,193.677575,127.585318,77.976192,192.091399,62.739078
221.040531,176.631172,157.534128,196.173854,124.342589,88.313774,187.848991,68.771092
216.959073,172.078337,151.753496,189.037798,125.286459,87.277578,190.492037,70.318118
217.474538,174.346156,152.519573,190.046562,126.508452,82.434605,191.463417,66.734199
217.409536,172.940120,146.794404,188.148937,124.091387,82.737944,194.706518,67.529126
215.005893,147.705154,141.317109,164.615303,122.404442,82.200216,196.093226,65.290067
226.609039,167.072190,152.205581,191.530253,118.290401,88.357459,192.693859,63.899396
222.225343,138.596445,146.054748,177.467547,107.681994,102.273498,183.852589,63.402396
227.288832,162.151130,171.375503,184.769959,129.978779,82.438017,185.892108,59.819188
237.211079,152.112186,184.210308,185.578407,123.047903,88.714930,176.048674,55.248708
217.365921,169.403072,170.848792,185.580811,132.089624,74.133524,178.606753,57.955785
200.948759,172.226560,152.477400,178.118339,138.690636,64.695357,187.161996,58.803577
195.048264,149.505604,150.723613,153.452162,142.748277,63.879430,187.072928,59.932871
157.622317,57.902122,201.619473,66.813830,183.446579,156.533519,139.449424,147.621812
157.984658,55.138489,204.442401,65.723939,182.157245,163.529713,135.699502,152.944264
144.686287,59.113888,200.253157,61.002573,197.069374,154.672439,141.502504,152.783755
211.003727,173.282334,156.830570,183.691125,134.504469,67.493630,188.677625,57.084839
210.038881,154.168144,154.524686,162.806666,139.955239,69.178247,195.469434,60.539725
209.224093,167.222867,155.140366,175.637275,138.718698,70.086776,192.802425,61.672367
206.511215,162.929944,153.502262,170.825574,138.632160,70.992046,191.641113,63.096416
201.567061,161.805656,147.303809,163.926622,143.533203,67.458617,197.796456,65.337651
200.871866,163.102131,141.811041,163.546951,141.088208,67.573110,200.149033,67.128290
140.482011,67.275061,199.918088,67.686409,199.221082,168.397539,139.785005,167.986191
143.851402,64.958085,201.492898,67.056732,197.812662,168.138195,140.171167,166.039548
201.024861,167.710985,144.778737,170.444345,139.834571,68.705033,196.080695,65.971673
146.750705,64.234934,204.168121,68.169735,196.819303,175.405202,139.401887,171.470402
203.324718,166.950126,150.224677,171.791759,140.925667,69.805967,194.025707,64.964334
200.016185,168.563909,143.458987,170.804497,139.464895,69.985144,196.022093,67.744556
211.570924,179.467191,156.664948,192.172285,130.496246,79.082364,185.402222,66.377270
199.493632,168.930991,144.636221,170.984528,140.926606,71.887270,195.784016,69.833733
147.838816,73.288727,203.091762,78.682855,193.856361,173.282595,138.603416,167.888468
196.161690,169.635801,140.519911,171.891923,136.793893,79.998682,192.435672,77.742560
193.585018,172.877315,137.589074,176.977178,130.853585,84.983842,186.849529,80.883979
192.947631,174.723420,137.762665,180.327140,128.449439,88.611280,183.634406,83.007559
190.734515,174.118523,134.400617,177.536616,128.703796,83.646786,185.037694,80.228694
191.025457,175.695219,135.414423,180.730653,126.832909,85.956918,182.443944,80.921485
189.651798,176.236895,133.921821,178.628022,129.788586,82.294776,185.518563,79.903648
190.745346,172.868663,134.879677,178.470596,125.756529,87.489364,181.622197,81.887431
193.211758,177.940035,136.909961,183.981415,126.673178,88.581148,182.974975,82.539768
192.468972,174.930807,137.395529,180.394003,128.211024,87.806766,183.284467,82.343569
192.911962,175.868615,135.806445,181.422943,126.703519,87.833345,183.809036,82.279018
192.076562,173.779461,134.756432,176.288122,130.784384,85.531251,188.104514,83.022589
192.452212,172.175868,135.602923,175.526015,130.318183,85.848262,187.167473,82.498115
193.267561,170.130890,135.404166,173.834029,129.621181,83.472015,187.484576,79.768875
193.269933,173.519040,135.021309,177.154757,129.144397,82.999447,187.393021,79.363731
139.765971,74.981256,198.292559,85.714306,183.589751,165.887714,125.063162,155.154664
142.990044,67.801491,200.324429,81.632992,179.941164,166.125769,122.606780,152.294268
144.605036,67.181945,197.655249,78.602673,179.613809,162.406632,126.563597,150.985904
153.876867,64.540133,199.455921,81.598687,169.070371,162.786377,123.491317,145.727823
143.317255,66.078768,195.207946,76.260746,178.859418,159.578192,126.968727,149.396214
140.437241,67.978819,194.685022,75.377519,183.840353,154.891389,129.592572,147.492690
142.929419,65.179338,197.186151,75.441765,182.602703,152.543436,128.345971,142.281010
141.518558,62.760562,195.470378,71.309935,182.758811,151.527772,128.806991,142.978400
139.673349,64.942530,191.736634,71.452837,181.480671,153.470341,129.417386,146.960034
137.019293,69.808893,190.257724,74.200697,183.880583,151.505816,130.642152,147.114012
139.440480,64.432993,193.426942,71.344525,183.150585,151.613871,129.164123,144.702338
140.961087,62.335564,193.968867,70.096539,182.117650,151.040850,129.109870,143.279876
139.782249,65.284746,193.595174,71.326640,184.940569,148.410018,131.127644,142.368124
139.490713,64.345631,194.938009,71.890992,185.004875,144.884900,129.557580,137.339539
139.380218,57.319151,194.352808,66.213644,182.383675,140.189105,127.411085,131.294611
138.360508,56.090343,194.780187,65.972806,182.516408,135.987589,126.096729,126.105126
142.163388,51.933973,190.858948,62.883679,174.730326,134.610924,126.034766,123.661217
147.088758,52.610132,193.943996,67.982489,171.098965,137.614579,124.243728,122.242222
192.508835,136.186082,129.931525,136.505459,129.511669,54.240906,192.088979,53.921528
200.618135,134.505309,133.881997,141.139767,125.424886,56.069525,192.161024,49.435067
134.799071,52.725280,198.867974,56.751917,193.531467,141.662512,129.462564,137.635874
200.441452,137.494316,135.967964,145.750789,124.821725,58.711580,189.295213,50.455107
133.083777,48.947186,200.547928,54.505166,193.363222,141.714922,125.899072,136.156942
136.378225,42.741816,202.115709,54.823779,186.644903,138.999826,120.907419,126.917863
145.164944,39.766544,203.524614,61.695795,173.516165,141.556396,115.156495,119.627145
147.837057,49.881957,199.108822,55.933045,188.775426,143.489443,137.503661,137.438355
148.859555,50.921191,192.673135,59.028132,176.047036,148.883100,132.233456,140.776159
145.009600,48.951444,203.940558,86.107690,162.562011,151.735348,103.631053,114.579101
193.350129,138.472612,124.122070,152.384027,108.083027,72.568147,177.311086,58.656732
120.976050,48.734340,193.613730,58.425015,181.038925,152.681051,108.401246,142.990376
192.296379,153.161494,120.245424,160.430154,110.860572,67.402338,182.911527,60.133678
189.167474,161.117618,115.992897,163.944662,111.826727,56.108444,185.001303,53.281400
208.702257,147.719664,140.429192,178.206813,100.054320,87.791133,168.327384,57.303985
213.544795,148.614862,148.227250,183.305689,98.878327,90.389182,164.195872,55.698355
186.345771,166.324265,110.912541,168.639435,107.724988,64.782089,183.158219,62.466919
196.967660,126.497237,136.763338,163.827367,96.647377,99.130185,156.851699,61.800055
194.367797,129.222036,132.570424,166.533158,92.668251,100.444301,154.465624,63.133179
117.337392,63.929163,191.598252,81.231971,172.348878,163.847178,98.088018,146.544370
141.843373,64.153733,200.333378,106.992609,154.281586,169.869364,95.791581,127.030489
142.638396,64.229822,196.733981,103.375188,148.946131,169.413954,94.850547,130.268588
120.680969,64.812584,187.921627,75.753767,175.065736,154.761541,107.825078,143.820357
124.717127,67.995440,176.050860,75.249560,165.342396,151.027928,114.008663,143.773807
122.052003,66.677548,178.821098,72.139540,171.563384,147.572446,114.794289,142.110455
126.779395,63.427171,178.443145,73.802765,163.245092,149.479243,111.581343,139.103650
124.524939,65.112672,179.040538,72.742083,168.770177,146.128467,114.254578,138.499056
121.911464,62.935224,177.383143,68.525008,169.529141,146.466228,114.057462,140.876444
123.170763,64.652853,178.869461,71.867904,169.462495,144.487726,113.763798,137.272674
124.501213,59.370007,174.839029,67.230951,162.886087,143.772014,112.548270,135.911070
123.471211,59.380359,174.719453,66.625271,164.383378,139.739431,113.135135,132.494518
137.167069,49.721608,178.359671,65.216326,150.230798,139.996743,109.038196,124.502024
122.605994,58.530653,174.600766,65.410160,165.096184,137.245043,113.101412,130.365536
122.926664,57.975765,174.323313,63.877462,165.509091,140.638691,114.112442,134.736994
124.893414,56.412571,176.279554,64.580534,164.579497,138.187707,113.193358,130.019744
126.329573,53.860429,177.011814,62.220956,163.857919,141.961015,113.175678,133.600488
125.952533,54.609531,178.785009,63.133123,166.738332,137.803022,113.905857,129.279430
126.013355,54.869889,175.690147,62.710045,163.764276,138.274743,114.087484,130.434587
124.253655,52.716138,175.797992,59.968772,164.728183,138.641707,113.183846,131.389073
126.563698,47.536951,179.164616,56.266159,166.012610,135.518210,113.411691,126.789002
126.148029,50.399932,181.199206,59.587051,168.264709,137.093312,113.213533,127.906193
127.426731,50.741406,179.429996,60.158032,165.627544,136.381996,113.624279,126.965370
