1.853052
0.034757
0.034159
0.034224
0.034155
0.034173
0.034000
0.034101
0.034251
0.034125
0.044484
0.034158
0.034216
0.034152
0.034071
0.034248
0.034255
0.034313
0.034359
0.034537
0.045083
0.034757
0.034797
0.034755
0.034879
0.035131
0.035148
0.035338
0.035695
0.035185
0.045311
0.035131
0.035022
0.035034
0.034996
0.035146
0.035271
0.035355
0.035138
0.035354
0.045764
0.035286
0.035149
0.035224
0.035280
0.035262
0.035239
0.035339
0.035503
0.042118
0.045371
0.035115
0.035333
0.035445
0.035518
0.035367
0.035299
0.035176
0.035119
0.035264
0.045755
0.035370
0.035432
0.035770
0.038677
0.036965
0.036092
0.036092
0.036352
0.036969
0.047607
0.037381
0.035181
0.037148
0.036953
0.036610
0.036468
0.036216
0.036234
0.036205
0.046576
0.035895
0.035585
0.035379
0.035959
0.035811
0.035801
0.036041
0.036312
0.036616
0.046700
0.036285
0.036325
0.036388
0.036297
0.036398
0.036356
0.036361
0.036245
0.036199
0.046592
0.036354
0.036171
0.036120
0.036129
0.035844
0.035690
0.035873
0.036031
0.036236
0.046522
0.036332
0.036251
0.036045
0.035965
0.036021
0.036117
0.036233
0.036141
0.036176
0.046744
0.036387
0.036240
0.036058
0.036294
0.036741
0.036484
0.036884
0.036924
0.036393
0.046755
0.035961
0.036047
0.035300
0.035175
0.035434
0.038174
0.036624
0.035725
0.035717
0.045705
0.035056
0.035051
0.035142
0.035242
0.035173
0.035149
0.035090
0.035554
0.035402
0.045573
0.035095
0.034969
0.034974
0.034878
0.034938
0.034995
0.034975
0.034907
0.035072
0.045384
0.035077
0.035010
0.035008
0.035135
0.035112
0.035009
0.034981
0.035031
0.034811
0.045133
0.034693
0.034738
0.034700
0.034731
0.034620
0.034725
0.034721
0.034591
0.034557
0.044979
0.034738
0.034743
0.034708
0.034990
0.035010
0.035285
0.035147
0.035084
0.035255
0.045257
0.035473
0.035161
0.035500
0.035290
0.035928
0.035955
0.036144
0.036344
0.036283
0.046983
0.036449
0.035626
0.035423
0.035424
0.035200
0.035029
0.034863
0.034785
0.034627
0.045942
0.034663
0.034648
0.034692
0.034689
0.034602
0.034706
0.034732
0.034775
0.034758
0.045104
0.034677
0.034732
0.034725
0.034869
