811.410000,265.460000,881.660000,288.630000,828.780000,448.970000,758.520000,425.790000
806.136620,251.657656,882.722695,264.693023,849.344254,460.799791,772.758179,447.764423
813.765932,247.095785,894.515617,264.964619,850.776979,462.620565,770.027293,444.751731
818.579260,243.771354,902.544606,266.127591,848.489227,469.148279,764.523881,446.792042
821.569202,241.468772,906.622312,266.030726,846.917870,472.775209,761.864760,448.213255
825.371993,236.669034,920.197100,272.891059,843.161525,474.561357,748.336418,438.339331
832.853843,226.852871,936.202064,278.422196,844.448849,462.301497,741.100628,410.732172
833.989392,219.523886,946.440835,286.269694,830.640879,481.366173,718.189437,414.620365
841.440210,210.810562,954.749528,288.265554,822.236169,482.120050,708.926851,404.665059
831.042201,205.987403,955.825818,288.106192,824.053806,488.340368,699.270189,406.221578
830.644579,191.394174,965.802381,293.732893,818.346593,488.476392,683.188791,386.137674
826.123749,173.348679,976.990544,294.228592,815.418384,495.882229,664.551588,375.002317
851.407763,169.444960,987.819472,305.976443,798.666481,494.963498,662.254772,358.432015
841.846294,151.108792,996.779105,297.727125,800.804106,504.815536,645.871294,358.197203
866.640715,178.292841,998.728823,282.793626,817.227459,512.209814,685.139351,407.709029
897.022867,177.591540,1011.636306,290.148947,802.834160,502.765183,688.220721,390.207776
913.938223,166.470655,1016.536694,308.162866,770.543273,486.285212,667.944802,344.593001
934.465387,160.022563,1024.368850,309.951208,756.639127,470.493106,666.735664,320.564461
961.694046,169.727562,1024.240872,334.915471,729.775470,446.411986,667.228644,281.224077
973.217788,179.775060,1010.023529,344.376949,709.110701,411.662445,672.304960,247.060556
980.008602,175.921430,1036.889566,326.830931,771.001398,427.049772,714.120433,276.140271
997.518969,184.386782,1018.752781,358.219722,687.987327,398.622948,666.753515,224.790009
1021.585414,175.644863,962.939858,434.779088,651.480453,364.291641,710.126009,105.157416
1002.839636,150.197433,1030.103761,408.947297,691.328165,444.643626,664.064041,185.893762
1041.894698,183.993301,950.503013,420.295084,606.552639,287.269409,697.944324,50.967626
935.310453,22.248963,1086.780487,333.132409,759.954300,492.370137,608.484266,181.486691
1077.605782,367.952033,774.481718,469.650321,671.796068,163.583305,974.920132,61.885017
1075.163357,198.574771,903.309369,464.068383,604.971186,270.954108,776.825174,5.460496
1055.703033,168.508741,948.620160,453.608824,596.249271,321.259206,703.332144,36.159122
1079.510041,205.835581,923.908558,425.915733,598.189933,195.625539,753.791416,-24.454613
934.868117,334.858194,748.124300,460.951457,543.700374,158.200118,730.444191,32.106855
922.742156,311.866926,781.702868,410.027553,603.902486,154.560165,744.941773,56.399537
1017.771826,112.137896,1087.910262,302.985810,740.914056,430.510239,670.775619,239.662325
1030.080475,130.214676,1064.227451,344.827598,712.500717,400.790699,678.353740,186.177776
1053.171266,169.365931,970.553687,391.060482,608.546130,256.153294,691.163710,34.458744
911.336054,338.107231,704.122822,390.521790,640.917029,140.647011,848.130261,88.232451
813.410752,34.103835,948.603905,220.172675,714.205495,390.480933,579.012342,204.412093
996.209179,316.463086,795.476934,489.725681,575.876669,235.309230,776.608914,62.046635
1019.753409,167.959725,954.161019,448.722513,581.913728,361.757323,647.506118,80.994535
1006.536722,369.250341,637.707190,406.577357,610.653664,139.260541,979.483197,101.933524
980.740381,122.691788,976.448822,397.572351,612.321322,391.887428,616.612881,117.006864
1013.272932,191.798327,940.684884,420.230096,554.108045,297.388785,626.696092,68.957016
1027.795865,92.045553,936.800551,434.177532,537.082001,327.866175,628.077315,-14.265804
1004.123199,56.395636,970.382248,411.726960,552.776362,372.072646,586.517313,16.741321
983.140013,165.903552,967.369277,408.696581,566.568086,382.662349,582.338823,139.869320
998.751461,147.431578,923.108488,423.457608,526.763419,314.842057,602.406392,38.816027
992.568566,180.111994,926.214489,420.156745,529.618814,310.528271,595.972890,70.483520
1012.075563,229.832134,959.752574,443.532940,532.350964,338.886963,584.673952,125.186158
958.393600,208.821477,892.074513,432.227379,543.824136,328.847626,610.143223,105.441724
950.484882,247.781837,878.147843,439.678659,536.997938,311.079479,609.334977,119.182658
933.625093,268.931941,847.674542,447.303751,538.310933,298.233263,624.261485,119.861453
915.688680,288.202057,819.869338,450.144480,533.939749,280.963454,629.759091,119.021031
906.619767,307.487457,803.375014,457.233152,567.709658,294.749606,670.954411,145.003912
947.436302,331.241342,850.240582,480.958549,543.676778,281.938740,640.872499,132.221533
934.515925,341.253764,842.110013,483.014594,578.484611,311.172021,670.890522,169.411192
915.060380,360.940833,813.623254,499.893877,574.441784,325.288988,675.878910,186.335944
896.722727,393.868930,764.063172,518.789366,595.053170,339.308791,727.712725,214.388355
872.741956,407.983574,738.774232,517.740393,587.051571,332.549717,721.019294,222.792898
861.852242,419.398716,736.161331,517.871568,567.563872,302.673493,693.254783,204.200641
836.955438,428.152370,716.761739,513.244315,565.650182,299.796884,685.843881,214.704939
813.035847,449.069503,681.700934,515.320875,577.436480,308.629865,708.771392,242.378493
783.535624,474.745748,652.710874,517.067548,584.995994,307.747948,715.820744,265.426148
770.131749,488.964808,620.237700,510.803374,590.170108,304.427509,740.064158,282.588943
742.711870,512.292387,598.718484,518.920065,588.679502,300.812436,732.672888,294.184759
734.231190,508.270379,595.649828,514.080973,587.110015,310.408365,725.691377,304.597771
591.882994,312.823116,721.229675,324.023764,703.653273,526.998555,574.306593,515.797907
593.218320,313.923204,715.658141,336.934007,677.070795,542.256169,554.630973,519.245366
579.357634,327.141105,698.645348,337.829705,680.661354,538.536018,561.373640,527.847418
596.285218,306.488892,722.890379,348.984786,653.978119,554.290453,527.372958,511.794559
601.545958,318.155294,714.666192,366.175273,637.095456,548.907959,523.975223,500.887980
615.564718,316.220614,719.251347,383.504140,611.399813,549.707708,507.713183,482.424182
622.040137,314.172855,716.647856,378.111613,601.964053,547.804823,507.356334,483.866065
636.024019,315.516388,717.809762,386.730699,583.293841,541.214880,501.508098,470.000569
639.830522,318.714695,720.464100,397.344312,580.549635,540.824650,499.916056,462.195033
640.918310,323.927853,719.240616,412.385016,594.653063,522.698123,516.330757,434.240961
656.919062,335.042369,720.509185,435.562434,581.121361,523.740739,517.531238,423.220673
