1.838584
0.039938
0.039939
0.036883
0.037103
0.037122
0.037307
0.037297
0.037477
0.037560
0.048356
0.036992
0.037166
0.037187
0.037413
0.037573
0.037704
0.037018
0.037251
0.037040
0.047537
0.037146
0.037383
0.037187
0.037755
0.037657
0.037867
0.037407
0.038041
0.038288
0.048105
0.037373
0.037382
0.037601
0.037712
0.037267
0.038000
0.037465
0.037569
0.038327
0.048832
0.037834
0.037913
0.037772
0.038165
0.037623
0.038120
0.037958
0.037507
0.038184
0.047455
0.037455
0.037616
0.037327
0.037656
0.037340
0.037136
0.036994
0.037972
0.037169
0.048277
0.037683
0.037549
0.037291
0.037483
0.037015
0.036916
0.036824
0.037831
0.036962
0.048385
0.037738
0.037514
0.037412
0.037470
0.037250
