1.801933
0.035577
0.035228
0.034958
0.034952
0.045808
0.045407
0.035322
0.035054
0.035000
0.045387
0.045334
0.035065
0.035059
0.034926
0.034974
0.034894
0.045426
0.035014
0.035127
0.045446
0.035225
0.035089
0.035247
0.035175
0.045652
0.045717
0.035058
0.035038
0.035107
0.045514
0.035126
0.034987
0.035015
0.035208
0.035124
0.035034
0.045477
0.035109
0.035317
0.045633
0.035242
0.034900
0.035044
0.035131
0.045652
0.035095
0.035006
0.034857
0.034992
0.045568
0.034959
0.034903
0.034939
0.034986
0.045474
0.035272
0.034948
0.034729
0.035105
0.045377
0.035085
0.034922
0.034925
0.034876
0.034961
0.034981
0.035177
0.035079
0.034998
0.045534
0.035146
0.034966
0.034996
0.034964
0.035041
0.035241
0.035120
0.035066
0.034992
0.045779
0.035354
0.035045
0.035194
0.035203
0.035375
0.034964
0.035163
0.035228
0.035219
0.045423
0.035068
0.035025
0.035777
0.035352
0.035088
0.035179
0.035233
0.035307
0.035098
0.045463
0.035139
0.035162
0.035259
0.035094
0.035102
0.034924
0.035192
0.035064
0.035206
0.045369
0.034961
0.034921
0.035413
0.035860
0.035235
0.035260
0.035141
0.035280
0.035317
0.045652
0.035277
0.035271
0.035229
0.035056
0.035191
0.034905
0.035148
0.035317
0.035256
0.045825
0.035322
0.035361
0.035343
0.035403
0.035794
0.035520
0.035581
0.035347
0.035449
0.045914
0.035795
0.035296
0.035191
0.035237
0.035424
0.035855
0.035493
0.035594
0.035608
0.046036
0.035606
0.035706
0.035610
0.035354
0.035415
0.035334
0.035818
0.035292
0.034788
0.045942
0.035066
0.036344
0.035597
0.035491
0.035305
0.035307
0.035305
0.035281
0.035195
0.045549
0.035326
0.035442
0.035413
0.035133
0.035184
0.035072
0.035239
0.035446
0.035299
0.045744
0.035377
0.035156
0.035427
0.035831
0.035247
0.035192
0.035251
0.035368
0.035436
0.045712
0.035186
0.035298
0.035178
0.035264
0.035111
0.035020
0.035074
0.035160
0.035115
0.045584
0.035396
0.035019
0.035200
0.035286
0.035174
0.035560
0.035442
0.035227
0.035109
0.045540
0.035103
0.035066
0.034962
0.035106
0.035118
0.035393
0.035329
0.035118
0.035317
0.045621
0.035254
0.035076
0.035864
0.035198
0.035284
0.035716
0.035191
0.035126
0.035654
0.045628
0.035101
0.035106
0.035282
0.035187
0.035417
0.035182
0.035045
0.035035
0.035027
0.045710
0.035313
0.035076
0.035256
0.035231
0.035216
0.035027
0.035016
0.034988
0.035007
0.045423
0.035077
0.035069
0.035012
0.034957
0.035091
0.034880
0.035000
0.034919
0.034781
0.045331
0.035090
0.034997
0.034957
0.035007
0.034966
0.034824
0.034766
0.034851
0.034926
0.045228
0.034871
0.034755
0.034754
0.034813
0.034985
0.034863
0.034882
0.034988
0.034868
0.045215
0.035006
0.034937
0.034785
0.034965
0.034966
0.034758
0.034710
0.034846
0.035679
0.045226
0.034880
0.035024
0.035050
0.035256
0.035224
0.035015
0.034973
0.034983
0.034944
0.045361
0.034961
0.034968
0.034970
0.034869
0.034688
0.034867
0.035347
0.034800
0.034905
0.045250
0.034961
0.034971
0.034950
0.034825
0.034918
0.034835
0.034732
0.034812
0.034859
0.045286
0.035255
0.034787
0.034943
0.035051
0.034974
0.034820
0.034871
0.034798
0.034751
0.045095
0.034692
0.034792
0.034841
0.034792
0.034802
0.035045
0.034849
0.034845
0.034827
0.045168
0.034916
0.034864
0.035252
0.035251
0.034886
0.034978
0.034837
0.034964
0.034989
