348.130000,162.400000,368.150000,170.960000,350.050000,213.280000,330.040000,204.720000
347.303440,162.442246,368.426411,170.237980,352.362474,213.764102,331.239503,205.968368
346.825212,161.231902,366.996250,167.766561,354.369959,206.741107,334.198922,200.206448
343.272920,162.023083,369.704734,168.735576,358.284778,213.703986,331.852964,206.991493
344.041161,164.261459,365.176522,168.712470,354.816409,217.906846,333.681048,213.455834
339.556931,162.951830,364.787985,168.249638,354.593720,216.800302,329.362666,211.502495
335.668738,162.676094,362.400657,166.358620,354.533444,223.467720,327.801525,219.785194
338.037261,160.723616,369.030907,169.552274,354.081046,222.034849,323.087400,213.206191
332.557264,162.117538,362.643361,167.892965,351.432240,226.295387,321.346143,220.519961
334.918486,164.767030,360.621702,169.111004,350.749035,227.527404,325.045819,223.183430
337.550832,161.907196,362.965894,168.598886,346.467418,231.260160,321.052355,224.568471
334.774262,166.588529,356.321424,171.181545,344.496850,226.654025,322.949689,222.061009
338.421074,162.538026,359.551124,167.982931,344.438736,226.629603,323.308685,221.184698
332.062363,166.445358,354.492477,167.929581,350.724834,224.867563,328.294720,223.383340
331.872427,165.933692,353.085048,169.030647,344.995043,224.443207,323.782422,221.346252
330.154102,167.345098,351.623932,170.259005,344.227092,224.759342,322.757262,221.845435
332.487325,164.033466,353.631803,167.303441,345.079559,222.604383,323.935081,219.334408
328.202551,165.206579,352.390370,166.430222,349.410209,225.339263,325.222391,224.115621
329.047292,163.775252,356.110192,166.024998,350.997134,227.531589,323.934234,225.281843
329.047959,161.858218,355.774161,163.873600,351.548360,219.912412,324.822158,217.897030
359.735745,232.475398,332.656658,234.900933,326.269415,163.592672,353.348501,161.167136
332.905704,161.852326,357.064522,164.511151,349.609385,232.250582,325.450567,229.591756
328.663708,162.235700,356.293322,165.232563,349.162856,230.971988,321.533243,227.975126
324.996544,157.420801,360.474882,162.301643,351.730040,225.867001,316.251701,220.986158
325.957848,160.237678,359.916997,162.328259,355.928812,227.111865,321.969664,225.021285
333.279154,159.164410,357.846685,160.598894,353.766375,230.479871,329.198844,229.045388
333.052687,157.444376,358.672647,162.111929,348.964138,215.401446,323.344178,210.733893
335.235745,155.518030,357.150762,159.453775,347.005286,215.945819,325.090269,212.010074
331.575807,153.444555,360.955013,159.515981,348.527563,219.651545,319.148356,213.580119
331.267397,156.056953,357.698574,158.847940,350.927845,222.968018,324.496668,220.177030
352.559783,225.508721,328.080619,225.518637,328.053251,157.956143,352.532416,157.946227
328.786003,156.388931,355.903512,157.978583,352.222213,220.777025,325.104704,219.187373
336.626714,153.091962,359.609045,158.871559,343.194990,224.141377,320.212660,218.361780
339.201669,149.092459,361.538902,154.213168,349.556442,206.482292,327.219210,201.361583
340.213719,149.399485,362.686426,155.112421,346.625530,218.290406,324.152824,212.577470
334.445639,152.450815,354.612213,152.511903,354.398404,223.094913,334.231830,223.033824
334.259667,152.124467,359.057855,153.628397,354.489314,228.958740,329.691127,227.454811
338.974596,150.888440,360.588396,155.725476,344.357453,228.251784,322.743652,223.414748
340.332873,151.220935,362.690722,155.894753,347.906196,226.618558,325.548348,221.944740
327.780889,151.094335,360.636950,153.621724,355.718788,217.557843,322.862727,215.030454
337.311840,151.481378,364.192517,154.379539,357.396830,217.410090,330.516154,214.511929
334.716599,152.601836,359.189952,153.135304,357.674903,222.639627,333.201550,222.106159
334.658070,151.596209,360.547114,152.951200,356.728503,225.911234,330.839459,224.556243
339.594447,148.685487,362.306655,153.035341,348.441493,225.430504,325.729286,221.080649
341.260950,148.986178,363.069524,155.077311,343.500137,225.143157,321.691562,219.052023
337.515732,149.336809,362.096126,153.119768,351.957796,218.995223,327.377402,215.212264
339.999238,148.957977,361.397639,155.576015,347.739135,199.738673,326.340733,193.120634
333.878536,151.344942,357.270695,154.173072,349.874049,215.352564,326.481890,212.524434
336.017731,151.430294,358.511997,153.374437,353.175134,215.123405,330.680867,213.179262
337.889347,152.513192,361.957515,155.987990,353.869622,212.008726,329.801454,208.533928
342.450818,148.928182,368.128655,156.199450,352.751710,210.501761,327.073873,203.230492
338.880478,149.613903,363.341685,153.383763,355.383093,205.024089,330.921886,201.254229
339.501232,148.194819,363.410958,152.826285,353.651797,203.207492,329.742072,198.576026
342.340289,148.830107,364.309680,152.987929,352.606180,214.827698,330.636788,210.669875
346.197821,148.972313,367.120747,154.529833,347.723915,227.554946,326.800989,221.997427
364.104839,222.159283,342.291280,222.702118,340.529837,151.919344,362.343397,151.376509
341.165408,151.814181,364.841003,152.842517,362.507470,206.567905,338.831875,205.539569
341.940361,151.746432,361.772964,153.194765,357.144593,216.572865,337.311990,215.124531
361.559438,201.733694,336.460584,201.805844,336.318650,152.431048,361.417505,152.358898
341.712718,149.718062,364.603997,152.391590,358.531916,204.381954,335.640636,201.708426
340.445910,149.157827,365.007523,151.647771,359.737142,203.636518,335.175529,201.146575
337.033409,149.165328,361.084898,149.893185,359.031301,217.752744,334.979812,217.024887
337.062558,148.284028,360.760945,151.204033,353.984330,206.202177,330.285943,203.282172
335.680917,148.113734,358.652533,150.159157,352.932924,214.394602,329.961308,212.349180
335.919436,147.225772,358.805028,150.955356,348.742188,212.703276,325.856595,208.973692
333.710628,147.731938,360.885736,150.194517,354.649850,219.008905,327.474741,216.546325
355.261163,222.249159,331.623247,222.607059,330.514457,149.375870,354.152372,149.017969
361.720278,223.689468,336.701900,228.051704,323.615192,152.996569,348.633571,148.634333
322.936376,148.523747,350.033855,150.053514,346.436069,213.782769,319.338590,212.253002
326.502031,141.500671,348.743691,142.828322,344.500978,213.904932,322.259318,212.577280
327.090083,146.933220,352.272837,149.853938,345.475530,208.461076,320.292775,205.540358
326.997058,146.754525,352.338120,149.140351,347.168830,204.045985,321.827769,201.660159
327.200709,146.366388,351.649504,149.392964,344.550808,206.736502,320.102012,203.709927
326.611721,150.692443,349.403358,154.216671,341.245422,206.975090,318.453785,203.450862
331.432848,147.100479,353.570782,151.844927,340.040319,214.979034,317.902385,210.234586
332.228244,146.383923,355.845585,151.688498,342.535925,210.946554,318.918583,205.641979
358.300434,216.790683,331.114465,220.573701,321.107771,148.662429,348.293740,144.879410
357.688534,221.256251,333.384217,224.844067,322.146907,148.721109,346.451224,145.133293
321.667350,146.320572,346.971979,147.282795,344.381380,215.410641,319.076752,214.448419
325.024661,146.010827,347.298096,146.351554,346.275917,213.171861,324.002481,212.831135
329.961199,147.165165,361.327725,153.434764,350.554610,207.332175,319.188084,201.062576
330.392196,145.913816,356.477319,150.815494,345.623604,208.575409,319.538481,203.673731
332.089184,146.231838,363.449718,155.937648,345.949847,212.481640,314.589314,202.775830
324.430587,146.544510,355.345667,148.837504,350.831335,209.701568,319.916255,207.408574
326.226785,144.903687,349.826440,147.571784,342.989443,208.045902,319.389788,205.377806
326.288818,146.312342,349.756607,148.480241,344.640364,203.864222,321.172576,201.696322
331.391661,145.001029,353.110475,148.507184,342.957234,211.401249,321.238420,207.895094
363.820831,219.598256,335.771137,226.452473,317.597078,152.078284,345.646772,145.224067
353.552939,205.422068,328.397202,207.049622,324.579846,148.047983,349.735584,146.420428
325.652620,148.145684,351.719030,148.405900,351.042467,216.178565,324.976058,215.918349
328.811089,148.327227,352.057325,148.745596,350.810935,218.000006,327.564699,217.581637
355.833175,204.000517,329.560318,204.175190,329.192586,148.863912,355.465443,148.689239
333.115185,148.140656,359.653906,149.634469,356.590323,204.061337,330.051602,202.567523
360.533279,206.113595,333.554364,207.794854,329.883617,148.890890,356.862532,147.209631
358.001650,215.935195,333.975695,216.728923,331.750144,149.362030,355.776099,148.568301
334.688843,148.371885,355.962140,148.713585,354.865523,216.986028,333.592225,216.644329
337.730093,147.788909,362.700559,148.540379,360.687186,215.442382,335.716720,214.690911
371.558263,221.098851,346.661466,226.416392,330.606584,151.247216,355.503381,145.929676
361.926754,209.433639,341.435416,210.533489,338.053375,147.522625,358.544713,146.422775
360.521662,206.243385,335.557492,206.721640,334.404054,146.513938,359.368223,146.035682
362.641709,202.507048,338.567183,203.702061,335.786479,147.682492,359.861004,146.487478
363.648766,202.336139,339.894287,203.063923,338.182645,147.196909,361.937124,146.469124
343.012380,146.004752,363.532644,147.322020,359.861110,204.516797,339.340846,203.199529
373.309547,222.744691,347.426436,227.256687,333.652975,148.245087,359.536086,143.733091
343.002685,146.461850,371.444594,149.248797,365.681753,208.060879,337.239845,205.273932
341.535561,153.189326,371.945698,156.919188,365.863154,206.511104,335.453016,202.781242
342.438907,158.990971,364.830899,159.405765,363.810505,214.490065,341.418513,214.075271
372.255995,199.803741,347.711290,204.780987,338.347319,158.603662,362.892023,153.626416
375.163496,200.384960,347.394371,207.585539,335.005140,159.806308,362.774265,152.605730
372.335912,208.234113,348.065185,210.184394,342.994455,147.080505,367.265182,145.130224
345.091469,146.342389,373.519683,146.958758,372.216214,207.077441,343.788000,206.461072
376.674653,205.196280,352.610079,208.510093,344.606907,150.391877,368.671481,147.078064
383.666129,203.933372,356.131339,210.330881,343.041051,153.990465,370.575841,147.592956
386.319538,219.727142,357.144248,222.768012,349.352017,148.006332,378.527307,144.965461
387.668155,207.709218,346.265173,209.267382,344.072872,151.014349,385.475854,149.456185
392.408440,216.484753,357.176829,219.548627,351.180390,150.595331,386.412001,147.531456
360.545728,150.565992,386.449371,150.578469,386.414232,223.531585,360.510590,223.519109
367.040513,156.979716,394.540907,160.751250,386.036467,222.761943,358.536072,218.990409
368.634089,156.219121,398.285407,161.142546,388.778104,218.400264,359.126786,213.476839
397.068220,230.861523,369.364874,233.009052,362.492782,144.358344,390.196128,142.210816
409.367208,234.171278,380.709389,241.596644,356.974737,149.993970,385.632557,142.568605
364.067556,140.210165,395.659709,141.468118,392.459653,221.834120,360.867500,220.576167
375.782210,159.252182,404.318363,164.148241,395.678260,214.506159,367.142106,209.610100
401.461534,213.987439,367.618419,216.813888,362.503892,155.573965,396.347007,152.747516
400.244840,213.789397,369.408851,215.489366,365.749595,149.113593,396.585584,147.413624
371.085918,149.509790,396.290456,151.265659,391.381188,221.735489,366.176650,219.979620
392.743709,216.000564,370.113197,216.677179,368.215732,153.213351,390.846245,152.536735
370.396733,159.644333,394.768944,160.013030,393.804658,223.755737,369.432447,223.387040
396.050643,228.705624,374.249395,228.896472,373.573127,151.644224,395.374375,151.453375
397.244186,219.004764,373.867448,219.206093,373.259179,148.578503,396.635917,148.377175
406.396123,221.558906,368.260138,225.093982,362.108187,158.727463,400.244172,155.192387
375.331769,153.901450,403.449196,154.554097,401.732976,228.492515,373.615549,227.839868
375.022048,155.376183,404.768393,155.842554,403.594137,230.739600,373.847793,230.273229
411.269294,218.855522,377.040128,218.859889,377.032733,160.891139,411.261899,160.886773
380.841216,163.249670,416.864202,165.962618,412.994262,217.348348,376.971276,214.635400
414.831884,229.182965,383.232936,232.432798,376.448198,166.463064,408.047146,163.213231
417.994586,247.430879,389.516286,251.078395,377.457152,156.925649,405.935452,153.278133
381.713091,165.226417,408.134614,165.768476,406.949649,223.527156,380.528125,222.985097
386.427712,154.378615,412.636328,155.852037,408.347031,232.148229,382.138415,230.674807
397.435650,155.914677,426.653780,162.509417,411.143929,231.226129,381.925799,224.631390
415.925835,222.564816,393.218084,222.727350,392.750799,157.442564,415.458551,157.280030
433.816508,222.673832,398.760914,235.107519,375.515324,169.568799,410.570919,157.135112
418.102843,231.672869,391.544286,231.939508,390.812448,159.044744,417.371005,158.778105
424.519653,233.944996,399.393671,236.044448,393.184656,161.735691,418.310638,159.636240
398.685323,163.981536,430.815243,165.282554,428.316463,226.992400,396.186543,225.691383
440.771493,248.306422,409.064023,253.844609,394.387829,169.819814,426.095299,164.281627
436.747859,239.296653,408.426508,243.865428,396.422273,169.452466,424.743625,164.883690
431.114360,237.951788,405.735343,239.381759,401.478685,163.834918,426.857702,162.404946
419.978053,151.885620,455.633836,164.092702,429.762110,239.661673,394.106328,227.454591
426.208199,152.504051,460.708248,166.088379,434.402088,232.897998,399.902040,219.313669
417.120527,155.233069,457.766916,159.836587,447.722875,248.519617,407.076486,243.916098
460.919005,247.138145,420.416348,252.465900,408.999730,165.674493,449.502387,160.346739
417.544802,119.923607,447.365631,121.539620,441.176648,235.747050,411.355819,234.131037
413.149954,162.216816,443.112018,163.725043,439.391725,237.631466,409.429661,236.123239
444.425672,224.069741,414.050685,224.098329,413.990532,160.184295,444.365518,160.155707
448.993399,218.260336,415.384455,220.559590,411.073353,157.542821,444.682296,155.243567
450.064935,224.708669,413.017645,228.488206,406.040039,160.093209,443.087329,156.313673
441.564267,222.971101,411.969830,225.319925,405.440098,143.047391,435.034534,140.698567
445.196860,236.828407,419.338350,240.658517,406.115350,151.385090,431.973860,147.554980
438.560152,233.305010,414.341140,234.238084,411.155035,151.539019,435.374047,150.605945
446.533008,233.235171,405.612766,236.650238,398.689067,153.688651,439.609309,150.273584
446.069213,222.168541,406.022530,225.652173,400.489703,162.048618,440.536386,158.564986
460.457611,242.212335,430.530735,252.075826,398.608892,155.221573,428.535768,145.358082
451.052503,229.540220,424.310657,233.744442,413.099396,162.432853,439.841242,158.228630
446.177133,226.826483,417.662863,227.104532,417.028912,162.091998,445.543182,161.813949
452.726649,232.226902,425.143562,233.748050,421.295954,163.979063,448.879042,162.457915
430.911364,162.472063,467.834049,166.967240,460.342088,228.505048,423.419403,224.009871
469.059033,227.567745,431.352490,230.994994,425.367592,165.149239,463.074136,161.721990
470.757070,246.097425,447.363170,248.486993,438.828998,164.937348,462.222899,162.547780
445.891068,160.558168,472.297240,163.435755,463.837135,241.069899,437.430964,238.192313
470.157427,239.450647,443.888299,239.749986,443.007551,162.458129,469.276679,162.158789
455.616972,161.355592,482.105207,163.340496,477.341438,226.912259,450.853204,224.927355
488.426130,230.941377,458.954200,236.461167,445.687336,165.625125,475.159266,160.105335
483.921822,222.120808,459.638828,222.769869,458.001423,161.510499,482.284417,160.861437
485.929993,220.112464,458.208681,221.188483,455.853619,160.515423,483.574931,159.439403
463.286264,159.066455,488.138430,160.002604,485.442318,231.576843,460.590152,230.640693
497.564654,215.710963,465.346353,218.276834,460.662619,159.465650,492.880920,156.899779
501.828467,214.703188,465.411819,217.965727,460.019569,157.777100,496.436217,154.514562
504.916939,233.474418,471.037765,237.897389,460.602318,157.963712,494.481493,153.540742
492.662838,218.952549,467.468524,219.176832,466.875421,152.551868,492.069735,152.327585
471.151856,151.747254,492.954840,153.674770,486.655151,224.933305,464.852167,223.005788
494.281903,214.899735,467.664174,216.678300,463.388777,152.693376,490.006506,150.914810
500.989597,215.094049,466.579545,218.472651,460.440958,155.952979,494.851010,152.574377
504.493880,216.498626,471.576284,224.428892,456.316531,161.087456,489.234127,153.157190
499.566132,220.777677,464.493151,225.624175,455.461041,160.260892,490.534022,155.414395
501.293718,231.016971,472.700947,234.631374,463.487763,161.747843,492.080533,158.133440
501.020806,230.325411,474.320657,232.888793,467.348258,160.264389,494.048406,157.701007
503.421559,217.784112,473.813102,221.083003,467.335280,162.942760,496.943737,159.643869
474.516465,159.214562,516.150613,168.142958,502.596663,231.346604,460.962515,222.418208
510.791578,240.124759,476.728711,245.599341,463.726577,164.700031,497.789445,159.225448
497.903621,224.451231,471.796012,225.054744,470.326590,161.488392,496.434198,160.884879
466.411876,163.809778,489.052477,163.842426,488.966194,223.678301,466.325593,223.645653
495.265819,235.982333,470.012632,239.668725,459.322096,166.434483,484.575282,162.748091
495.206730,222.131364,458.563012,223.089810,457.048945,165.203357,493.692663,164.244911
500.100677,240.595371,472.052090,248.864730,449.130006,171.116015,477.178593,162.846656
481.278521,222.888070,453.257938,223.661311,451.622235,164.387001,479.642818,163.613759
479.929707,223.360077,457.370428,224.144634,455.337712,165.695595,477.896990,164.911038
480.840720,221.371256,457.553951,223.400292,452.565904,166.153650,475.852673,164.124614
482.668246,214.987776,458.386431,218.724860,450.418687,166.954200,474.700501,163.217116
453.707592,162.666515,477.912439,162.873236,477.450135,217.004075,453.245288,216.797353
456.194851,162.335638,482.715747,162.976810,481.317782,220.801060,454.796886,220.159888
461.349746,159.259642,479.967989,161.806751,471.394792,224.473032,452.776549,221.925923
460.080501,159.303996,481.477978,160.696017,477.513744,221.632310,456.116267,220.240288
454.213940,157.180803,483.667890,160.683224,476.244850,223.108013,446.790900,219.605592
459.659753,158.766412,488.502795,160.596478,484.901697,217.352141,456.058655,215.522075
487.903093,217.973892,452.405628,222.126941,445.351135,161.829877,480.848600,157.676829
487.736929,215.297990,457.388314,220.440646,447.531555,162.272468,477.880170,157.129811
481.166090,219.488239,455.842097,220.266122,453.905665,157.225543,479.229658,156.447660
460.454514,152.794783,485.859628,158.469829,473.841882,212.268894,448.436768,206.593848
452.412920,154.266628,481.630082,154.571191,481.061566,209.109894,451.844404,208.805332
455.939827,149.366759,479.134215,157.036829,461.623300,209.990055,438.428912,202.319985
455.924242,149.663250,478.411990,156.904923,459.637283,215.206491,437.149535,207.964819
455.660338,151.885999,481.012310,157.152576,468.838745,215.753036,443.486773,210.486458
456.309501,151.775248,477.847358,155.274785,468.062938,215.492875,446.525081,211.993338
457.058458,151.488620,481.195768,157.565911,468.011136,209.931601,443.873826,203.854310
455.170577,152.214616,477.530354,155.347045,468.931528,216.726824,446.571752,213.594395
449.508691,153.052948,481.122784,153.883462,479.630266,210.697194,448.016173,209.866681
478.022739,206.912962,450.403247,210.001717,444.332247,155.715129,471.951739,152.626375
463.729541,147.808847,488.246044,166.252932,465.996037,195.828397,441.479533,177.384312
449.510330,150.545274,478.119251,153.282655,471.673159,220.652051,443.064237,217.914669
457.072936,148.373642,485.917024,157.296548,464.761101,225.684949,435.917014,216.762043
480.423609,206.404506,449.344674,208.279057,445.964335,152.235076,477.043271,150.360524
480.008554,207.212879,446.591689,207.791552,445.618847,151.612475,479.035712,151.033802
481.027491,199.832053,453.130059,206.103881,441.614571,154.882366,469.512003,148.610538
480.922861,214.886460,454.612016,218.646272,445.073234,151.894685,471.384079,148.134873
475.781942,214.257257,455.103573,215.707563,450.498853,150.053740,471.177222,148.603434
479.919231,211.666163,455.347088,213.019347,451.801747,148.640331,476.373891,147.287148
454.130987,146.258736,483.491546,146.882647,482.214013,207.001887,452.853454,206.377976
486.389483,199.773648,455.783802,203.598464,448.801996,147.730951,479.407677,143.906136
485.467322,199.373475,461.312263,205.149022,447.835987,148.787219,471.991045,143.011672
485.854249,207.655320,464.449491,212.507885,449.778945,147.795827,471.183703,142.943261
482.983341,206.791087,460.495477,210.336456,450.462837,146.700585,472.950701,143.155216
485.343737,193.865723,456.980116,200.092452,445.910376,149.668237,474.273997,143.441508
483.407078,199.930657,459.628528,201.545702,455.715152,143.928447,479.493701,142.313403
495.985997,198.879075,459.247369,202.926800,452.761255,144.056468,489.499884,140.008743
499.165820,196.307502,473.761701,204.585324,455.318134,147.983164,480.722253,139.705342
505.284147,201.544029,483.218681,207.146605,466.768564,142.358639,488.834031,136.756063
504.237079,187.832980,485.051933,192.062511,474.736004,145.269471,493.921150,141.039940
511.148738,187.848457,486.299101,191.127939,480.574915,147.754027,505.424551,144.474546
528.473434,181.452170,502.731371,187.171622,493.261459,144.549518,519.003522,138.830066
534.427412,181.452355,507.896306,187.390419,496.712952,137.423504,523.244057,131.485440
534.181488,181.218424,511.301326,185.886792,501.107135,135.923989,523.987297,131.255621
541.402956,186.492148,516.728450,189.994802,508.576817,132.570496,533.251324,129.067842
514.498367,128.802863,544.156795,129.501976,542.616563,194.843200,512.958135,194.144088
547.112041,191.303902,524.224731,191.484210,523.714498,126.717991,546.601809,126.537683
552.804747,185.554963,530.480864,187.412623,525.432876,126.749896,547.756760,124.892237
559.210104,182.123430,526.623058,183.801206,523.627030,125.610052,556.214076,123.932276
562.368650,176.885017,533.817317,180.907764,526.777509,130.942932,555.328842,126.920184
566.072746,179.559291,541.502208,184.553270,529.447777,125.245075,554.018315,120.251096
561.391863,179.267304,537.062241,181.872918,530.741215,122.851057,555.070837,120.245443
566.096785,176.872222,542.559441,180.888862,533.844090,129.817265,557.381434,125.800625
566.270974,176.707294,537.501627,177.772578,535.371058,120.233885,564.140405,119.168601
565.889582,171.476131,538.311017,175.907344,529.663005,122.084660,557.241570,117.653447
558.702825,174.180422,535.427149,175.043345,533.269839,116.854155,556.545515,115.991231
530.123600,117.506649,550.922127,118.110507,549.226185,176.523393,528.427658,175.919535
552.736271,182.717855,535.593835,185.024102,526.931345,120.635440,544.073781,118.329193
547.636265,182.814768,531.646129,184.099535,526.507059,120.138992,542.497195,118.854225
547.855592,166.015601,529.914738,169.360489,520.855666,120.770677,538.796520,117.425789
543.734523,174.040371,527.128183,175.259654,522.993221,118.942500,539.599561,117.723217
543.673224,173.801519,527.787198,176.122544,519.534662,119.638895,535.420688,117.317870
539.588960,175.652011,523.286644,177.193154,517.828428,119.455786,534.130743,117.914642
540.198614,173.692919,521.166082,176.167342,514.147718,122.184160,533.180250,119.709737
540.933500,169.679659,520.009523,173.647536,509.816184,119.894559,530.740162,115.926682
533.969514,154.203301,516.164020,159.224694,504.970500,119.533280,522.775994,114.511888
536.972813,163.361652,515.268819,167.144856,506.567450,117.225670,528.271443,113.442466
534.080559,163.540390,515.408214,168.305738,502.446468,117.516959,521.118813,112.751611
529.791314,166.125041,511.405987,169.070618,502.628167,114.282346,521.013493,111.336769
525.929415,156.908444,508.231659,160.150089,499.829844,114.280397,517.527599,111.038751
524.920315,163.779639,509.102449,166.511760,499.777601,112.524695,515.595467,109.792574
524.872759,159.584007,508.341773,162.974011,497.818634,111.659076,514.349620,108.269072
520.798407,156.255877,503.620211,159.311916,494.452093,107.777328,511.630290,104.721289
517.275858,154.996689,500.402479,157.067704,494.189434,106.447569,511.062813,104.376554
515.902711,152.101644,498.920845,154.311138,492.338394,103.719330,509.320260,101.509836
513.356460,139.659349,494.037680,143.171374,486.710869,102.868401,506.029650,99.356376
513.519208,142.813823,494.069195,145.862536,486.752285,99.182504,506.202298,96.133792
511.926532,145.696155,494.557670,148.076775,487.509168,96.651320,504.878030,94.270701
512.402488,144.909261,493.313122,146.821410,488.803337,101.799319,507.892704,99.887171
512.523355,139.699472,493.958413,143.289417,485.830236,101.255586,504.395177,97.665641
510.969780,138.138790,493.186984,141.407570,484.429121,93.763096,502.211918,90.494317
514.790165,148.569951,494.497835,152.866424,482.409455,95.772749,502.701785,91.476276
512.289465,136.637446,494.119869,140.062423,485.420428,93.911648,503.590024,90.486672
512.493135,147.679810,494.346509,149.894323,486.978993,89.521895,505.125619,87.307381
513.599432,139.288543,493.847414,142.222607,485.968908,89.184779,505.720927,86.250715
513.493141,125.611098,494.558736,129.840609,485.592174,89.699672,504.526578,85.470162
513.719461,132.673062,494.721934,135.648766,487.454350,89.250959,506.451877,86.275256
514.330664,134.363507,496.554738,137.194842,489.004512,89.792373,506.780438,86.961038
519.605377,128.060083,499.541075,134.518499,488.097214,98.965964,508.161516,92.507548
518.335519,130.527902,500.107498,134.390668,490.705670,90.024354,508.933691,86.161587
513.595658,123.139688,497.338741,124.717803,493.570590,85.900267,509.827507,84.322153
516.494209,135.980557,499.706223,137.284401,495.499481,83.119389,512.287467,81.815545
520.641164,134.879043,500.102556,137.176147,494.248646,84.835822,514.787255,82.538719
519.559180,129.144699,499.272963,132.660016,491.050694,85.210899,511.336911,81.695582
518.663898,131.575366,499.402265,134.353422,492.745413,88.198189,512.007046,85.420133
489.587112,83.931524,515.059555,84.209321,514.628347,123.748637,489.155904,123.470839
517.908958,140.681511,499.976616,143.281123,491.594193,85.458472,509.526535,82.858859
518.234394,140.004635,500.237429,142.953646,490.888434,85.899439,508.885399,82.950427
520.196502,131.461837,496.334651,140.016472,481.157074,97.680930,505.018925,89.126296
519.390007,134.870859,496.180018,142.845182,480.745843,97.922624,503.955832,89.948300
515.348498,139.486240,493.500582,145.119620,479.960704,92.607962,501.808620,86.974582
510.637344,139.421966,490.833660,143.203302,480.415693,88.642132,500.219377,84.860796
509.723868,139.447353,490.359825,144.128691,477.509092,90.972494,496.873135,86.291156
510.025810,140.258113,490.956176,146.457717,471.985389,88.104635,491.055023,81.905032
499.846563,132.487461,481.118992,137.454221,468.184720,88.684505,486.912291,83.717745
494.140675,136.893490,473.941758,141.290101,462.543136,88.922540,482.742053,84.525929
486.699930,120.910847,464.383141,126.300281,455.927305,91.286009,478.244094,85.896575
481.062133,124.183191,463.688567,127.149641,458.639290,97.577614,476.012856,94.611164
487.145039,147.684522,466.471169,153.235973,452.592541,101.551296,473.266411,95.999845
477.414574,147.262112,449.749678,149.433759,445.875928,100.085567,473.540823,97.913920
469.556115,134.762000,446.767333,140.872353,435.157661,97.573666,457.946444,91.463312
471.846847,139.098257,452.119301,147.327142,434.939698,106.141564,454.667244,97.912679
471.184554,136.175509,451.316772,145.556962,431.281805,103.127462,451.149587,93.746009
468.494663,137.749514,448.172834,145.696167,431.303623,102.556845,451.625452,94.610192
467.948001,144.204633,451.293905,150.344959,433.768389,102.811396,450.422484,96.671069
464.649526,146.750406,447.168234,151.518139,434.324545,104.425678,451.805837,99.657946
463.159159,144.570120,444.181325,149.252231,432.909576,103.564855,451.887409,98.882743
457.527928,152.593029,436.661325,154.314601,432.300011,101.452541,453.166613,99.730970
458.721100,125.437550,437.341785,134.272248,424.300088,102.712306,445.679404,93.877608
456.000425,126.749477,435.077087,132.254491,426.730775,100.532011,447.654113,95.026997
457.591180,126.388686,438.095667,134.632031,426.889869,108.130318,446.385383,99.886973
455.408800,132.853915,426.467352,134.523806,424.706706,104.009454,453.648154,102.339562
454.259113,143.549075,426.887495,145.628881,423.379388,99.459886,450.751007,97.380080
453.353574,146.103729,427.072933,147.594977,424.620221,104.370238,450.900863,102.878989
458.629819,153.172152,441.611579,157.250081,429.207877,105.486268,446.226117,101.408339
455.455162,130.463857,436.973216,137.404436,424.066174,103.034501,442.548120,96.093922
453.682925,133.417809,438.561225,138.249975,427.286170,102.966010,442.407870,98.133843
452.112776,130.903601,431.580437,135.002621,424.177730,97.921830,444.710068,93.822810
451.463427,131.557795,431.748897,136.578298,421.707890,97.149237,441.422420,92.128734
451.244536,122.256934,430.084896,129.401682,419.634369,98.451761,440.794008,91.307013
450.030489,130.684717,428.619505,136.166399,418.927254,98.309298,440.338238,92.827615
448.727953,124.021069,429.374162,133.378889,414.689582,103.008325,434.043373,93.650505
446.645036,126.919967,427.653029,134.588512,414.557513,102.156007,433.549521,94.487462
440.969453,125.609793,423.346687,132.794957,412.055714,105.102039,429.678481,97.916875
440.074431,130.899995,421.426812,136.530646,411.241958,102.800393,429.889577,97.169743
440.408232,129.316871,422.417126,136.394857,407.708186,99.007091,425.699291,91.929104
437.225310,130.354029,418.824023,138.229172,403.698747,102.887018,422.100034,95.011874
437.795073,129.490698,419.417402,138.944392,403.254635,107.524503,421.632306,98.070809
434.447319,141.230703,413.844503,145.839350,404.352065,103.403699,424.954881,98.795051
434.654687,143.525780,414.057114,148.400999,402.478470,99.481762,423.076044,94.606544
428.907340,131.268391,412.142761,139.079039,396.816208,106.182507,413.580787,98.371859
426.238892,136.493083,407.837274,141.909797,397.564196,107.010178,415.965814,101.593464
420.009023,127.364934,399.327264,131.605275,393.567994,103.515124,414.249754,99.274783
420.428628,140.984383,401.421391,145.186260,390.367223,95.182605,409.374460,90.980728
415.426404,129.009873,393.971709,131.163350,390.320160,94.783650,411.774855,92.630173
417.302824,133.960686,396.108091,139.799870,384.342572,97.094066,405.537304,91.254882
385.584517,94.423017,409.127651,95.072204,408.029761,134.887799,384.486626,134.238612
409.437115,139.894388,383.126979,142.349956,378.787688,95.856701,405.097825,93.401133
405.161711,134.628177,388.648772,140.390846,373.991548,98.390544,390.504488,92.627874
404.210486,144.534233,385.606705,150.532536,368.722593,98.166336,387.326374,92.168033
407.462006,142.378981,386.273897,149.745915,368.543309,98.750804,389.731419,91.383870
409.015264,140.403895,388.260371,149.252671,366.837020,99.003983,387.591913,90.155207
