1.802624
0.035219
0.034957
0.045749
0.034959
0.034697
0.035053
0.034830
0.047835
0.046360
0.045136
0.035086
0.035001
0.034819
0.034723
0.034713
0.035050
0.034965
0.034863
0.034991
0.045486
0.034947
0.034870
0.034633
0.034805
0.034755
0.035037
0.035024
0.035491
0.035132
0.045496
0.034883
0.034803
0.034749
0.034677
0.045141
0.045362
0.045423
0.034916
0.034918
0.045551
0.034950
0.034914
0.035022
0.035418
0.034959
0.034919
0.034901
0.034746
0.045284
0.045223
0.034962
0.034874
0.035103
0.034950
0.035052
0.034816
0.034924
0.034825
0.045307
0.045223
0.045400
0.035017
0.035449
0.035230
0.034970
0.035338
0.035153
0.035017
0.035221
0.045921
0.035453
0.035850
0.035410
0.035700
0.035460
0.035251
0.035492
0.035495
0.035637
0.045838
0.035222
0.035244
0.035208
0.035332
0.035084
0.035416
0.035828
0.035355
0.038464
0.046584
0.035616
0.035840
0.035835
0.035501
0.035451
0.035313
0.035318
0.035524
0.035626
0.046258
0.035962
0.036149
0.035657
0.035714
0.035606
0.035401
0.035783
0.035579
0.035881
0.045982
0.036071
0.035953
0.046133
0.045855
0.035865
0.035434
0.035592
0.035623
0.035698
0.045933
0.035479
0.035254
0.035458
0.035584
0.035834
0.035574
0.035626
0.035157
0.035268
0.045841
0.035470
0.035398
0.035290
0.035302
0.035435
0.035116
0.035280
0.035348
0.035242
0.045809
0.035279
0.035069
0.034938
0.034922
0.035244
0.035274
0.035019
0.035022
0.045357
0.045557
0.035118
0.034904
0.035063
0.034776
0.034919
0.034860
0.035180
0.034878
0.034769
0.045264
0.035317
0.034884
0.034877
0.034830
0.034822
0.034756
0.034595
0.035425
0.034799
0.045491
0.035047
0.035059
0.035032
0.034985
0.034981
0.034891
0.034885
0.035133
0.035312
0.045998
0.035127
0.035223
0.035215
0.035131
0.035264
0.034884
0.045521
0.035524
0.035117
0.045540
0.035409
0.035386
0.035084
0.035018
0.035127
0.035172
0.035174
0.035365
0.035308
0.045772
0.035815
0.035558
0.035442
0.035191
0.035197
0.035036
0.035511
0.035070
0.034969
0.045178
0.034986
0.035275
0.034880
0.034897
0.045281
0.034683
0.045171
0.034617
0.034744
0.045073
0.034897
0.034750
0.035063
0.035036
0.034608
0.034613
0.034597
0.034852
0.034626
0.045183
0.034827
0.034628
0.034970
0.034595
0.035138
0.034432
0.034494
0.034683
0.034541
0.045007
0.034632
0.034919
0.034448
0.034433
0.034507
0.034701
0.034696
0.035334
0.034785
0.044793
0.034528
0.034744
0.034523
0.034582
0.034676
0.035041
0.034530
0.034729
0.034513
0.044944
0.034558
0.034474
0.034509
0.034384
0.034473
0.035372
0.035199
0.034403
0.034545
0.045202
0.034838
0.034502
0.034357
0.034801
0.034640
0.034633
0.034498
0.035030
0.034791
0.044991
0.034559
0.034566
0.034662
0.035129
0.034602
0.034649
0.034701
0.034506
0.034485
0.045039
0.034456
0.034427
