277.660000,82.155000,303.950000,87.164000,294.400000,137.240000,268.120000,132.230000
273.943041,80.298475,301.035404,83.759186,294.966620,131.268982,267.874257,127.808271
300.089349,125.879492,274.475287,127.521918,271.626704,83.097527,297.240767,81.455101
271.178065,74.014028,301.996306,86.137727,285.382348,128.370132,254.564106,116.246433
281.768456,68.906235,308.998174,87.700427,279.220363,130.843618,251.990644,112.049426
281.885001,73.509443,306.655572,83.150706,286.719400,134.371210,261.948828,124.729946
271.110364,75.484871,299.991389,77.412964,296.669136,127.177190,267.788112,125.249097
270.154863,75.477114,292.146118,76.804023,288.673571,134.355605,266.682316,133.028696
264.488427,75.130466,293.788153,77.440210,289.903583,126.717022,260.603857,124.407278
265.481830,71.496791,288.744103,72.944713,285.413884,126.447942,262.151611,125.000020
275.001262,66.740023,293.886007,73.543580,271.649990,135.264454,252.765245,128.460897
274.072010,63.097764,296.615985,70.643990,277.824402,126.782908,255.280427,119.236682
270.606693,60.420793,297.982770,68.676274,280.253784,127.467520,252.877708,119.212039
264.801193,65.248586,294.190106,71.388504,281.708962,131.129901,252.320049,124.989983
258.821726,68.920806,284.881587,70.086902,282.065355,133.023925,256.005494,131.857829
255.054584,70.157538,282.707478,70.588380,281.772768,130.581099,254.119874,130.150256
251.016414,68.531622,294.786192,80.959678,280.804629,130.200678,237.034851,117.772622
270.299011,64.441739,292.499899,106.154198,247.274813,130.224634,225.073925,88.512176
245.227222,69.404913,282.377854,70.403960,280.787820,129.531022,243.637188,128.531975
249.236976,67.695725,287.780917,76.357488,273.968917,137.819447,235.424976,129.157685
272.589988,132.437478,245.775168,134.234987,241.580980,71.667073,268.395800,69.869564
242.404823,72.892910,267.846077,74.622821,263.341100,140.876087,237.899846,139.146176
244.979296,72.989462,268.620585,75.204088,262.023826,145.624950,238.382536,143.410323
246.304148,71.613211,268.548695,74.994058,257.729985,146.176608,235.485438,142.795762
251.406574,70.777265,271.975588,76.416819,253.678368,143.151843,233.109354,137.512289
249.048026,68.734333,274.703962,75.684734,255.619811,146.129848,229.963875,139.179448
249.138665,68.304418,278.308432,76.625223,261.276786,136.332090,232.107018,128.011286
248.992023,69.546001,277.288560,75.164576,265.663922,133.709136,237.367385,128.090560
288.268486,126.029134,248.310844,133.362443,238.345064,79.061031,278.302707,71.727722
307.988160,108.204055,260.437357,136.306678,233.447710,90.639076,280.998512,62.536453
296.490720,114.171314,252.651160,126.223840,239.072998,76.834969,282.912558,64.782443
253.893080,61.950198,276.123426,67.727327,259.754894,130.713306,237.524549,124.936177
255.300898,62.011979,276.683043,68.286851,257.420646,133.925064,236.038500,127.650192
249.072952,61.738600,267.058151,64.597070,256.628595,130.218743,238.643396,127.360272
244.689493,64.443504,263.847081,65.975551,258.428865,133.727997,239.271277,132.195950
238.465485,65.335246,259.739829,67.407177,253.265043,133.889503,231.990699,131.817572
231.801793,65.010863,257.972441,68.530414,249.760154,129.595259,223.589507,126.075707
230.847711,64.077910,255.008667,67.691474,245.258864,132.880468,221.097908,129.266904
236.256325,64.028242,259.446016,70.848635,237.647505,144.964707,214.457813,138.144314
231.556756,62.480259,262.698843,71.166251,242.119724,144.949042,210.977637,136.263050
236.824877,64.601249,266.985372,73.358937,249.615959,133.177251,219.455464,124.419564
229.197695,68.473155,256.615819,70.223846,252.204079,139.317516,224.785956,137.566825
229.253354,72.018097,253.719941,72.802788,251.549518,140.476325,227.082931,139.691634
226.966099,69.868921,258.439552,73.167483,251.363606,140.683116,219.890152,137.384555
231.513387,63.854734,279.395478,86.228670,255.439546,137.496364,207.557455,115.122428
246.443754,71.186747,268.037347,79.285862,240.579374,152.493408,218.985781,144.394294
244.368297,73.735431,267.840336,80.955123,246.024309,151.881502,222.552270,144.661809
241.303786,75.334283,259.842376,76.765433,254.035997,151.979144,235.497407,150.547994
242.444726,78.210799,265.106996,80.020032,259.116422,155.057326,236.454152,153.248092
238.864415,79.626054,262.811000,80.376241,260.365392,158.442109,236.418806,157.691923
240.701512,83.588863,264.764745,85.314099,259.301498,161.514337,235.238265,159.789102
247.326005,84.009692,272.182781,89.511274,258.217227,152.609245,233.360451,147.107663
244.540189,84.470372,273.933985,90.586869,261.312641,151.240734,231.918844,145.124237
247.648872,80.555306,277.681339,89.499125,259.793700,149.564059,229.761233,140.620240
232.615253,80.113183,262.808135,81.079276,260.409558,156.040912,230.216677,155.074818
227.242423,82.541085,252.992388,82.583739,252.877753,151.786769,227.127788,151.744115
223.920721,79.784795,252.956300,81.623656,248.439800,152.939115,219.404220,151.100254
226.095124,75.218134,250.248131,78.362101,240.481766,153.390591,216.328759,150.246624
227.573227,72.387404,251.231424,77.469617,235.321889,151.530060,211.663692,146.447847
229.192596,71.386644,253.706983,78.407671,232.368567,152.912181,207.854180,145.891154
224.749006,71.656635,249.795364,73.642981,243.670798,150.869252,218.624440,148.882906
224.948733,71.933159,247.976316,72.344119,246.500596,155.034077,223.473013,154.623117
223.164435,71.885691,246.635191,72.514122,244.476668,153.131063,221.005913,152.502632
263.735479,140.845432,223.607160,143.764840,218.469001,73.138999,258.597320,70.219591
226.015882,70.332977,251.811754,72.355002,245.789635,149.181840,219.993762,147.159814
235.513285,68.595024,263.911905,76.054525,242.347165,158.152356,213.948544,150.692855
237.523841,68.805437,269.138959,76.859937,250.808026,148.811584,219.192909,140.757083
232.122776,69.553011,264.345353,72.636664,256.944585,149.970850,224.722008,146.887197
259.770275,154.392066,229.711363,155.466978,226.830599,74.909095,256.889510,73.834182
227.892327,76.228261,267.314020,77.142471,265.553824,153.043939,226.132132,152.129729
273.584369,149.000767,232.913149,153.379481,225.947012,88.675267,266.618232,84.296553
235.028059,73.670569,264.655618,83.242505,241.214142,155.799791,211.586584,146.227855
244.626446,62.962712,295.872683,77.736596,273.342510,155.887107,222.096273,141.113223
246.598472,66.459608,287.105978,80.066449,260.561484,159.089290,220.053977,145.482448
248.778078,64.698858,293.221804,78.619771,270.702681,150.514033,226.258955,136.593121
238.859875,74.009241,263.297355,74.040202,263.181707,165.321379,238.744227,165.290418
266.391271,171.549771,237.052809,171.618223,236.837900,79.509099,266.176362,79.440647
291.184544,150.816051,245.504896,160.464494,229.826176,86.235067,275.505824,76.586623
286.589747,145.065669,244.313199,146.535281,241.990265,79.711060,284.266813,78.241449
257.169175,76.198203,296.235226,87.569938,274.959076,160.661259,235.893026,149.289524
249.186847,77.725474,288.470097,79.760731,284.256756,161.083950,244.973507,159.048692
249.190607,79.940570,280.690362,80.064873,280.320041,173.907893,248.820287,173.783589
296.398531,158.309940,256.711493,166.158825,241.255226,88.005888,280.942265,80.157002
248.167657,82.273194,287.377260,83.120174,285.598602,165.460341,246.388999,164.613361
253.120580,80.068240,285.265592,81.096629,282.550644,165.959462,250.405632,164.931072
261.148468,78.364721,290.821941,85.833406,268.565261,174.260355,238.891788,166.791671
303.783581,152.241231,254.811246,158.410370,245.367131,83.440375,294.339467,77.271236
296.931096,137.898432,252.841675,146.088968,240.906894,81.844383,284.996315,73.653847
244.470438,75.991825,290.800684,77.634982,287.561998,168.952568,241.231752,167.309411
239.006445,70.427162,291.850413,79.607193,277.476417,162.349722,224.632449,153.169691
275.360189,148.550358,237.110842,152.554213,229.411119,78.997777,267.660466,74.993921
237.016427,67.688190,271.929709,71.814284,260.624212,167.476677,225.710930,163.350583
247.507687,62.336594,287.200940,81.717001,250.789266,156.292204,211.096013,136.911797
245.870632,64.740363,280.890668,71.810326,264.394088,153.523742,229.374052,146.453780
237.946370,67.136129,272.089982,67.710166,270.526648,160.697025,236.383035,160.122988
279.260091,155.668449,242.822633,158.843407,235.334525,72.906005,271.771983,69.731047
280.632539,160.027856,245.294269,162.677971,238.472676,71.714648,273.810946,69.064533
247.097936,83.095728,293.072640,97.711996,272.999632,160.850589,227.024928,146.234321
275.179874,56.189407,306.304956,70.507417,265.003004,160.291308,233.877922,145.973298
266.753553,58.736927,319.709068,69.464905,300.178648,165.871097,247.223134,155.143120
259.390748,66.136146,307.341685,66.594230,306.453280,159.589987,258.502343,159.131903
264.586239,63.009247,309.492915,66.176491,301.816375,175.018095,256.909699,171.850851
260.947418,67.099280,309.101218,75.763638,294.897352,154.704293,246.743552,146.039935
299.119181,153.323536,261.237350,156.318006,254.562177,71.873091,292.444008,68.878620
269.129510,54.900630,316.284228,67.920910,294.450219,146.995744,247.295502,133.975463
269.792899,50.315880,303.967258,63.480720,269.308802,153.449953,235.134442,140.285113
259.096469,50.494481,297.108486,62.331781,268.783517,153.289109,230.771500,141.451808
248.066448,49.928872,284.662695,59.317033,263.178252,143.066136,226.582005,133.677976
228.817376,52.992913,266.625249,57.297067,255.119914,158.360421,217.312041,154.056267
223.342658,53.013268,270.144631,60.878937,256.761255,140.512144,209.959282,132.646476
219.159048,40.685056,266.459054,45.039302,258.090737,135.944000,210.790732,131.589754
214.464317,27.515470,261.383388,28.028428,260.219055,134.527272,213.299984,134.014314
212.331925,58.234338,264.830910,59.655913,262.857680,132.527639,210.358694,131.106065
262.070420,137.691133,219.576738,139.210431,216.450489,51.771509,258.944171,50.252211
258.945656,149.551858,222.349359,149.616095,222.189449,58.514673,258.785747,58.450435
219.859271,58.241212,261.929946,60.925942,257.031491,137.686471,214.960817,135.001741
228.989854,59.148784,269.546993,65.959370,254.344794,156.488699,213.787654,149.678113
235.631888,61.116139,272.090708,68.006253,254.865424,159.153302,218.406604,152.263188
240.971864,62.970797,274.326649,68.764150,261.349538,143.478868,227.994754,137.685515
254.102540,55.109881,290.010010,66.065719,266.444622,143.300653,230.537153,132.344815
250.626872,64.945211,286.774184,68.938233,277.810255,150.085258,241.662944,146.092235
292.433252,158.481129,252.219470,159.495038,249.853683,65.662878,290.067466,64.648969
259.339952,59.707680,301.063392,62.513980,294.907636,154.036363,253.184197,151.230063
272.582414,54.970161,304.022105,63.526996,278.165581,158.529541,246.725889,149.972706
267.641662,56.574923,320.395013,66.877663,304.039413,150.623608,251.286062,140.320868
270.551533,55.430467,326.282647,68.149466,308.695883,145.209773,252.964769,132.490774
292.833127,59.093982,329.379788,68.423810,309.256630,147.249941,272.709969,137.920114
321.628742,152.204967,290.721618,153.575587,286.827809,65.771258,317.734933,64.400638
287.764251,64.316781,325.159045,66.830197,319.144799,156.310599,281.750005,153.797183
291.769526,65.830439,328.287587,66.457138,326.646776,162.068060,290.128716,161.441361
299.183004,66.305453,331.754291,68.965018,324.171701,161.827835,291.600415,159.168270
307.100212,75.190527,337.308272,81.130152,322.846577,154.680210,292.638517,148.740585
317.577371,72.694947,349.879315,79.647366,334.503775,151.084358,302.201831,144.131940
310.631298,75.557776,344.337807,76.466270,342.346108,150.361309,308.639600,149.452815
349.642123,154.046662,315.113382,155.573881,311.458965,72.951534,345.987707,71.424316
351.162566,143.802607,313.537653,145.133322,311.028927,74.201110,348.653840,72.870395
318.250001,68.913145,349.652948,77.797136,327.442972,156.304505,296.040024,147.420515
320.319867,72.417056,345.181230,75.459847,335.690621,153.003622,310.829258,149.960831
317.816648,72.423107,343.907515,76.230366,332.485737,154.502968,306.394869,150.695708
340.421103,156.105938,312.977127,158.392443,306.066801,75.450647,333.510778,73.164142
337.147565,142.808827,301.851062,146.555442,294.487026,77.179557,329.783529,73.432942
325.482628,151.230874,294.756139,151.636551,293.741946,74.820329,324.468435,74.414652
294.237556,72.851502,319.810000,74.755517,314.186512,150.283435,288.614068,148.379420
292.488709,70.474010,317.882527,71.824198,313.891971,146.877039,288.498153,145.526851
290.444248,69.679954,317.791091,72.503170,310.373229,144.355659,283.026386,141.532443
292.286361,67.220728,321.374636,71.425614,310.940291,143.607631,281.852015,139.402745
279.242595,65.216045,311.750206,65.330627,311.494910,137.759865,278.987299,137.645283
309.625414,146.280695,282.673337,146.518350,281.944528,63.865313,308.896605,63.627658
281.436718,62.804519,304.817418,63.118830,303.698166,146.376932,280.317466,146.062622
284.178515,58.486938,310.221070,62.661382,297.262900,143.501811,271.220345,139.327367
280.604656,61.161293,303.939721,62.951662,297.860795,142.182345,274.525731,140.391976
286.929393,63.984825,309.549483,67.659758,297.697823,140.609549,275.077733,136.934615
308.330292,142.387096,288.814380,144.131865,281.980704,67.694543,301.496616,65.949774
313.852790,144.533398,293.005006,148.039954,280.774825,75.326952,301.622608,71.820396
320.346947,149.950981,296.422588,155.133127,279.425149,76.661229,303.349508,71.479082
316.528447,154.687750,295.923386,156.804879,286.990135,69.861569,307.595197,67.744440
315.835927,152.082094,295.116691,152.723662,292.791004,77.616432,313.510240,76.974863
294.172911,60.946941,317.796787,61.177318,317.033664,139.431410,293.409787,139.201033
296.642326,80.690610,327.995330,83.198238,323.555595,138.708475,292.202590,136.200847
334.202528,142.699916,308.025955,150.140605,291.115296,90.648394,317.291869,83.207704
332.096426,142.726075,305.845310,147.264997,292.641175,70.898114,318.892291,66.359192
328.922631,135.815409,305.069912,138.374292,297.611041,68.846152,321.463760,66.287269
329.285521,132.062309,304.369410,134.108621,299.049000,69.326731,323.965111,67.280420
325.576725,139.489449,305.297776,141.518514,299.824018,86.812512,320.102967,84.783446
305.179932,79.601851,329.690504,83.236835,320.503908,145.181738,295.993336,141.546754
328.596737,140.862141,306.142593,141.295911,305.000627,82.181941,327.454771,81.748171
335.914402,141.685115,310.081191,147.156427,297.497173,87.740042,323.330384,82.268730
335.129216,147.008575,309.515749,151.352237,298.431921,85.993735,324.045388,81.650072
332.537533,132.348182,304.009232,137.557404,292.288481,73.368725,320.816782,68.159503
330.319966,145.117648,310.115981,147.791951,302.030880,86.710137,322.234864,84.035834
327.767173,138.639137,293.118676,140.337664,289.876033,74.190534,324.524530,72.492007
316.624354,84.652220,342.036621,93.820679,323.699703,144.645214,298.287435,135.476755
318.090646,83.921531,348.550652,94.452782,332.134291,141.934555,301.674285,131.403305
343.391799,143.403900,315.502078,150.781290,296.041033,77.210131,323.930753,69.832741
348.802753,142.588699,315.218245,153.832413,293.226863,88.145066,326.811371,76.901353
338.796353,139.063130,314.890710,141.806145,308.157857,83.128657,332.063500,80.385642
342.707954,142.412037,310.792555,147.327219,298.742431,69.083014,330.657830,64.167832
317.974922,79.981645,340.048392,83.918951,329.100761,145.293967,307.027290,141.356661
352.570840,122.799565,318.607052,133.983580,298.508241,72.947206,332.472030,61.763191
354.021279,129.214664,323.972412,140.539187,298.444249,72.801912,328.493116,61.477388
352.673566,118.427224,317.248351,132.277363,294.302598,73.587829,329.727813,59.737690
348.881640,126.352568,308.273215,135.206786,294.106466,70.233305,334.714891,61.379087
346.116474,133.791758,301.493257,135.128321,299.666056,74.124430,344.289273,72.787866
356.364845,129.044915,332.537023,142.394355,294.229934,74.018866,318.057756,60.669426
334.884534,77.761990,362.975960,87.145464,343.289063,146.082377,315.197637,136.698903
349.547460,69.889826,381.536365,88.462366,351.875742,139.549125,319.886837,120.976585
363.210049,140.216509,323.313184,142.017637,320.911681,88.821816,360.808546,87.020689
340.228830,67.278541,372.696126,70.374623,365.954657,141.069542,333.487361,137.973460
383.561564,116.857589,338.447325,138.964628,318.526696,98.312237,363.640935,76.205198
362.189412,148.863573,340.881536,151.632089,331.004670,75.614800,352.312546,72.846285
361.495206,136.150680,322.549092,140.586548,315.864052,81.893109,354.810166,77.457242
365.372084,127.588426,320.963006,130.666525,316.765598,70.108692,361.174676,67.030592
376.704801,116.301822,346.452234,139.669584,298.233043,77.243653,328.485610,53.875891
373.666661,142.903639,347.694128,149.499093,328.535903,74.055067,354.508437,67.459613
374.314167,144.260700,347.588771,149.855264,331.551021,73.242461,358.276418,67.647897
382.283371,147.190078,353.545379,156.897751,328.156079,81.736849,356.894071,72.029175
369.290957,152.650927,343.195025,154.038824,338.722916,69.951934,364.818847,68.564038
343.504451,55.148131,371.107352,56.947050,364.830274,153.263557,337.227372,151.464638
345.632168,55.528835,383.286543,62.341040,367.904144,147.367047,330.249769,140.554841
384.062872,135.493926,346.934760,141.491294,334.526413,64.674511,371.654524,58.677143
392.044379,151.848383,356.360914,159.325040,337.936296,71.390787,373.619761,63.914130
393.115063,141.201375,353.200543,152.543721,330.881733,74.002245,370.796253,62.659899
389.792769,141.615797,354.417129,147.485967,340.950269,66.330088,376.325909,60.459918
382.327831,147.603158,344.227614,149.520655,339.988938,65.299124,378.089155,63.381627
385.489777,143.952720,349.425900,151.325993,332.668461,69.362635,368.732339,61.989362
349.840848,89.136026,381.852036,94.973358,370.520746,157.112722,338.509558,151.275391
381.151463,157.562441,348.783810,161.652143,339.316907,86.727020,371.684560,82.637318
380.555694,139.991371,346.358028,151.921062,327.974571,99.223019,362.172237,87.293329
369.445745,139.927804,340.567368,147.859829,319.626822,71.620912,348.505200,63.688887
360.882825,142.430378,330.672710,145.489281,324.901194,88.489065,355.111308,85.430161
355.892187,154.950757,336.321423,155.899559,333.237818,92.294575,352.808582,91.345773
355.888564,148.419120,334.645132,148.829518,333.463985,87.689885,354.707417,87.279486
361.776773,143.472507,333.286135,149.089506,320.433679,83.899063,348.924318,78.282064
363.102464,155.221838,333.777404,157.183909,329.543463,93.903517,358.868523,91.941447
362.191777,157.424080,335.895606,160.154065,329.070644,94.413638,355.366815,91.683653
361.009290,161.147817,339.021104,163.995918,330.145625,95.474592,352.133812,92.626491
336.340448,93.449410,354.931159,94.156849,352.883310,147.972066,334.292599,147.264627
348.051374,90.453911,374.771162,100.179971,351.970727,162.818162,325.250939,153.092102
339.015954,92.823808,362.854709,93.876344,360.513352,146.905410,336.674598,145.852874
365.185798,147.527153,336.630436,148.667559,334.551954,96.623109,363.107316,95.482703
370.637572,158.429305,348.080373,160.545537,342.070273,96.483092,364.627472,94.366860
375.055088,156.694661,353.330837,161.574719,339.471473,99.877845,361.195725,94.997787
373.971544,153.702481,351.404073,157.687815,341.201620,99.915090,363.769090,95.929757
367.328234,167.748317,348.629137,167.979111,347.765002,97.966214,366.464099,97.735420
368.791272,159.613021,352.463419,159.707360,352.110890,98.692753,368.438742,98.598414
374.477844,149.233765,352.814618,149.745565,351.607542,98.653051,373.270768,98.141250
353.171987,100.283333,380.813133,101.587075,378.696915,146.453862,351.055769,145.150120
381.294950,144.499178,354.222647,147.628843,348.781845,100.564684,375.854149,97.435020
381.792995,158.028433,357.366781,161.109706,350.141728,103.834447,374.567941,100.753174
360.509630,97.371821,375.135468,98.799082,370.075179,150.654325,355.449341,149.227065
358.628998,98.934707,375.997682,100.037284,372.743735,151.296086,355.375050,150.193509
358.761502,99.037028,374.251107,100.242705,370.221607,152.010597,354.732001,150.804920
374.260111,148.736830,355.295970,150.099305,351.709046,100.173303,370.673186,98.810828
376.731435,145.588723,349.110771,148.097600,344.828954,100.958334,372.449618,98.449456
379.430619,155.955991,356.417504,161.490513,342.808024,104.900886,365.821139,99.366364
379.375192,161.721090,360.224918,165.397638,349.271870,108.345779,368.422144,104.669232
370.779135,146.089703,351.988081,146.241459,351.636285,102.680379,370.427338,102.528624
357.952150,101.680036,374.164400,102.787036,370.151525,161.556443,353.939275,160.449443
360.797526,102.348937,376.567845,103.350380,373.075007,158.354174,357.304689,157.352731
382.090771,144.213342,360.652279,146.123692,356.831579,103.246708,378.270071,101.336358
384.942307,141.153775,362.200389,142.844607,359.355496,104.580427,382.097414,102.889594
389.880049,149.647641,363.138109,151.555303,359.833286,105.227718,386.575226,103.320056
388.784374,150.806381,368.733152,153.148096,363.131400,105.182427,383.182623,102.840711
373.345361,107.408169,387.740980,109.388928,382.073809,150.576391,367.678191,148.595632
374.484317,104.552119,390.935343,106.558433,385.476304,151.320528,369.025278,149.314215
373.203738,102.841512,391.040295,103.841799,388.202747,154.439379,370.366190,153.439092
397.913590,143.862876,378.421508,146.629894,372.541594,105.209220,392.033676,102.442201
402.130452,147.864486,376.172752,153.500462,366.403727,108.507116,392.361427,102.871140
396.793074,142.245696,373.476242,147.180584,365.148619,107.833429,388.465451,102.898542
395.775329,155.120446,374.993599,158.735136,365.956875,106.780811,386.738605,103.166121
372.062398,102.831841,390.771362,105.124850,385.697470,146.523409,366.988506,144.230400
373.978678,101.790958,389.389738,104.136559,381.551999,155.632054,366.140938,153.286453
373.589656,103.030841,388.732262,104.386007,383.989181,157.385130,368.846574,156.029964
371.162304,102.055075,391.977346,103.331901,389.104488,150.165746,368.289445,148.888920
394.411823,144.615674,368.943220,145.880675,366.766673,102.059695,392.235277,100.794694
394.889830,151.310867,371.867462,154.180493,365.593195,103.843452,388.615563,100.973826
391.515847,146.667982,371.490753,149.008922,366.044483,102.419927,386.069578,100.078987
370.499504,100.032438,386.535286,100.629011,384.745568,148.736356,368.709786,148.139784
373.139214,98.643789,391.505154,102.419334,381.908979,149.099432,363.543038,145.323887
366.309237,99.216049,384.599744,100.976153,379.894161,149.875264,361.603654,148.115161
360.368989,98.861756,381.514622,98.953713,381.302169,147.807418,360.156535,147.715460
384.905555,140.571310,360.081152,143.252257,355.350070,99.444486,380.174473,96.763540
381.617475,138.759730,358.311073,140.975138,354.166118,97.369612,377.472520,95.154205
372.515704,138.836898,354.523578,138.884278,354.410448,95.923489,372.402573,95.876110
354.469143,94.282320,369.722481,96.039055,364.332496,142.839069,349.079158,141.082333
354.215641,94.786231,368.392862,95.905748,364.799991,141.404737,350.622770,140.285219
351.989358,94.796282,367.405030,95.664537,364.800264,141.911554,349.384592,141.043299
366.882475,143.123757,349.356767,143.444637,348.484940,95.827618,366.010648,95.506737
349.267315,94.823431,374.892452,95.333248,373.934824,143.466952,348.309686,142.957135
373.976360,139.573878,351.970329,142.788479,345.435729,98.054908,367.441760,94.840306
375.251453,148.255212,350.643787,150.540364,345.686766,97.160658,370.294432,94.875506
372.210023,146.683579,352.655764,148.631492,347.646844,98.349110,367.201104,96.401197
370.514217,146.891516,353.788679,147.435285,352.183264,98.055126,368.908802,97.511356
357.184033,98.621052,372.225437,99.996557,367.892598,147.376980,352.851194,146.001475
372.012424,151.756928,357.278049,151.760612,357.265467,101.448114,371.999842,101.444429
375.652621,145.154321,358.938083,145.386166,358.332445,101.723700,375.046983,101.491854
381.300405,147.733810,358.659783,147.744947,358.637510,102.463702,381.278132,102.452566
362.913060,102.729751,384.273010,103.531734,382.640904,147.001105,361.280955,146.199122
382.936865,150.035374,361.743289,151.218302,359.190656,105.484797,380.384231,104.301870
385.121870,158.536677,366.136072,160.966291,360.037244,113.308065,379.023041,110.878451
382.531832,162.855240,366.302690,162.883636,366.200880,104.696225,382.430022,104.667829
365.822539,104.914007,383.880579,106.470550,379.729797,154.625323,361.671758,153.068780
366.485745,105.131670,384.106309,105.527054,382.961341,156.553273,365.340777,156.157888
386.700863,151.532189,367.448732,153.184629,363.426755,106.325668,382.678886,104.673228
388.764125,150.376984,366.967778,153.144592,361.057294,106.596460,382.853641,103.828853
391.940142,156.589002,370.431352,160.574923,360.893612,109.107461,382.402403,105.121540
392.291051,157.858767,373.860915,161.307332,365.383194,115.999915,383.813329,112.551350
394.899972,163.390343,375.257366,166.984647,365.938800,116.059373,385.581406,112.465069
394.097305,158.971134,377.099134,160.566957,372.202856,108.413477,389.201027,106.817653
400.066547,154.562644,384.268872,156.372778,378.796374,108.612365,394.594049,106.802231
401.712556,151.592721,384.138445,151.968384,383.131669,104.869768,400.705779,104.494105
407.945851,142.809902,391.059166,143.174726,390.213084,104.011989,407.099769,103.647165
396.373936,109.954712,416.107225,111.404267,413.233107,150.530617,393.499817,149.081062
