199.000000,49.000000,287.000000,49.000000,287.000000,113.000000,199.000000,113.000000
266.702566,76.998213,249.831578,141.548669,159.153557,117.848947,176.024545,53.298491
229.625449,117.556310,201.896333,171.988892,121.718610,131.144653,149.447726,76.712070
202.587402,149.310929,161.794711,191.089170,95.175354,126.041365,135.968045,84.263124
175.727649,154.333622,134.208742,190.484863,76.883202,124.647739,118.402110,88.496498
166.484431,158.225411,111.614117,197.444269,57.412774,121.612262,112.283089,82.393404
135.677288,195.130065,94.840394,210.645161,60.989274,121.546484,101.826168,106.031387
140.855455,200.862143,96.872242,219.004771,64.330703,140.114246,108.313916,121.971618
164.726365,200.333342,111.156938,236.593363,57.975574,158.024869,111.545001,121.764849
210.121186,174.261579,181.868172,239.386752,95.958369,202.116819,124.211383,136.991646
229.346115,139.118015,225.988618,213.458902,128.712777,209.065582,132.070273,134.724695
214.991478,101.345687,272.634157,154.025304,213.789904,218.413402,156.147226,165.733785
290.251214,200.101203,220.070336,207.277963,211.474915,123.224120,281.655793,116.047360
248.197559,124.605789,319.019163,127.356440,315.810070,209.981644,244.988466,207.230993
307.542762,107.800413,364.754159,164.546426,299.232990,230.604946,242.021592,173.858933
376.847669,128.416880,383.744820,199.620070,289.096678,208.788234,282.199527,137.585044
411.233969,169.246210,367.599519,233.002029,286.988714,177.832035,330.623163,114.076216
399.844194,194.526857,336.587742,233.227899,286.829259,151.898175,350.085711,113.197133
392.043898,212.767986,320.794653,223.701974,307.400518,136.421650,378.649763,125.487662
365.916288,116.895973,434.208133,160.954710,381.243906,243.050225,312.952061,198.991488
420.210053,129.988206,461.759445,194.035190,380.175786,246.961201,338.626394,182.914217
434.701098,146.186656,469.735305,196.770241,397.692017,246.667444,362.657810,196.083859
439.705271,157.033723,472.805556,207.327007,399.584451,255.517129,366.484165,205.223845
438.600113,164.082305,471.768540,212.731399,401.574847,260.588701,368.406420,211.939607
429.479302,158.275835,470.078067,194.431722,415.844236,255.329870,375.245471,219.173982
406.209151,145.982162,457.316097,174.142150,419.281827,243.169713,368.174881,215.009726
368.634954,134.486842,425.188926,147.427515,407.989296,222.594186,351.435325,209.653513
397.064950,197.257025,339.561320,208.748565,324.948621,135.626666,382.452250,124.135125
369.992985,175.532870,321.341060,205.291123,283.647272,143.665351,332.299197,113.907098
355.845663,173.328269,314.827658,210.780763,265.701659,156.977925,306.719664,119.525431
345.945907,161.100099,323.736197,211.188576,259.873389,182.871196,282.083099,132.782719
337.247556,161.234602,325.954968,211.926918,261.437475,197.554533,272.730064,146.862217
308.580352,147.561734,316.739226,196.363586,252.526263,207.098945,244.367390,158.297094
287.223100,140.647296,303.853908,192.892292,240.199086,213.155115,223.568279,160.910120
267.494085,134.304591,291.253705,184.720868,232.144965,212.576974,208.385346,162.160696
230.413514,128.899040,270.858665,157.192814,234.880162,208.623068,194.435011,180.329293
200.564057,133.180492,245.615434,143.074383,232.973239,200.640031,187.921863,190.746140
234.845118,190.329219,189.622551,202.842484,173.534067,144.699184,218.756633,132.185919
232.275977,184.899151,191.731159,198.550270,173.652650,144.855781,214.197468,131.204662
239.219669,179.366182,198.111835,196.623633,174.598558,140.614209,215.706392,123.356759
247.758737,159.049003,213.488544,184.934857,178.747004,138.940651,213.017197,113.054797
250.235035,144.651846,233.376253,182.581781,185.101790,161.125151,201.960571,123.195215
248.863240,142.379112,247.831247,187.325599,196.927996,186.156836,197.959989,141.210348
249.625485,139.339578,267.401632,180.043987,217.265714,201.938997,199.489567,161.234588
263.655449,132.346317,285.025923,167.189802,241.955504,193.606083,220.585029,158.762598
282.622495,133.524756,299.565666,169.041997,252.858062,191.323428,235.914890,155.806187
312.951408,166.653947,288.428885,194.959201,251.593281,163.046329,276.115803,134.741075
330.769721,184.954604,290.957871,196.286684,277.892650,150.385963,317.704500,139.053883
345.506752,197.506950,301.022892,199.971558,298.086338,146.969511,342.570199,144.504904
350.909431,143.631173,369.130418,183.429181,316.217158,207.654812,297.996170,167.856804
355.626530,141.877551,370.046244,182.077969,320.040847,200.014687,305.621132,159.814269
343.114304,139.391129,366.503962,170.585864,326.689629,200.438454,303.299971,169.243718
354.686628,136.912593,373.524393,159.214002,337.993335,189.226712,319.155570,166.925303
355.498487,140.176186,371.752737,146.497310,353.472728,193.502842,337.218479,187.181718
341.361825,153.787588,358.265513,155.272107,353.894430,205.044078,336.990742,203.559559
352.409692,159.639024,366.809991,164.126599,352.646085,209.577543,338.245785,205.089969
360.558744,155.381164,378.648865,163.377560,359.555430,206.572339,341.465309,198.575944
361.086926,162.423280,379.344856,171.932686,359.766667,209.522543,341.508737,200.013137
357.123999,160.518101,378.602201,173.614809,356.394740,210.034369,334.916538,196.937661
354.757451,153.194508,378.561909,166.984750,355.336239,207.076470,331.531780,193.286228
352.094517,145.435731,380.387375,161.054579,357.050979,203.327438,328.758120,187.708590
353.937383,147.847703,376.484487,160.111710,354.064349,201.330635,331.517245,189.066628
350.369824,152.167979,370.184229,161.306655,351.586221,201.630707,331.771817,192.492031
341.793867,155.237926,367.523497,162.687793,354.637240,207.193098,328.907611,199.743230
316.127640,151.846347,352.590297,157.380282,345.344835,205.120049,308.882179,199.586114
313.405198,157.952646,346.936640,161.191478,342.463968,207.496803,308.932525,204.257971
310.028061,161.118687,345.655646,161.981113,344.498979,209.763991,308.871395,208.901564
311.731723,160.364654,345.112370,162.484923,342.071458,210.359799,308.690811,208.239530
342.769322,163.132472,374.294746,179.317776,354.512707,217.848850,322.987284,201.663546
347.605138,170.156848,364.078294,176.654556,347.834024,217.837446,331.360868,211.339738
338.140996,181.641953,359.900042,191.878950,344.813942,223.944913,323.054896,213.707916
339.050753,169.616873,360.318028,176.833505,344.853816,222.406236,323.586542,215.189604
319.035183,162.103744,345.253855,163.011293,343.596592,210.888869,317.377920,209.981320
306.916808,158.954177,340.313514,160.316459,338.406321,207.071847,305.009614,205.709566
306.918394,161.009237,341.853675,162.653593,339.570922,211.151983,304.635641,209.507627
346.336535,209.737612,315.251823,211.320741,312.657249,160.376352,343.741961,158.793222
351.168066,165.423404,366.196589,173.201150,343.068030,217.891234,328.039506,210.113488
356.220928,169.414823,365.168477,174.153703,343.053704,215.908933,334.106154,211.170053
339.132120,167.861562,355.944058,174.422693,337.864498,220.748922,321.052560,214.187792
320.948203,173.760962,341.087240,177.754883,331.324322,226.983641,311.185285,222.989720
306.432174,170.078604,329.461384,175.668484,317.249647,225.978450,294.220437,220.388570
290.842842,165.617598,317.531307,179.008194,292.638531,228.621368,265.950065,215.230771
269.325587,168.023395,297.839810,183.585326,272.095380,230.757003,243.581157,215.195072
246.798973,167.738007,278.913699,174.911968,267.233019,227.201328,235.118293,220.027367
248.516794,163.059772,278.471494,175.190321,259.195554,222.789570,229.240854,210.659022
249.600230,160.632201,280.915086,170.682160,265.771312,217.868930,234.456456,207.818971
252.895940,160.032261,286.843608,162.560293,282.985032,214.375154,249.037365,211.847122
285.657203,147.154549,311.158889,171.172303,274.816236,209.760380,249.314550,185.742627
325.950089,157.317797,322.705209,197.473363,270.739182,193.274107,273.984063,153.118541
302.846893,154.271062,345.737471,164.365728,334.857664,210.592239,291.967086,200.497573
332.749873,155.274973,368.196722,172.709899,345.327533,219.205116,309.880684,201.770190
345.364652,156.880224,378.633663,180.344098,351.983338,218.131122,318.714327,194.667249
387.091155,197.354781,352.894421,216.449576,329.503297,174.558577,363.700031,155.463782
388.840158,152.637899,396.801398,195.021673,344.743067,204.800152,336.781827,162.416378
380.053164,146.817314,400.871075,175.970289,357.908797,206.649316,337.090885,177.496341
374.198471,152.103450,400.379805,176.066611,363.657039,216.188657,337.475704,192.225495
401.783230,216.455844,376.149215,217.849552,373.519579,169.483485,399.153594,168.089778
425.345785,220.174567,394.924094,224.360552,387.614241,171.236107,418.035932,167.050122
410.879784,172.318130,434.145629,174.574477,429.942630,217.912815,406.676786,215.656468
420.560027,174.994729,435.820945,175.782748,432.975318,230.891620,417.714400,230.103600
393.887200,182.953938,432.219815,183.980341,430.826068,236.031997,392.493453,235.005594
423.959257,230.015289,375.993848,241.144357,362.754095,184.082061,410.719504,172.952993
366.035609,173.418580,408.229808,184.561010,393.676430,239.671800,351.482231,228.529370
376.826071,247.141854,350.732359,247.880568,348.925148,184.044165,375.018860,183.305451
393.878558,176.265679,411.719106,207.821619,378.190919,226.777201,360.350372,195.221260
378.816686,226.159494,342.276735,229.616567,338.264824,187.212179,374.804775,183.755106
345.845694,175.287176,361.663103,207.857914,321.671185,227.279290,305.853775,194.708552
317.321240,170.999187,344.934332,199.766056,312.860925,230.553067,285.247834,201.786197
323.973106,213.663988,287.735797,231.767587,268.567280,193.398672,304.804589,175.295072
299.669830,227.254798,260.924790,232.346138,254.902108,186.513591,293.647148,181.422251
295.103135,230.900665,263.191589,231.976854,261.697775,187.681723,293.609320,186.605534
297.712338,228.667678,277.106605,234.609495,264.694809,191.566408,285.300542,185.624591
272.594112,226.879610,271.209309,235.827777,252.371064,232.912404,253.755866,223.964237
194.834310,195.288864,248.633476,198.924571,243.867339,269.451208,190.068174,265.815501
217.344403,212.488905,254.981566,213.410212,253.290560,282.491081,215.653397,281.569774
243.422328,215.951883,289.269521,219.698204,283.487156,290.462349,237.639964,286.716029
326.667800,285.836550,288.306276,298.839064,262.470112,222.614218,300.831636,209.611703
379.323618,262.731131,330.028678,300.059002,280.035993,234.038993,329.330934,196.711122
392.961344,226.287594,364.099938,283.276192,301.930559,251.791022,330.791964,194.802425
399.235014,248.952534,353.464367,291.901009,299.257554,234.132231,345.028201,191.183756
370.695867,283.134208,337.305876,291.626928,316.545894,210.006948,349.935886,201.514229
334.731196,215.394350,354.076485,217.057695,349.658226,268.443620,330.312937,266.780276
352.152343,213.371402,375.702345,214.849698,372.349136,268.267994,348.799135,266.789698
371.289398,191.651339,390.919282,202.486842,352.070039,272.867158,332.440155,262.031655
366.959212,178.133222,397.442708,195.117795,365.755072,251.989987,335.271577,235.005414
318.256649,181.120071,360.451582,183.276482,356.746980,255.765213,314.552047,253.608803
348.864130,256.839404,292.270094,261.316306,286.315814,186.046238,342.909850,181.569336
356.771191,258.143895,295.285121,281.006233,268.473834,208.899841,329.959904,186.037503
340.192070,271.508259,285.624563,273.436423,283.053677,200.679748,337.621184,198.751583
343.155079,266.048837,284.110511,279.755284,267.275419,207.233151,326.319987,193.526705
375.688334,245.173249,340.358342,276.059213,297.208833,226.701136,332.538825,195.815171
344.837615,276.093110,305.869710,278.222484,303.740336,239.254578,342.708242,237.125204
326.150210,207.466254,349.231756,210.010562,344.830790,249.935399,321.749243,247.391091
323.978990,196.756177,352.629374,202.504482,336.909519,280.854513,308.259134,275.106207
314.993960,188.944416,354.757766,194.296644,344.128693,273.264203,304.364886,267.911975
354.205434,260.178778,298.484746,268.946334,285.564137,186.831637,341.284825,178.064081
361.890320,264.591755,307.365463,275.599958,290.915002,194.118992,345.439859,183.110789
361.189536,260.934711,303.587467,270.593468,290.021796,189.691685,347.623866,180.032927
358.117672,258.368097,300.702751,269.252408,285.336665,188.196049,342.751586,177.311738
353.971708,256.100313,299.626195,267.577737,282.782703,187.823933,337.128216,176.346509
348.788159,248.405263,300.523791,257.175272,286.923921,182.330526,335.188289,173.560517
286.507303,165.777094,340.637283,177.127941,326.656362,243.800234,272.526381,232.449387
341.139234,229.818821,281.620644,235.247212,275.362028,166.625780,334.880618,161.197388
327.650864,223.055808,286.056628,234.384430,267.601938,166.626076,309.196175,155.297454
323.169118,220.987456,277.079501,222.655503,274.696577,156.813192,320.786194,155.145146
303.119934,154.669199,331.621232,159.267119,321.725709,220.606870,293.224410,216.008950
319.122254,153.882837,336.880582,160.869639,315.046825,216.364413,297.288497,209.377611
303.064502,153.128221,329.121973,158.269845,317.854159,215.374514,291.796688,210.232890
301.459438,151.401018,331.875124,157.958715,319.777302,214.070410,289.361617,207.512713
292.979955,161.065091,327.174669,161.533105,326.448200,214.611467,292.253486,214.143453
325.347819,211.390109,290.628303,214.679613,285.922484,165.011416,320.642000,161.721912
280.346135,158.067033,317.814386,163.040354,310.415055,218.785800,272.946804,213.812479
313.266506,212.549458,272.602885,217.666971,265.878711,164.236864,306.542332,159.119351
316.202547,206.863821,277.115720,212.598052,269.353529,159.687835,308.440357,153.953603
318.064857,202.897117,293.182185,209.462990,279.199308,156.472114,304.081980,149.906241
323.461601,192.035449,310.461448,201.119269,281.652760,159.890212,294.652913,150.806392
367.427883,183.676802,328.756188,183.794539,328.622752,139.966617,367.294448,139.848880
363.604531,134.865881,397.650306,157.315726,369.463279,200.062089,335.417504,177.612244
434.063803,165.412704,427.323415,209.931370,369.214841,201.133391,375.955229,156.614725
394.054953,137.895991,442.408171,149.557574,428.880734,205.647306,380.527516,193.985723
445.983157,171.583456,412.992180,208.087468,367.556335,167.024230,400.547312,130.520218
446.529474,178.204783,426.106265,220.208565,364.830160,190.414706,385.253369,148.410925
443.166020,163.765588,448.832229,213.160408,382.206659,220.803202,376.540449,171.408382
437.555936,182.221120,442.536674,232.665931,374.881281,239.345979,369.900543,188.901169
435.715512,181.597219,431.572652,233.933503,363.660092,228.557649,367.802952,176.221364
439.656080,177.966917,433.001200,230.284947,364.924728,221.625585,371.579608,169.307555
438.065000,183.409447,419.189869,232.875956,353.234523,207.709114,372.109655,158.242605
433.827489,184.794028,411.025455,234.260299,349.043622,205.689074,371.845656,156.222804
439.162270,191.483143,410.595054,239.394123,348.995223,202.664844,377.562439,154.753864
449.664003,192.445143,418.526792,241.600603,355.912099,201.937728,387.049309,152.782267
450.428242,196.494800,411.955528,241.705462,355.717874,193.849159,394.190588,148.638497
436.730879,206.442265,382.223407,236.406247,345.209076,169.073487,399.716548,139.109505
426.074928,221.917341,359.794474,226.776506,354.162259,149.951434,420.442713,145.092269
406.807331,143.259331,469.951290,183.729571,425.686965,252.793277,362.543005,212.323037
450.444493,155.249725,496.443083,199.725898,432.579859,265.775155,386.581270,221.298982
