1.808927
0.036710
0.036417
0.036149
0.036352
0.036246
0.036416
0.036064
0.036058
0.035988
0.046649
0.036324
0.036114
0.036150
0.036235
0.036246
0.036304
0.036306
0.036301
0.036227
0.046928
0.036505
0.036305
0.036151
0.036020
0.035990
0.035886
0.036012
0.036003
0.035834
0.046060
0.035683
0.035503
0.035485
0.035531
0.035563
0.035477
0.035441
0.035376
0.035418
0.045793
0.035444
0.035461
0.035476
0.035450
0.035357
0.035211
0.035454
0.035344
0.035248
0.046473
0.035347
0.035060
0.035035
0.034227
0.034343
0.035146
0.045361
0.035119
0.035021
0.046309
0.035131
0.034934
0.034935
0.035140
0.035084
0.035007
0.035077
0.035150
0.046600
0.046284
0.035132
0.034926
0.034979
0.034981
0.035940
0.035269
0.035144
0.035048
0.034995
0.046151
0.035202
0.035254
0.035248
0.035272
0.035137
0.035157
0.035258
0.035315
0.035402
0.046523
0.035526
0.035272
0.035216
0.035320
0.035314
0.035233
0.035273
0.034302
0.035221
0.046416
0.035377
0.035313
0.035231
0.046568
0.034397
0.035330
0.035178
0.035295
0.034281
0.045751
0.034525
0.033972
0.046672
0.035458
0.035358
0.035455
0.035572
0.035587
0.035631
0.046844
0.035606
0.035444
0.035462
0.035463
0.035609
0.035589
0.035587
0.035566
0.035794
0.047224
0.035907
0.035499
0.035714
0.035408
0.034938
0.035636
0.035573
0.035709
0.035883
0.047057
0.035826
0.035805
0.035852
0.035703
0.035535
0.035613
0.035366
0.035366
0.035362
0.046465
0.035248
0.035248
0.035179
0.035260
0.035101
0.036224
0.035236
0.035540
0.035315
0.046604
0.035481
0.035508
0.035492
0.035542
0.035629
0.035651
0.035569
0.035673
0.035776
0.047308
0.035903
0.035928
0.036135
0.036192
