1.842460
0.037152
0.036536
0.036990
0.036876
0.036693
0.036300
0.036164
0.036246
0.036531
0.047056
0.036838
0.036889
0.037013
0.037127
0.037416
0.036895
0.036680
0.036535
0.036838
0.047244
0.036781
0.036713
0.036482
0.036388
0.036643
0.036855
0.036912
0.036955
0.037114
0.047614
0.037210
0.037019
0.036810
0.037215
0.036868
0.036633
0.036326
0.036300
0.036231
0.046908
0.037304
0.036854
0.036976
0.037312
0.037462
0.037535
0.037803
0.037327
0.037137
0.047440
0.037064
0.037263
0.036945
0.036960
0.037213
0.036694
0.036668
0.036680
0.036942
0.046898
0.036473
0.036198
0.036099
0.036132
0.035920
0.035730
0.035706
0.035626
0.035515
0.045974
0.035920
0.035692
0.035939
0.035935
0.036173
0.036233
0.036484
0.036444
0.037568
0.046761
0.036242
0.036119
0.036315
0.036086
0.036185
0.036236
0.037378
0.035843
0.035838
0.046203
0.035844
0.035708
0.035984
0.035777
0.035865
0.036027
0.036027
0.036349
0.035980
0.046643
0.036001
0.035774
0.035797
0.035712
0.035511
0.035558
0.035587
0.035498
0.035551
0.045978
0.035640
0.035700
0.035655
0.035617
0.035836
0.035756
0.035921
0.036121
0.036155
0.046819
0.036609
0.036680
0.036819
0.037215
0.037232
0.037113
0.036751
0.036557
0.036384
0.046848
0.036406
0.036297
0.036242
0.036086
0.035959
0.035839
0.036136
0.036141
0.036297
0.046763
0.036333
0.036259
0.036607
0.036688
0.036388
0.036314
0.036502
0.036502
0.036609
0.047014
