246.130000,162.640000,362.690000,168.590000,357.020000,279.720000,240.460000,273.770000
352.741223,165.034874,361.578333,274.888332,240.978341,284.589941,232.141231,174.736483
375.127620,252.565325,282.994587,325.093170,205.837306,227.079306,297.970338,154.551461
283.505577,175.929270,349.511748,274.347015,254.201932,338.268781,188.195761,239.851036
309.036441,192.690413,339.551247,303.500506,219.602177,336.531998,189.087370,225.721904
320.925158,192.309323,337.613952,307.813018,217.347218,325.190010,200.658424,209.686315
325.875823,188.654164,334.556161,298.193583,214.944152,307.672112,206.263815,198.132693
323.123995,190.364661,332.050482,290.909290,214.546517,301.341449,205.620031,200.796820
301.971851,231.612953,329.228385,291.361396,234.073457,334.769951,206.816923,275.021508
259.194596,266.607411,274.892428,342.330739,151.842019,367.839717,136.144187,292.116389
318.636234,314.534925,305.752836,366.117019,192.037763,337.714981,204.921162,286.132886
356.129862,239.550766,360.303492,322.132867,244.459155,327.987542,240.285525,245.405441
336.283943,199.338847,350.709115,296.476729,214.716080,316.671970,200.290908,219.534087
317.856469,188.083038,343.810835,300.594378,222.387705,328.604535,196.433339,216.093195
325.524757,203.339330,322.654009,306.320157,202.908860,302.982078,205.779608,200.001250
312.351091,209.798024,300.884136,317.658947,182.115929,305.032412,193.582884,197.171489
287.659925,199.440336,321.491233,309.433143,201.721289,346.271678,167.889980,236.278872
216.480002,199.867961,325.129903,226.580232,298.707982,334.049156,190.058081,307.336885
324.496994,188.121164,342.542562,289.670886,224.893494,310.577336,206.847926,209.027615
324.337781,154.095158,336.151672,247.782926,219.931402,262.438132,208.117512,168.750364
318.392194,151.129520,305.207549,255.991395,186.206994,241.029045,199.391639,136.167170
317.540850,174.344204,325.459402,262.554602,207.431406,273.149848,199.512853,184.939451
341.852186,283.271997,274.609106,289.588097,267.517344,214.087095,334.760425,207.770995
336.310986,213.579443,380.732632,304.564495,284.692855,351.454011,240.271208,260.468958
372.039444,226.840760,394.127888,336.763225,274.600548,360.781727,252.512103,250.859262
360.842929,225.758681,383.106876,336.726957,265.413250,360.340234,243.149303,249.371958
356.478432,244.770506,357.143161,354.015879,238.293798,354.739046,237.629069,245.493672
338.866706,236.982388,360.243393,344.805650,240.439768,368.557524,219.063082,260.734262
336.021105,245.404493,356.336152,338.633453,233.973141,365.296953,213.658094,272.067992
337.561909,218.428357,339.774336,329.406306,221.860265,331.757010,219.647838,220.779061
332.852112,209.520686,342.240918,319.553142,222.535279,329.767337,213.146473,219.734881
349.957748,211.481027,339.766523,318.475934,225.476508,307.589853,235.667733,200.594946
360.820962,204.836796,350.353147,310.664099,235.600650,299.313456,246.068465,193.486153
341.021337,167.656574,365.923144,273.228207,246.117133,301.487561,221.215326,195.915928
334.689964,156.666185,343.906064,258.405867,228.843328,268.828837,219.627228,167.089155
330.177497,134.910594,337.307388,237.569548,219.653305,245.740884,212.523415,143.081929
336.288927,112.770517,351.162379,217.858609,225.513573,235.642083,210.640121,130.553991
348.435963,116.997252,369.892323,225.083475,243.989690,250.076597,222.533330,141.990375
358.590162,120.943069,374.935590,227.720067,254.340391,246.180786,237.994963,139.403788
363.776264,143.413807,373.387947,235.957674,254.402975,248.315552,244.791293,155.771685
366.103570,187.281873,382.075254,277.546391,266.987994,297.910287,251.016310,207.645770
366.090291,208.681684,393.445143,309.691622,274.359742,341.941552,247.004891,240.931614
370.471953,217.819977,398.035503,330.031077,280.323858,358.945781,252.760308,246.734681
382.066404,226.082120,398.422847,336.749718,278.336731,354.498198,261.980288,243.830601
367.637878,219.686257,396.540003,328.782113,278.059558,360.170442,249.157433,251.074587
352.206642,198.027671,396.109146,310.413172,279.182817,356.089515,235.280313,243.704014
377.618994,210.030392,377.154529,317.802829,259.694682,317.296614,260.159147,209.524177
270.887954,178.184479,386.488272,188.145061,375.898601,311.046452,260.298283,301.085870
342.799020,136.475566,409.116772,242.494335,299.852531,310.842222,233.534779,204.823453
365.529717,139.837903,397.765961,254.907771,279.100160,288.151398,246.863916,173.081530
379.277347,169.248598,385.186949,284.135771,267.881099,290.169786,261.971496,175.282613
375.469028,177.204732,384.324934,285.311358,266.500858,294.963300,257.644953,186.856674
376.754989,175.931990,380.885283,284.389832,264.084531,288.837841,259.954237,180.379999
373.439888,170.242367,389.123291,278.118694,269.392424,295.525548,253.709020,187.649222
370.967577,168.685100,404.523356,275.171641,282.006583,313.778827,248.450805,207.292287
361.397147,166.926617,422.996281,273.372393,312.376161,337.387179,250.777027,230.941403
403.096622,212.398737,391.093155,321.600381,276.983572,309.057432,288.987039,199.855788
378.730403,243.520366,368.296758,319.321289,220.549196,298.984525,230.982841,223.183602
343.541622,211.789757,338.135499,309.361458,193.630575,301.354922,199.036697,203.783220
307.195080,200.176988,317.375268,308.857487,198.344246,320.007216,188.164058,211.326718
303.384036,190.013725,329.497902,299.264234,209.442398,327.960790,183.328532,218.710282
347.018436,200.784359,352.452319,304.235497,203.969509,312.034717,198.535626,208.583579
378.277589,203.851841,384.273123,300.843795,236.232772,309.994873,230.237239,213.002919
423.666479,206.253506,428.957414,301.512934,269.297247,310.380839,264.006312,215.121411
429.659148,200.602968,458.360847,311.269732,339.496545,342.097483,310.794846,231.430719
428.604499,205.555217,453.014421,312.785936,337.937552,338.981950,313.527630,231.751231
449.579913,294.261209,342.130889,349.849301,284.202246,237.876107,391.651270,182.288016
426.063533,233.589167,395.117424,302.421358,288.427527,254.454888,319.373637,185.622697
400.439575,200.074190,350.955500,280.499883,251.186918,219.114575,300.670993,138.688882
344.962813,147.588119,361.698559,254.805448,243.759497,273.214769,227.023751,165.997440
344.458391,163.554358,366.397117,265.901286,247.580568,291.370381,225.641842,189.023453
369.779600,197.369887,362.634108,296.323169,246.989910,287.972413,254.135403,189.019131
349.082227,185.240370,382.567426,290.806955,266.004322,327.780196,232.519122,222.213611
390.625118,241.129996,388.022854,313.739629,263.376316,309.272408,265.978581,236.662775
407.829038,225.691777,414.645613,317.522461,298.709374,326.128388,291.892799,234.297703
401.446220,210.973081,439.891453,321.798862,322.348957,362.574109,283.903725,251.748327
418.203583,237.980746,418.390756,347.199335,301.890927,347.398987,301.703754,238.180397
407.544558,244.911242,416.171735,351.750991,296.612969,361.405213,287.985792,254.565464
383.274152,235.573018,411.648327,338.288511,297.260619,369.887025,268.886443,267.171531
387.643565,248.378993,368.362176,335.038534,261.521646,311.266959,280.803035,224.607418
345.535775,220.999440,352.959308,325.955986,230.702232,334.603178,223.278700,229.646632
327.706319,224.972700,328.300063,334.189836,208.161213,334.842955,207.567469,225.625819
317.429839,227.184028,328.734786,335.219155,210.878283,347.551825,199.573336,239.516698
347.282979,247.486228,325.880793,351.220689,205.828552,326.451867,227.230737,222.717406
320.653725,226.327170,358.019285,303.065063,260.150669,350.719690,222.785109,273.981797
380.919115,261.677784,303.391194,335.245738,213.654460,240.678713,291.182381,167.110760
392.113623,202.021553,344.605880,277.133336,248.629713,216.428997,296.137456,141.317214
414.124238,137.541380,416.019265,235.398033,258.965377,238.439434,257.070351,140.582781
411.956822,125.828404,448.713631,219.032449,330.733827,265.560055,293.977018,172.356010
432.431298,151.159594,451.627612,253.059934,333.138845,275.381229,313.942531,173.480889
442.762380,177.851647,436.812384,279.886645,320.863522,273.125286,326.813518,171.090287
429.854705,186.414766,431.348558,276.652401,313.802164,278.598341,312.308311,188.360706
404.326847,215.318352,409.017894,296.109359,297.336207,302.594042,292.645160,221.803034
355.117636,228.335393,391.541606,293.431644,296.856150,346.411964,260.432180,281.315713
365.150496,249.708110,359.945091,332.158538,245.371119,324.925053,250.576524,242.474625
338.443201,217.374646,356.018525,311.595830,235.193712,334.133598,217.618388,239.912414
314.385794,200.083004,352.103139,304.622388,236.442544,346.352216,198.725199,241.812832
308.819794,191.843416,336.228974,295.294832,216.319377,327.064564,188.910197,223.613147
313.565407,197.728429,323.693741,300.925302,206.097304,312.466892,195.968970,209.270019
311.357207,196.958337,331.622344,296.284501,220.329173,318.991221,200.064035,219.665057
337.267068,193.831552,364.799942,266.292665,248.423002,310.512130,220.890128,238.051017
341.313987,152.297646,371.448134,257.287855,254.673309,290.804406,224.539163,185.814196
376.692125,195.394362,375.306975,277.413916,255.792767,275.395555,257.177917,193.376000
352.638396,175.663661,402.967655,266.835123,303.953487,321.493781,253.624228,230.322319
396.607473,224.711118,416.615908,314.146130,307.785351,338.493744,287.776917,249.058732
407.425206,212.348967,429.692499,322.782650,310.844821,346.746500,288.577528,236.312817
399.652239,224.761378,425.002259,293.351772,312.091918,335.081803,286.741899,266.491409
381.070104,216.799159,381.181916,290.650637,236.689894,290.869399,236.578082,217.017921
329.821965,220.159471,329.727069,289.747948,193.917300,289.562748,194.012195,219.974271
281.431613,227.551568,286.333202,316.995488,177.395093,322.965372,172.493504,233.521452
281.143842,241.449593,275.371753,341.288086,160.173492,334.627983,165.945581,234.789490
270.666791,230.288801,282.368736,339.258638,164.222492,351.946010,152.520547,242.976173
277.471614,249.139934,288.247601,325.382167,181.031960,340.535898,170.255973,264.293665
318.262871,263.348124,278.193473,310.311688,208.617822,250.949617,248.687221,203.986052
349.585781,178.537226,332.381454,283.559255,212.356278,263.897168,229.560604,158.875139
332.551526,157.817989,360.937335,274.171119,242.367955,303.097610,213.982146,186.744480
347.253407,205.073277,338.783917,305.341210,224.191994,295.661793,232.661484,195.393860
345.802090,209.183298,332.285349,318.853475,215.760786,304.491938,229.277527,194.821761
337.094685,206.467311,332.470495,312.700049,216.580235,307.655477,221.204425,201.422739
346.914929,226.749914,338.837950,305.398762,223.247977,293.528050,231.324956,214.879202
337.184087,180.444996,369.378565,290.561751,249.251196,325.682999,217.056718,215.566244
348.875603,224.312755,353.674926,312.200042,234.485318,318.708713,229.685995,230.821426
339.196967,241.286450,341.710789,322.601769,220.310453,326.354799,217.796631,245.039480
313.047471,215.114630,328.333798,311.329753,207.788414,330.481588,192.502086,234.266465
308.994088,211.091733,322.567994,310.218764,203.615555,326.507451,190.041650,227.380419
295.453638,179.038528,328.797845,284.477674,211.149956,321.682789,177.805749,216.243644
320.470860,197.161355,303.927187,303.591576,185.402622,285.167940,201.946295,178.737719
311.077117,220.821062,318.417809,306.366059,197.432742,316.747894,190.092050,231.202897
286.985425,207.849436,349.454149,300.809958,241.968546,373.039419,179.499822,280.078898
304.066104,237.005796,334.500357,339.048328,214.864285,374.729866,184.430032,272.687334
296.018280,235.624398,333.214382,339.094875,213.055117,382.290348,175.859016,278.819870
309.162409,225.123762,321.314949,323.469514,200.724324,338.370843,188.571784,240.025090
296.903784,191.402187,336.715402,289.012169,218.946836,337.045752,179.135218,239.435770
309.013802,211.093486,303.775966,290.326797,183.725495,282.390682,188.963331,203.157371
289.718286,200.074929,291.827851,275.498558,167.264585,278.982537,165.155020,203.558908
263.091349,174.884834,287.395097,281.837915,168.793660,308.788606,144.489912,201.835524
285.042520,219.211320,287.346658,300.162910,165.349191,303.635343,163.045053,222.683753
303.115134,221.862943,295.833844,312.785399,177.525106,303.310949,184.806396,212.388493
311.856715,200.988969,322.744976,294.959223,204.709169,308.635941,193.820908,214.665687
347.181015,245.537779,332.574972,309.965393,211.773196,282.579062,226.379239,218.151448
368.203085,251.132242,360.041810,332.659665,246.126781,321.256240,254.288055,239.728817
399.458900,271.670037,385.253421,343.672733,260.885129,319.135997,275.090607,247.133301
401.946280,233.813508,419.132566,341.566113,298.449648,360.814753,281.263362,253.062148
405.398224,261.996297,399.982890,343.170027,273.077479,334.703801,278.492814,253.530070
344.662440,294.068974,330.556617,324.655287,218.758369,273.096075,232.864192,242.509762
327.611956,248.008762,326.527259,317.398722,189.950195,315.263764,191.034892,245.873804
281.203394,212.950456,290.196882,305.177055,165.107931,317.375120,156.114443,225.148520
261.427441,240.393644,265.557379,309.697781,125.831295,318.024269,121.701357,248.720131
220.987113,224.164188,222.527201,324.509141,103.015234,326.343403,101.475146,225.998450
204.221835,239.688363,222.788624,308.152976,129.220319,333.527588,110.653530,265.062974
267.939677,234.667555,259.174554,297.054834,145.540581,281.089790,154.305703,218.702510
333.917698,219.155071,334.804347,287.482652,205.622515,289.158973,204.735865,220.831392
334.712294,179.669891,347.892117,288.943032,228.406532,303.354614,215.226710,194.081472
333.219059,178.729809,350.174526,287.652395,230.573256,306.270162,213.617789,197.347577
343.659882,198.464482,353.870177,298.999419,238.650362,310.701105,228.440067,210.166168
349.049963,204.555644,362.765660,310.720201,242.902451,326.205665,229.186754,220.041109
348.861946,225.953337,343.362305,320.585330,226.255214,313.779525,231.754855,219.147532
319.564849,247.640088,318.975222,316.033379,178.524712,314.822537,179.114339,246.429245
288.828164,234.828579,279.008563,331.675784,160.255443,319.635082,170.075044,222.787877
276.643270,220.420684,294.644623,321.174148,179.832536,341.687318,161.831183,240.933854
341.911533,242.628487,344.291512,304.431637,193.491826,310.238785,191.111847,248.435635
375.904861,218.044218,378.647944,302.562216,244.827782,306.905432,242.084698,222.387434
383.315077,206.107240,396.648935,313.092021,277.776956,327.907420,264.443098,220.922639
367.470487,200.681118,395.287825,306.394969,276.359742,337.689475,248.542404,231.975624
374.365495,229.216226,370.626790,314.634445,254.363103,309.545652,258.101808,224.127433
357.315119,186.370306,375.759331,294.152520,255.497070,314.732377,237.052859,206.950162
349.619794,179.485597,372.485747,288.025039,252.275397,313.349697,229.409444,204.810255
373.604027,194.982393,358.689564,298.644137,242.070102,281.865366,256.984565,178.203623
383.016549,217.229291,377.667433,299.576574,261.412446,292.024880,266.761562,209.677598
378.009668,188.164680,399.352543,298.014157,279.310846,321.337299,257.967971,211.487822
379.211532,202.356285,381.415545,303.712533,265.750180,306.227700,263.546167,204.871452
359.427048,228.811754,364.187423,294.310869,221.059728,304.713170,216.299353,239.214055
296.942118,255.993960,315.422516,330.034979,221.188491,353.555486,202.708093,279.514466
302.934012,272.352607,299.656657,349.209846,175.587115,343.919257,178.864470,267.062019
285.880975,246.859578,289.832420,351.555871,173.998225,355.927683,170.046779,251.231391
301.612789,267.822853,287.763510,356.785162,168.761980,338.259503,182.611259,249.297195
331.723512,265.179357,313.813893,355.228125,187.976511,330.200580,205.886131,240.151811
321.139953,230.200404,330.655898,335.186690,210.160273,346.108400,200.644328,241.122113
322.126822,242.433181,300.006355,347.473010,180.961215,322.403147,203.081682,217.363319
300.204578,237.385985,279.647465,344.281423,164.248981,322.089085,184.806094,215.193647
298.297326,239.901845,276.697395,340.936452,158.620806,315.693159,180.220737,214.658552
300.966305,251.123076,293.379945,323.641403,175.686268,311.329114,183.272628,238.810788
335.398292,253.102524,322.048801,314.106896,214.459273,290.563247,227.808764,229.558875
395.319943,225.650331,395.211781,298.059104,266.605153,297.866995,266.713315,225.458222
381.023096,179.300867,407.687644,277.422020,286.843697,310.261516,260.179149,212.140362
371.227178,226.999382,357.104009,294.155370,226.094786,266.603614,240.217955,199.447626
335.085323,211.420679,331.348825,284.627469,203.827321,278.118730,207.563819,204.911940
311.681425,186.951884,310.039659,282.341403,193.327777,280.332653,194.969543,184.943135
296.284738,207.146909,299.963631,278.377490,176.185900,284.770320,172.507007,213.539739
285.572006,192.783128,281.077961,292.760299,162.216214,287.417379,166.710259,187.440208
272.336775,174.187946,300.581978,276.528405,176.873731,310.670958,148.628528,208.330499
342.514507,218.302190,338.986679,285.584766,187.600883,277.647152,191.128711,210.364576
393.261496,223.821185,393.221663,292.414924,243.458668,292.327956,243.498500,223.734217
396.344006,180.481204,418.297202,284.278801,298.448431,309.626820,276.495235,205.829224
404.245027,189.759199,409.264831,289.547081,291.125154,295.490067,286.105350,195.702185
392.843090,217.484501,396.627143,287.695102,270.248060,294.506398,266.464006,224.295796
370.714169,198.245449,369.632921,298.552122,245.921358,297.218582,247.002607,196.911909
349.859431,234.714632,348.369546,311.872124,226.788044,309.524428,228.277928,232.366936
330.918781,225.184001,322.687444,319.343126,195.295687,308.206611,203.527024,214.047487
279.988797,255.258812,285.404203,302.784607,218.172591,310.445425,212.757185,262.919631
243.875076,172.322109,276.162663,276.135781,153.281175,314.353741,120.993588,210.540069
247.267868,170.657943,267.100108,280.634053,143.376984,302.945323,123.544744,192.969213
281.965137,213.731671,280.268267,286.680688,148.960036,283.626322,150.656906,210.677304
304.696612,192.297506,301.128489,296.298815,186.727048,292.373880,190.295171,188.372571
305.705620,190.427560,313.266809,295.507435,193.693158,304.111547,186.131969,199.031672
299.528359,184.687611,308.113624,288.369229,188.574818,298.267535,179.989552,194.585918
318.164998,205.702750,303.791613,293.175544,183.221006,273.363582,197.594390,185.890788
326.775695,177.159841,313.687867,280.632286,196.264081,265.779806,209.351909,162.307361
318.090191,157.934513,342.550368,266.125835,220.398876,293.742164,195.938699,185.550842
325.621477,178.449713,332.698484,284.132294,213.954011,292.083987,206.877004,186.401407
325.959803,214.018855,314.893371,302.553869,198.840716,288.047871,209.907148,199.512856
296.584863,189.953915,333.466419,295.257512,213.752855,337.186018,176.871299,231.882420
310.229144,238.929113,342.907704,313.556648,232.097121,362.079358,199.418562,287.451823
318.955959,228.600412,353.049060,337.039130,234.549018,374.295510,200.455916,265.856791
321.250714,240.164600,336.955862,344.173054,216.400609,362.376749,200.695461,258.368295
296.067217,252.267800,307.178133,339.006982,191.921960,353.770802,180.811044,267.031620
282.881731,212.267638,311.076784,300.029439,194.061049,337.622843,165.865996,249.861042
291.888467,198.798543,290.703692,282.310973,176.423525,280.689702,177.608300,197.177272
302.003411,157.815255,299.231236,258.386431,185.821187,255.260362,188.593362,154.689186
292.193514,140.827827,338.318099,239.446898,221.398581,294.130684,175.273996,195.511613
323.375160,191.541968,327.888879,271.633629,221.885209,277.607669,217.371491,197.516008
333.940982,167.827376,369.487857,270.465960,252.035457,311.143311,216.488583,208.504728
347.241985,173.491452,366.725447,280.966271,246.538553,302.754228,227.055091,195.279409
338.997108,177.548638,352.966524,269.319637,235.311398,287.229145,221.341982,195.458146
331.946199,216.700148,333.665296,285.704780,193.276563,289.202251,191.557467,220.197620
306.511497,208.145382,302.447811,306.389499,173.714140,301.064669,177.777826,202.820552
292.342779,205.576883,305.639718,308.996408,183.416644,324.710973,170.119704,221.291448
293.675585,203.376885,312.423299,311.302322,192.233608,332.180458,173.485894,224.255021
287.968319,198.061420,311.081834,303.089871,191.892244,329.319814,168.778729,224.291363
290.332997,189.635726,304.127559,287.391186,186.821006,303.944660,173.026444,206.189200
335.770307,203.676198,291.059278,291.239293,170.914566,229.891603,215.625595,142.328507
352.262147,154.998669,356.429196,248.546530,219.705398,254.636832,215.538350,161.088971
391.659804,196.198300,388.907322,246.411980,256.637141,239.161538,259.389623,188.947858
396.945462,187.373550,417.276909,283.241336,300.866026,307.929521,280.534579,212.061736
408.039824,209.529589,412.520053,310.714305,297.692454,315.798610,293.212225,214.613894
409.353025,221.521817,404.308392,324.523358,289.862237,318.918210,294.906870,215.916670
404.402735,216.277774,413.680148,320.393899,296.695738,330.817958,287.418326,226.701833
403.910590,205.419839,423.662518,310.697544,304.502037,333.054121,284.750110,227.776416
384.128046,213.660348,404.292867,312.175062,298.905034,333.746732,278.740212,235.232018
399.449068,254.609957,368.157932,349.974716,244.293360,309.332206,275.584496,213.967448
361.406340,235.034038,343.653043,338.878981,229.065520,319.289137,246.818817,215.444194
346.309773,234.624770,340.620048,340.855320,224.840684,334.654159,230.530409,228.423609
335.787314,244.154080,329.521346,340.601794,211.779981,332.952431,218.045949,236.504717
313.290699,227.075158,328.984330,324.818080,208.866522,344.104228,193.172892,246.361306
324.576475,216.621585,317.374279,322.512354,204.577590,314.840450,211.779786,208.949681
326.641256,205.005474,326.903344,311.156192,210.018284,311.444783,209.756195,205.294065
332.225753,202.553352,327.583852,306.199458,216.445257,301.221998,221.087158,197.575892
353.860602,211.897191,347.726054,304.725963,229.904921,296.939806,236.039469,204.111034
367.039119,205.313461,359.244990,301.905763,246.553971,292.812613,254.348100,196.220311
360.408112,171.477480,377.480548,277.731849,261.159976,296.421675,244.087539,190.167306
362.123945,156.049746,380.023491,265.486198,263.601734,284.528267,245.702188,175.091816
367.713723,179.716973,395.174479,271.460975,290.971416,302.650969,263.510660,210.906967
388.263482,220.709837,402.064083,317.606994,285.119239,334.262893,271.318637,237.365736
398.143680,274.610925,381.593165,366.287818,268.929997,345.948631,285.480512,254.271738
363.686109,250.729671,380.104040,350.674009,263.315151,369.859008,246.897219,269.914670
362.386551,246.095573,367.711761,336.783108,251.965828,343.579757,246.640618,252.892221
348.785056,195.602550,374.719889,288.562998,258.792742,320.905261,232.857908,227.944813
334.332772,151.879024,378.572898,247.379672,264.171080,300.375656,219.930954,204.875008
336.249090,150.984343,351.888153,254.555049,239.212331,271.568975,223.573267,167.998269
358.805665,213.135139,298.628370,294.042829,203.010191,222.924208,263.187486,142.016518
325.956197,177.481903,311.457921,278.659349,198.912222,262.532053,213.410498,161.354607
339.266692,216.211360,300.404292,297.425945,192.821336,245.945883,231.683735,164.731298
361.030171,174.087401,354.789762,264.445082,236.347937,256.265088,242.588345,165.907407
402.041810,193.553472,342.505776,278.877145,243.607883,209.869469,303.143917,124.545797
383.270724,132.643372,395.685931,240.944497,281.434195,254.041858,269.018988,145.740734
394.933830,182.982512,383.676647,267.593707,273.566189,252.943949,284.823371,168.332755
361.231344,203.371897,365.007839,274.772094,262.370057,280.200806,258.593561,208.800609
352.467871,182.712779,353.423855,285.518230,242.139604,286.553058,241.183620,183.747607
343.064841,181.597242,349.876692,285.029427,237.547115,292.427244,230.735264,188.995059
346.249430,180.493543,350.913324,284.847707,238.619169,289.866462,233.955276,185.512298
350.702368,178.267023,362.435437,285.887138,247.872089,298.377179,236.139020,190.757065
347.195138,219.904026,363.244279,288.590393,242.451013,316.814745,226.401872,248.128378
293.186801,192.604784,325.644889,291.475793,225.675313,324.294527,193.217225,225.423518
310.115494,208.987891,312.605537,311.754604,200.279130,314.476278,197.789087,211.709566
330.087530,224.018883,313.499597,316.067432,203.490357,296.242829,220.078289,204.194281
355.776928,195.827217,327.432618,295.281068,218.354201,264.193760,246.698511,164.739910
344.857990,175.860250,355.344180,281.745923,241.313456,293.038742,230.827266,187.153070
342.428335,179.499944,355.057149,291.849685,240.414556,304.736230,227.785743,192.386489
340.768090,193.956567,353.504246,299.755229,239.289782,313.504487,226.553626,207.705826
343.576455,201.258379,347.159276,304.790154,236.725382,308.611830,233.142561,205.080055
337.545457,206.061409,337.144295,307.576241,226.504534,307.139020,226.905696,205.624188
345.575093,274.887931,286.134173,351.330534,190.350671,276.850345,249.791591,200.407743
311.533566,227.963961,322.479848,331.218695,204.142962,343.763872,193.196680,240.509138
331.117295,242.345467,322.261886,341.246686,212.505655,331.419341,221.361064,232.518122
313.336916,215.034735,346.597840,321.616469,233.423421,356.934770,200.162497,250.353036
313.954045,216.787416,332.605360,321.458985,223.431788,340.912506,204.780473,236.240938
320.707591,222.708618,323.698187,323.039057,211.966562,326.369494,208.975966,226.039055
345.872415,269.291453,294.538191,346.333692,206.768551,287.851665,258.102776,210.809426
320.441695,211.431594,359.024085,271.430291,287.775632,317.246879,249.193242,257.248182
417.625444,207.407386,349.720915,293.893281,254.087474,218.806543,321.992002,132.320648
381.395711,152.945378,393.560002,255.641524,279.821260,269.113803,267.656969,166.417658
373.444604,153.884909,403.041617,261.903504,288.271859,293.350330,258.674847,185.331735
378.901008,201.959550,382.377417,295.707615,274.389139,299.712086,270.912730,205.964021
386.578160,235.671422,369.963730,332.355843,256.609581,312.876857,273.224011,216.192435
374.040387,245.805664,364.016062,332.139708,251.206245,319.041256,261.230570,232.707212
336.235105,209.829894,366.286941,298.976351,256.164847,336.099207,226.113011,246.952750
334.391304,238.785382,321.477918,329.835141,210.835174,314.142925,223.748560,223.093166
324.619766,248.343669,324.391006,336.025663,210.641394,335.728893,210.870153,248.046900
334.184732,246.868580,332.521519,345.182638,199.176016,342.926785,200.839229,244.612728
328.596152,229.635819,358.675926,333.427490,246.900280,365.821094,216.820506,262.029422
343.348189,234.155989,345.505755,328.923098,236.523579,331.404299,234.366013,236.637190
365.321749,223.275464,338.860369,318.911351,225.836139,287.638811,252.297519,192.002924
376.197729,220.996408,358.596246,311.519807,241.380050,288.728143,258.981533,198.204745
399.933298,223.919248,397.563832,308.287023,274.627932,304.834374,276.997397,220.466599
401.272784,203.461099,414.348787,303.550673,303.406127,318.044555,290.330124,217.954981
390.722984,195.807423,411.694417,291.825145,299.862010,316.250697,278.890578,220.232974
398.291535,212.443226,382.305031,306.912622,270.966100,288.071386,286.952603,193.601990
396.103969,247.291709,366.116615,329.686751,251.431625,287.947595,281.418979,205.552554
391.836745,263.603524,354.824729,353.785597,248.344691,310.084663,285.356707,219.902590
370.284361,246.224756,357.749357,343.293748,249.523009,329.317939,262.058013,232.248946
363.061745,244.915189,356.629015,343.471106,248.905106,336.439982,255.337837,237.884065
369.532121,236.617423,368.325360,336.068435,258.703222,334.738255,259.909983,235.287243
362.012105,218.377618,380.472932,320.302614,270.440266,340.231916,251.979439,238.306920
356.042368,209.803904,375.366729,312.027247,265.280051,332.838097,245.955691,230.614753
358.019459,206.923026,368.171628,308.165290,258.876003,319.125018,248.723833,217.882754
358.476834,203.855907,364.328460,303.601076,256.649016,309.918173,250.797390,210.173004
374.543965,211.690363,360.599900,311.915111,253.766927,297.051657,267.710992,196.826909
352.556539,181.209423,386.654298,285.667909,280.042029,320.468715,245.944269,216.010229
371.093384,186.663415,378.499540,284.939430,270.057040,293.111741,262.650884,194.835725
379.245812,214.745351,374.735651,298.540729,265.581146,292.665651,270.091306,208.870273
379.662894,218.251917,390.623077,305.755685,282.034062,319.356876,271.073880,231.853107
378.512417,214.742257,402.776653,313.607725,294.738100,340.123282,270.473864,241.257814
394.359525,225.462266,397.829233,324.542156,291.043129,328.281730,287.573421,229.201840
389.204628,238.962521,377.757738,326.782138,273.049733,313.133923,284.496623,225.314306
359.161785,252.565542,355.564500,326.728350,240.949251,321.168908,244.546537,247.006100
328.919155,236.896822,327.875521,331.536901,217.103610,330.315375,218.147244,235.675296
317.121213,245.382022,316.704444,324.313213,214.093895,323.771413,214.510664,244.840221
301.619127,204.136627,312.400411,286.044705,204.962542,300.186389,194.181258,218.278311
325.842808,208.129896,295.543704,286.162256,188.011304,244.408612,218.310409,166.376251
321.537044,169.099130,312.636153,263.095306,204.754179,252.879510,213.655070,158.883335
331.365305,193.925122,330.515248,267.045181,222.522546,265.789713,223.372602,192.669654
324.205301,166.174945,356.900602,265.839685,253.167913,299.869488,220.472612,200.204748
350.745212,182.273535,350.707229,281.044361,247.446820,281.004652,247.484803,182.233825
350.457156,178.354816,365.159826,273.243340,254.097122,290.452147,239.394452,195.563623
371.826264,228.934076,369.718670,303.383416,268.925716,300.530058,271.033310,226.080717
387.028735,246.817870,389.991009,326.226178,289.914785,329.959456,286.952511,250.551148
388.920340,243.012508,402.990519,341.260116,295.532197,356.649375,281.462018,258.401766
384.262187,250.547277,396.389753,338.764441,289.883664,353.406258,277.756098,265.189094
377.975993,233.790317,382.750005,308.262456,285.522490,314.495193,280.748479,240.023054
366.492554,212.615374,377.924328,276.570460,266.487436,296.489460,255.055662,232.534374
354.319868,218.952393,358.203269,283.883242,250.926214,290.299295,247.042813,225.368446
337.195783,232.578433,322.343705,296.885632,214.271885,271.925888,229.123964,207.618690
314.693440,219.341263,327.100813,309.060326,220.201504,323.843580,207.794130,234.124516
335.334784,233.002432,325.335721,329.737024,209.455742,317.758980,219.454804,221.024388
367.591625,253.947747,332.597596,339.505384,230.321799,297.673441,265.315828,212.115804
362.293846,220.189623,373.729278,317.391664,271.186466,329.455417,259.751033,232.253376
366.792815,222.021397,390.685862,319.028516,283.134492,345.518634,259.241444,248.511516
393.351269,255.972869,371.710792,350.934115,267.037601,327.080407,288.678078,232.119162
349.762706,235.283042,392.700774,336.726237,291.257579,379.664305,248.319512,278.221110
373.166673,259.843108,375.662542,353.216006,270.062240,356.038715,267.566371,262.665817
368.339558,246.795321,380.475105,346.444508,274.327059,359.371504,262.191512,259.722317
362.933426,236.553341,388.165643,336.978889,281.329954,363.821672,256.097737,263.396125
352.071517,218.407958,397.659320,319.260171,294.790062,365.759730,249.202259,264.907516
368.469552,223.172784,386.981452,313.150186,280.743074,335.007609,262.231174,245.030208
366.081470,223.758932,378.225418,314.814672,275.385994,328.530190,263.242046,237.474450
364.763800,241.555905,362.339205,337.150162,259.997118,334.554420,262.421713,238.960163
339.512258,229.959929,363.433358,321.161449,260.566528,348.142224,236.645428,256.940704
331.743865,214.487648,370.660547,315.059229,268.097449,354.746538,229.180767,254.174957
348.136742,212.078821,359.527189,311.815923,255.453691,323.701608,244.063244,223.964505
361.892534,225.030797,346.500799,316.637361,244.364744,299.476461,259.756479,207.869897
342.206753,218.669011,346.564385,312.434996,244.369997,317.184326,240.012365,223.418341
341.346862,219.548162,359.161207,312.417509,252.726675,332.833948,234.912330,239.964601
364.714137,251.701420,367.376523,319.320903,258.741945,323.598178,256.079559,255.978696
361.100775,242.286988,381.797753,307.642786,291.305111,336.300141,270.608132,270.944344
392.190318,228.098864,393.729301,300.082415,291.752605,302.262641,290.213621,230.279091
387.785802,188.647852,396.518639,284.252442,294.287988,293.590524,285.555152,197.985935
388.505233,191.696453,389.611826,286.442595,286.887061,287.642375,285.780468,192.896233
395.233486,208.551289,381.108673,299.818927,275.321184,283.446985,289.445997,192.179347
366.104440,197.259904,393.670966,291.910631,291.739413,321.597660,264.172887,226.946932
372.545661,222.431154,361.877515,305.769341,250.399160,291.498964,261.067306,208.160776
343.931035,228.353033,344.483758,291.939172,238.141421,292.863554,237.588698,229.277415
314.258689,184.622872,330.099157,280.194024,228.362123,297.056457,212.521656,201.485305
297.947912,180.979031,344.447348,274.179497,242.774113,324.906155,196.274677,231.705689
312.954676,233.587538,354.376285,275.213895,296.856227,332.451027,255.434619,290.824670
366.006487,342.074322,314.231412,356.798747,294.506240,287.439684,346.281314,272.715260
383.316861,302.569110,373.121039,378.002974,259.492813,362.644710,269.688635,287.210846
401.839726,309.313584,378.501819,370.885367,288.512290,336.776119,311.850197,275.204336
413.768284,248.694813,417.161386,334.382867,316.068738,338.385965,312.675636,252.697911
407.249323,221.774445,420.654032,319.862740,319.593364,333.673653,306.188654,235.585357
405.010436,229.186396,390.247327,318.226012,279.465479,299.857956,294.228589,210.818340
375.648265,266.684706,361.967849,331.347137,262.818788,310.370500,276.499204,245.708068
356.975011,251.523125,353.302043,332.048777,203.754404,325.227551,207.427372,244.701899
315.018722,230.637818,325.365402,325.685694,223.762500,336.745938,213.415820,241.698062
357.290873,253.133879,352.119508,326.932077,201.218714,316.357794,206.390079,242.559595
393.198085,267.874623,390.814344,330.407330,237.956615,324.580410,240.340355,262.047702
420.104645,266.185783,395.399750,346.176390,296.463999,315.620336,321.168894,235.629728
434.663224,239.132432,426.761039,326.714161,326.667634,317.683093,334.569818,230.101364
422.466763,218.026162,453.620808,310.777576,349.898796,345.616508,318.744751,252.865094
422.961424,220.587556,460.905471,316.007532,361.381410,355.583581,323.437362,260.163605
447.154936,233.924882,449.142670,330.117888,347.664333,332.214838,345.676600,236.021831
429.240253,213.491037,463.657485,310.631448,363.416848,346.147102,328.999616,249.006691
442.710733,257.367477,443.661024,324.027370,340.546501,325.497350,339.596211,258.837457
397.513963,273.869125,408.841081,339.196475,326.938134,353.397637,315.611017,288.070287
373.944905,245.018607,409.504395,342.123974,315.930132,376.390392,280.370642,279.285024
395.759128,278.168313,393.584248,352.159793,292.955835,349.201957,295.130714,275.210477
421.968411,256.284034,394.713791,348.920431,295.781717,319.813556,323.036336,227.177159
401.546165,234.479504,425.591722,321.791460,328.789336,348.450664,304.743779,261.138708
412.893821,260.625360,443.463733,318.138521,351.260094,367.147428,320.690182,309.634267
447.973444,288.383259,444.177517,353.068852,338.328364,346.857335,342.124292,282.171742
458.876906,263.850439,454.307011,347.600852,355.329250,342.200067,359.899145,258.449654
448.680768,301.747702,394.866619,315.978835,380.385816,261.220578,434.199966,246.989445
410.390146,266.020199,381.058582,274.717145,367.617848,229.386545,396.949412,220.689599
369.757045,150.216606,399.988457,247.134458,295.485729,279.731806,265.254318,182.813954
362.132993,166.159195,395.946920,251.484550,298.555353,290.080244,264.741426,204.754889
376.079373,203.172070,381.799645,284.565058,281.996338,291.579202,276.276066,210.186214
365.369669,243.702103,358.966506,307.941058,276.510533,299.722073,282.913696,235.483118
351.607708,277.997000,322.315814,341.206409,231.660214,299.195665,260.952109,235.986256
298.888104,226.968823,340.641630,317.766109,254.209598,357.512253,212.456073,266.714967
311.724924,237.684653,320.995384,333.225527,221.431736,342.886322,212.161276,247.345448
305.613024,232.573599,328.564443,328.876415,228.249010,352.784142,205.297591,256.481326
335.930503,254.403266,324.973399,343.906947,224.153161,331.564462,235.110265,242.060781
338.318325,249.173308,346.265918,330.441868,249.368788,339.917845,241.421195,258.649284
343.791156,232.093368,360.221764,294.632471,260.159200,320.921443,243.728592,258.382341
340.596336,205.444907,337.680462,272.868865,237.019343,268.515589,239.935216,201.091632
325.241355,165.698555,336.565475,261.369235,236.382028,273.227512,225.057907,177.556832
349.890500,236.589847,279.144454,306.021558,204.371841,229.833508,275.117888,160.401797
300.720557,215.538946,297.905061,288.674876,217.756097,285.589401,220.571592,212.453471
313.995158,246.407632,255.053799,326.948875,172.978437,266.884822,231.919797,186.343580
282.205091,204.530933,290.551962,297.155604,189.959576,306.220485,181.612706,213.595814
292.836495,218.634179,277.666046,310.282929,176.953134,293.612106,192.123583,201.963356
297.803228,262.326558,253.622897,347.638360,159.038072,298.655819,203.218403,213.344017
285.194499,264.050853,282.133038,327.995838,139.567169,321.170284,142.628631,257.225299
293.136624,236.835946,293.553352,321.418252,164.565334,322.053762,164.148607,237.471455
336.077930,265.041891,319.113967,333.985520,215.698523,308.539575,232.662487,239.595946
373.159328,242.953002,375.585557,309.314914,263.876338,313.399067,261.450108,247.037155
400.181798,235.761403,386.192818,316.622780,291.854544,300.302304,305.843524,219.440926
408.762270,248.273805,410.146097,315.460076,308.849873,317.546461,307.466046,250.360190
403.931915,255.494079,420.234073,321.430570,318.940334,346.474464,302.638177,280.537974
391.619160,276.996034,388.439190,338.617162,265.196934,332.257220,268.376904,270.636092
350.662353,271.461903,340.834512,321.697087,246.876113,303.315384,256.703954,253.080200
317.032428,247.396123,307.929090,306.250945,196.758871,289.055749,205.862210,230.200927
234.403792,198.821123,292.063413,266.545836,225.706876,323.040616,168.047255,255.315903
271.116478,221.262969,280.416444,305.595481,179.217430,316.755441,169.917464,232.422929
287.862675,246.286812,285.737359,318.685311,192.511894,315.948603,194.637210,243.550104
324.189285,238.842336,324.782088,310.485717,238.055891,311.203321,237.463087,239.559940
333.773128,220.559713,336.439891,287.498801,244.510209,291.161155,241.843447,224.222066
369.581670,205.542325,350.812823,294.591066,255.592387,274.521408,274.361234,185.472667
386.384136,226.893436,380.360987,288.992644,273.098717,278.589022,279.121866,216.489813
421.905564,203.655051,422.222382,291.821148,311.056433,292.220614,310.739615,204.054516
420.584070,199.262725,437.611315,285.042221,338.028221,304.809482,321.000977,219.029985
411.394802,196.316340,430.857787,282.238506,334.827131,303.991254,315.364146,218.069088
407.931247,229.227795,404.154587,284.082314,303.587967,277.158438,307.364627,222.303918
367.891790,209.266750,369.043272,256.721532,268.322919,259.165494,267.171437,211.710712
326.676559,172.098886,341.406553,231.902703,239.650805,256.965678,224.920811,197.161862
313.143555,136.020844,346.689451,221.183292,258.997425,255.725601,225.451529,170.563153
380.028012,164.484409,381.906226,230.043447,274.541424,233.119363,272.663210,167.560325
387.612566,146.727384,387.109500,221.199643,296.611565,220.588323,297.114631,146.116064
385.396686,109.236519,408.000987,203.801610,308.889497,227.492657,286.285196,132.927566
383.731805,118.803054,416.855641,205.991208,316.818707,243.996451,283.694871,156.808298
398.381568,172.043491,399.475265,251.241669,302.791776,252.576832,301.698078,173.378655
385.528245,194.771209,425.493275,272.212752,328.908877,322.056778,288.943848,244.615234
394.698536,222.408724,407.709179,313.989143,309.451021,327.948479,296.440378,236.368060
380.371163,211.453618,419.799236,302.263458,321.651227,344.877639,282.223154,254.067799
387.419603,212.684556,409.301844,298.866579,310.388386,323.981425,288.506144,237.799402
379.032984,195.100546,402.626025,284.568064,303.740873,310.644583,280.147832,221.177064
375.056086,183.336144,397.075152,274.635109,297.837147,298.568877,275.818081,207.269912
380.087666,177.344876,390.744345,261.227954,291.071511,273.890596,280.414833,190.007518
350.560649,150.177453,400.381074,216.672799,322.287703,275.182833,272.467278,208.687487
377.129648,116.188566,381.548678,185.383540,287.014700,191.420807,282.595670,122.225833
403.322881,81.813907,405.186562,162.448622,312.502981,164.590783,310.639300,83.956068
405.970839,110.198073,448.600373,159.803520,384.616537,214.789441,341.987002,165.183995
429.313694,177.854892,427.693814,237.301576,330.417423,234.650864,332.037302,175.204180
406.650331,183.973766,410.868862,256.037898,327.651947,260.909297,323.433417,188.845164
383.935744,200.117516,393.876125,269.450221,309.324046,281.572636,299.383665,212.239932
373.952304,219.294819,383.998074,288.396552,292.143331,301.750075,282.097561,232.648342
371.000249,234.701910,378.918260,304.920959,281.825254,315.869319,273.907243,245.650270
367.698443,252.097177,366.318350,316.394867,272.550885,314.382232,273.930978,250.084541
344.676518,218.710718,375.204740,309.051396,276.892826,342.273285,246.364604,251.932607
350.283299,223.450210,383.680663,311.584645,285.447491,348.808790,252.050127,260.674355
359.968432,225.101063,385.662023,316.284621,286.718163,344.164901,261.024572,252.981343
385.097158,242.039139,383.403859,315.589962,285.671943,313.339962,287.365242,239.789138
384.455308,225.696728,394.529341,298.797507,293.897100,312.665657,283.823066,239.564878
402.114686,217.339519,404.454842,284.554002,309.082941,287.874494,306.742785,220.660011
393.385710,176.106757,424.828261,265.862918,325.280519,300.735566,293.837967,210.979405
416.444037,213.411852,416.300255,279.758050,318.144235,279.545331,318.288017,213.199133
407.422021,188.034867,442.039859,272.733481,344.107087,312.760357,309.489248,228.061743
419.810735,220.676904,433.724386,303.516570,337.078109,319.749163,323.164458,236.909496
391.683451,256.114105,421.353184,309.221557,344.181419,352.335387,314.511686,299.227936
374.506038,268.447927,387.324133,338.675741,311.762561,352.467363,298.944465,282.239549
352.897190,261.428077,367.762953,346.942441,274.628496,363.132877,259.762733,277.618512
347.071058,255.777000,366.502367,340.990651,267.232857,363.627125,247.801547,278.413475
329.102671,244.131823,369.231580,327.630063,273.805020,373.491673,233.676111,289.993433
321.497450,243.891284,357.816099,295.979726,274.800145,353.862572,238.481496,301.774131
318.852826,207.453596,341.553681,276.401167,248.429689,307.062062,225.728834,238.114490
329.688683,162.910364,368.686667,237.987535,276.283995,285.985054,237.286011,210.907883
367.895499,166.761475,384.041955,256.381065,282.028166,274.760541,265.881711,185.140952
392.517911,202.051708,388.436967,273.028233,287.041931,267.198313,291.122875,196.221787
402.311642,209.591401,408.738613,284.109030,308.091426,292.789614,301.664455,218.271985
423.428027,239.543969,412.684739,295.212095,326.823732,278.641939,337.567019,222.973813
452.578480,273.944216,413.088428,335.241655,334.934193,284.891839,374.424244,223.594400
393.511323,229.125969,472.151546,294.721360,398.429291,383.104620,319.789069,317.509228
420.348454,251.300673,451.924748,338.936591,349.980925,375.668199,318.404630,288.032281
427.340911,275.934941,426.177500,352.725608,314.481985,351.033374,315.645396,274.242708
401.487759,292.566901,391.514388,363.052304,277.493883,346.918909,287.467254,276.433506
351.602862,287.312764,358.568160,350.822579,224.978549,365.473724,218.013251,301.963909
317.527962,291.119950,318.783442,354.701306,210.117125,356.847036,208.861644,293.265680
288.834325,250.929068,313.435082,335.333707,217.424806,363.317068,192.824049,278.912430
307.139993,223.100087,329.315197,308.819904,228.468353,334.908379,206.293149,249.188562
324.843069,208.823007,304.129961,303.564370,209.388597,282.851261,230.101706,188.109898
308.315436,177.607434,336.940430,265.542207,247.029594,294.810459,218.404600,206.875686
359.924447,175.805276,375.946602,265.558278,261.262210,286.031031,245.240055,196.278029
392.045642,186.246859,397.385414,275.556120,247.473441,284.519309,242.133668,195.210049
386.111871,168.653208,426.374053,255.888309,323.923527,303.172964,283.661346,215.937863
400.958959,184.264272,422.912078,271.867972,317.787637,298.211714,295.834519,210.608014
392.001309,189.305188,438.472402,265.892467,346.745778,321.549705,300.274685,244.962427
382.368266,193.046924,447.987890,266.506539,360.754598,344.429842,295.134974,270.970228
396.127462,227.479228,414.145200,316.231284,317.997139,335.750500,299.979401,246.998444
378.019021,250.858870,377.981390,320.983860,264.543906,320.922987,264.581537,250.797997
336.704119,239.820922,345.382770,309.530159,167.356105,331.694099,158.677454,261.984863
297.766564,260.086807,289.411886,328.841478,138.377037,310.488578,146.731715,241.733908
270.353553,223.133802,280.509653,318.008424,182.077233,328.545378,171.921132,233.670756
298.394403,252.651429,293.750929,322.732137,136.634504,312.321767,141.277978,242.241059
325.226417,231.815965,335.004306,316.943755,163.566396,336.635335,153.788508,251.507546
328.859358,212.083204,365.994264,302.234459,261.973586,345.082427,224.838680,254.931172
336.401237,212.254327,364.677772,302.948524,261.513122,335.113084,233.236586,244.418886
383.977969,221.187215,397.156870,297.867629,220.458524,328.236401,207.279623,251.555987
450.472449,242.316605,446.213909,307.203051,337.676580,300.079675,341.935120,235.193229
456.062721,200.984322,470.037557,292.169663,371.068101,307.337473,357.093265,216.152132
437.809655,193.440876,456.722007,270.154427,319.881619,303.889974,300.969267,227.176424
382.415587,199.665457,403.542043,265.969590,309.432952,295.955527,288.306496,229.651395
318.761905,226.061755,331.342391,293.057470,214.099890,315.073320,201.519404,248.077605
244.289638,213.022215,262.480114,302.360994,161.229499,322.976868,143.039022,233.638089
234.844596,227.622306,262.424147,288.614086,180.133650,325.824592,152.554099,264.832812
282.072944,245.082309,270.523323,276.361886,223.130025,258.862460,234.679646,227.582883
316.583183,187.508028,308.833881,262.818718,215.410493,253.205661,223.159795,177.894970
320.736479,164.984103,307.485494,251.870083,209.980118,236.999533,223.231102,150.113554
313.520582,185.681267,319.714775,250.024428,222.689373,259.364877,216.495180,195.021716
322.660835,221.029209,330.494576,280.904338,242.613339,292.402248,234.779598,232.527119
304.906101,212.305205,355.768878,294.214616,266.771153,349.478979,215.908376,267.569569
327.386992,257.093240,328.057514,337.712848,227.040174,338.553020,226.369652,257.933413
318.794589,251.182317,343.031450,328.692258,243.512513,359.811190,219.275653,282.301249
331.647584,256.356965,352.655879,348.684502,254.173173,371.093351,233.164877,278.765813
335.817200,280.426356,334.474280,334.847289,225.632414,332.161450,226.975334,277.740517
306.743435,250.029254,319.343262,337.664571,218.907281,352.104822,206.307454,264.469505
327.366967,299.598005,309.717406,354.253839,223.261813,326.335442,240.911375,271.679607
355.647293,318.761853,344.260603,363.983115,233.612835,336.122065,244.999525,290.900804
370.000613,287.654853,370.670533,377.209639,266.975518,377.985335,266.305598,288.430549
363.627638,281.458627,369.429565,358.427763,272.724754,365.717363,266.922827,288.748228
364.384892,272.916489,362.486049,351.786863,270.312237,349.567733,272.211081,270.697358
366.283321,259.331708,354.428410,298.721854,294.447961,280.670058,306.302872,241.279912
372.958106,187.982541,357.793359,245.514885,273.641573,223.333613,288.806320,165.801270
347.999112,155.034117,346.209024,231.794497,242.455983,229.374928,244.246071,152.614548
323.200266,181.653683,324.651881,246.462949,227.881881,248.630430,226.430266,183.821164
317.693926,195.431616,329.484964,267.188065,231.049835,283.362951,219.258797,211.606502
293.155335,225.950568,323.070921,294.725983,236.241959,332.494410,206.326374,263.718995
314.293254,248.591544,324.344247,330.684268,228.719756,342.392017,218.668764,260.299294
327.940744,255.428422,330.831991,340.207261,221.286301,343.943142,218.395054,259.164303
331.666059,252.703732,336.447895,338.570688,241.594863,343.852949,236.813027,257.985993
331.234391,224.582339,345.860288,312.580891,242.332579,329.787829,227.706682,241.789276
338.913282,226.116882,340.937899,312.968287,242.144425,315.271289,240.119808,228.419884
360.967411,228.792420,353.218727,312.999156,235.123915,302.132099,242.872599,217.925363
373.098388,233.875303,380.859568,298.410286,285.132676,309.922703,277.371496,245.387719
388.536086,208.607860,374.538912,289.700384,262.023035,270.279305,276.020209,189.186780
361.289373,185.445057,366.570652,276.711650,258.124464,282.987053,252.843185,191.720459
371.749994,185.964705,365.948046,266.380674,278.830747,260.095231,284.632694,179.679262
396.628008,183.821899,387.487845,263.180082,274.270171,250.140116,283.410334,170.781933
331.478858,173.422343,414.218242,215.266828,365.075300,312.437500,282.335916,270.593016
375.142826,257.061264,362.136564,323.163654,280.779776,307.155947,293.786038,241.053557
360.975571,253.022924,370.983193,339.067901,271.249242,350.667646,261.241620,264.622669
384.408953,266.659930,378.157215,352.241785,261.642159,343.730383,267.893896,258.148528
363.015104,246.289601,399.541719,329.875884,306.004688,370.750906,269.478073,287.164623
370.038199,255.976819,375.060435,323.853774,281.472512,330.778372,276.450276,262.901417
361.481635,232.231099,368.573411,318.335377,270.727640,326.394214,263.635864,240.289936
357.461958,227.349371,376.350247,310.678171,276.355687,333.344118,257.467398,250.015318
348.030804,218.531523,384.856799,303.359353,288.591509,345.150650,251.765514,260.322820
347.392292,219.530254,374.761370,307.364949,277.379426,337.708927,250.010348,249.874232
334.125160,202.427163,365.523188,284.891627,266.757608,322.496242,235.359580,240.031778
341.541864,214.173420,355.237104,303.473104,258.495780,318.309615,244.800539,229.009931
346.799135,232.421884,342.671794,317.050466,244.788134,312.276673,248.915475,227.648092
333.343746,225.921112,339.515487,314.109060,219.452377,322.511551,213.280636,234.323602
334.499383,224.412241,332.559957,313.974578,215.009390,311.429081,216.948816,221.866744
363.002560,219.946823,365.199003,302.131019,231.356170,305.708083,229.159727,223.523887
384.403625,226.929786,379.746514,311.974243,268.818962,305.899751,273.476073,220.855294
379.371018,247.586447,363.998702,329.357175,270.710970,311.819744,286.083286,230.049016
351.549955,240.148740,352.972826,325.959861,232.614371,327.955576,231.191500,242.144455
341.968035,235.585124,352.489034,324.456718,254.617785,336.043134,244.096786,247.171540
371.706520,256.568068,345.896529,333.197585,250.875928,301.193195,276.685919,224.563679
368.943638,219.114795,362.318840,308.933311,263.314338,301.630977,269.939137,211.812460
361.260081,209.312168,369.059259,301.166552,270.139153,309.565667,262.339975,217.711283
360.329059,211.536741,372.935461,300.809904,261.594775,316.532496,248.988373,227.259333
366.372175,212.696551,385.001333,300.204332,288.117718,320.829471,269.488560,233.321690
376.812434,224.694467,375.650254,307.540483,276.639162,306.151536,277.801342,223.305521
359.592423,214.255932,374.679610,303.220077,276.819050,319.815984,261.731863,230.851838
362.899560,211.931239,371.465035,302.229021,274.144092,311.460700,265.578617,221.162918
356.101135,211.163309,379.048139,301.787607,282.577113,326.215063,259.630108,235.590765
332.866122,202.747695,403.201032,279.971109,320.829390,354.995014,250.494480,277.771599
370.522954,256.216728,359.238468,341.662299,262.603596,328.900082,273.888082,243.454512
355.498602,244.060744,363.860921,332.533613,265.665758,341.814868,257.303439,253.341999
367.472098,251.425976,377.125667,321.206709,276.877290,335.075216,267.223722,265.294483
364.233694,208.961731,388.724314,299.995788,294.048895,325.466033,269.558275,234.431975
379.572653,221.410255,377.698454,305.503956,280.743364,303.343116,282.617562,219.249415
377.872821,254.323028,359.861637,333.225709,263.638856,311.260850,281.650039,232.358169
356.515720,234.148708,365.134492,323.224902,267.867383,332.636204,259.248611,243.560010
357.930302,238.063218,362.752161,322.926341,264.909972,328.485661,260.088113,243.622537
368.051278,212.651179,361.413386,305.664624,262.586601,298.611863,269.224493,205.598419
356.782723,193.760627,377.165222,286.484317,279.456388,307.962649,259.073889,215.238959
363.125359,204.139869,377.275796,296.984392,279.385375,311.903874,265.234938,219.059351
368.301164,233.312343,370.921895,315.145389,273.745153,318.257507,271.124422,236.424461
347.791763,222.697141,377.852208,312.527489,280.613172,345.067146,250.552727,255.236798
361.049608,238.728326,360.687585,326.967166,260.136348,326.554629,260.498371,238.315789
370.241989,246.085794,355.008314,330.694074,258.313136,313.284160,273.546811,228.675880
354.851246,218.179184,372.364510,309.515297,273.171527,328.535079,255.658263,237.198965
365.416814,240.809425,349.886934,322.629896,250.105872,303.691018,265.635752,221.870547
351.230327,259.068090,339.355474,340.061579,236.556047,324.989651,248.430899,243.996162
341.522675,240.642631,357.882058,332.959529,251.815835,351.755416,235.456452,259.438518
351.672804,257.464445,340.267739,345.268495,238.001845,331.984949,249.406910,244.180899
337.068689,229.000733,356.740067,324.171289,255.494795,345.098287,235.823417,249.927731
342.719948,223.732555,362.178710,316.159550,257.428116,338.212814,237.969354,245.785819
352.182669,260.175038,339.222998,339.973276,236.917565,323.358314,249.877235,243.560075
328.122964,241.074782,362.078332,330.250829,263.313463,367.857311,229.358096,278.681265
340.978095,252.249746,356.545284,344.793314,254.849055,361.900115,239.281866,269.356547
346.992513,261.111720,347.347293,351.056333,244.996527,351.460048,244.641747,261.515435
347.793625,255.631919,358.362343,347.840717,250.785413,360.170888,240.216694,267.962090
345.490836,263.782185,342.592995,348.732773,244.899818,345.400257,247.797659,260.449668
326.132653,239.729723,347.113784,331.077742,243.978924,354.766116,222.997793,263.418096
324.965120,235.532076,348.594705,325.760070,246.062893,352.611872,222.433308,262.383877
329.988462,229.811983,347.081358,314.372550,248.083620,334.383746,230.990724,249.823178
338.576665,221.509271,337.054138,310.496247,238.068625,308.802650,239.591152,219.815674
331.532847,217.657405,336.708272,306.712877,239.271108,312.375400,234.095684,223.319928
331.376210,216.434612,345.025655,306.165424,244.448261,321.464802,230.798816,231.733990
341.712651,223.821785,340.603904,309.814638,233.612797,308.435150,234.721543,222.442298
345.665090,210.409100,345.706820,301.034090,247.790163,301.079177,247.748434,210.454187
339.788313,197.629440,360.846226,291.499593,259.985743,314.125648,238.927830,220.255495
345.872204,226.637984,349.307626,306.181019,249.627113,310.486168,246.191691,230.943133
326.020468,221.214570,368.147304,305.246289,275.362281,351.761337,233.235446,267.729618
354.668694,236.204449,366.538948,326.981121,256.382986,341.385474,244.512732,250.608802
335.360822,230.397880,359.169663,320.007621,261.224133,346.031239,237.415291,256.421498
354.597728,242.379612,345.672861,323.976306,249.796747,313.489587,258.721614,231.892894
355.249435,210.384323,378.850062,303.921643,273.859193,330.412143,250.258566,236.874823
355.814663,218.972659,369.913798,311.990926,261.562850,328.414094,247.463715,235.395827
347.636715,224.659560,372.760265,315.499363,270.434970,343.799453,245.311420,252.959650
350.297704,224.058410,374.242755,313.491671,259.402318,344.239293,235.457267,254.806032
342.827247,229.155960,359.955411,320.310710,248.182324,341.313102,231.054161,250.158351
343.503991,227.805896,351.692660,317.997427,253.985169,326.868484,245.796500,236.676954
344.487317,206.265409,371.903438,296.842550,260.651081,330.516699,233.234960,239.939559
323.172930,240.608918,341.839450,318.175720,246.453247,341.130496,227.786726,263.563693
314.080112,231.243357,352.184096,322.074719,250.944973,364.544785,212.840989,273.713422
335.819782,232.248464,366.143573,322.196394,246.213001,362.628116,215.889209,272.680186
350.557378,260.634267,335.586132,348.809821,237.613295,332.175104,252.584541,243.999550
339.373812,240.231089,371.477416,317.335487,287.271297,352.396002,255.167693,275.291604
366.220336,218.896634,386.678854,311.696917,284.700521,334.178805,264.242003,241.378522
331.404067,211.878585,375.819302,286.583929,293.825632,335.332359,249.410396,260.627014
342.009595,253.645630,337.634415,338.188746,222.897329,332.251003,227.272509,247.707887
368.666592,263.786685,363.797856,340.815262,248.782584,333.545505,253.651320,256.516929
359.495134,226.701496,407.823716,310.245581,308.915203,367.462178,260.586621,283.918094
367.073165,225.230741,381.110098,311.637060,284.293379,327.365190,270.256446,240.958871
369.436077,225.257978,370.273139,311.582045,228.092323,312.960735,227.255261,226.636669
339.750555,233.231614,330.414406,323.282795,227.650118,312.628601,236.986267,222.577421
329.854487,228.350427,334.601709,316.816898,234.550343,322.185779,229.803122,233.719308
331.241812,228.751739,338.316539,316.122022,239.639513,324.112302,232.564786,236.742018
329.448762,220.534204,341.216499,312.054189,243.791999,324.581135,232.024262,233.061150
323.778974,221.529523,334.442190,312.668263,235.378342,324.258715,224.715127,233.119975
328.204675,231.000064,327.308817,317.323541,229.814067,316.311749,230.709925,229.988272
316.114803,221.577038,354.147850,306.661343,258.890421,349.241819,220.857374,264.157514
333.091556,243.787636,339.265128,331.004308,239.735514,338.049444,233.561941,250.832771
368.040768,266.132887,362.525584,309.423613,247.083650,294.716455,252.598834,251.425730
409.213539,277.308708,409.133184,335.540424,291.682775,335.378352,291.763130,277.146637
411.118624,241.850321,419.115144,329.653605,318.904874,338.780069,310.908354,250.976784
390.485441,264.474367,393.490593,316.794383,290.862869,322.689106,287.857717,270.369090
346.093669,274.927038,350.216853,327.330182,247.316134,335.426618,243.192949,283.023474
307.741109,265.662655,317.751511,356.909463,215.663498,368.109220,205.653096,276.862412
313.842038,265.459874,330.868117,351.478537,222.409803,372.946201,205.383725,286.927539
343.720789,257.327384,352.776240,336.013764,250.185138,347.820238,241.129686,269.133859
349.596099,255.979523,360.212611,343.798464,258.422475,356.103967,247.805963,268.285026
341.058031,259.853765,348.179655,343.687235,225.496527,354.109123,218.374903,270.275653
328.551637,266.180613,322.767042,352.027610,198.288897,343.639948,204.073491,257.792951
312.822783,262.197913,316.422882,351.411763,213.657562,355.558713,210.057462,266.344863
312.602224,254.126321,338.671060,340.398747,228.776422,373.605478,202.707587,287.333052
336.375117,267.132762,343.360461,354.808056,234.328364,363.494958,227.343021,275.819665
327.902147,252.730508,351.653664,340.551919,251.433936,367.656593,227.682418,279.835181
336.571000,251.312817,346.216742,340.396297,245.997827,351.247756,236.352085,262.164276
329.687496,251.359403,334.656110,334.278382,233.535404,340.337667,228.566790,257.418689
337.162452,258.119795,327.643009,341.358477,224.585594,329.572499,234.105037,246.333818
349.405094,253.442822,335.928505,333.979303,240.936759,318.083838,254.413348,237.547358
334.714330,222.767991,349.509080,313.757938,250.520017,329.853325,235.725267,238.863379
333.330532,220.646501,346.614791,309.352631,246.944982,324.278765,233.660723,235.572635
339.904010,222.054019,339.383795,306.388352,242.151269,305.788574,242.671485,221.454241
349.812881,224.202791,339.189219,305.984406,237.935791,292.831301,248.559453,211.049686
345.309888,240.141694,343.394804,310.240539,249.586055,307.677705,251.501140,237.578860
344.479113,325.298916,289.256552,353.157210,255.207525,285.662970,310.430086,257.804675
319.390761,281.919062,334.651878,363.477483,233.849335,382.339538,218.588218,300.781117
320.810278,286.147088,330.572946,368.948543,229.688415,380.843289,219.925747,298.041834
329.472579,280.590615,333.108549,347.515355,238.056019,352.679488,234.420049,285.754747
341.430821,264.410798,340.093668,331.694388,245.159288,329.807719,246.496441,262.524130
350.213657,246.832188,349.034247,314.113519,254.309216,312.453034,255.488626,245.171704
354.230634,232.003471,353.278204,298.533113,255.762155,297.137086,256.714584,230.607445
359.079843,228.304949,339.016396,287.717011,255.839509,259.628184,275.902956,200.216122
340.253884,203.683064,339.761544,268.399941,243.537766,267.667909,244.030106,202.951032
344.459728,188.370441,341.860583,254.491251,243.967436,250.643165,246.566581,184.522355
344.847734,154.860482,353.733493,242.714345,254.225547,252.778828,245.339787,164.924965
356.872076,180.900588,359.539165,247.018692,263.195642,250.905021,260.528553,184.786917
363.176257,198.247431,366.665681,262.311324,269.216377,267.619181,265.726953,203.555287
363.444406,222.605854,366.872380,292.777382,271.884093,297.417688,268.456119,227.246160
364.716155,238.470395,375.570779,317.112846,277.051666,330.710947,266.197041,252.068497
367.564282,239.551849,376.293490,316.055450,277.931718,327.278718,269.202509,250.775117
367.675414,228.918379,370.541266,293.568432,274.489758,297.826269,271.623906,233.176216
374.006364,207.072060,361.387265,291.514575,263.886629,276.944069,276.505728,192.501554
387.820094,196.435680,393.119513,265.372914,283.739102,273.781325,278.439683,204.844092
417.055939,237.511417,401.612785,290.526692,303.953069,262.078777,319.396223,209.063502
380.176963,180.437528,442.800622,262.527965,349.715930,333.538721,287.092271,251.448285
400.784644,222.674431,401.111084,305.762332,297.734278,306.168483,297.407838,223.080583
374.418863,209.844050,399.659296,300.862253,298.854189,328.816711,273.613756,237.798508
400.469142,253.383642,377.683529,331.332550,281.450309,303.202163,304.235922,225.253256
389.754468,260.972234,393.133067,325.336746,297.561519,330.353452,294.182920,265.988940
412.123313,299.066762,395.471569,358.123449,310.465731,334.155030,327.117475,275.098343
401.918194,274.833108,409.884829,360.981156,313.188040,369.923296,305.221406,283.775249
401.745903,289.140047,401.912373,346.618973,319.402302,346.857938,319.235832,289.379013
381.745467,264.982821,392.108190,327.504854,300.061864,342.761085,289.699141,280.239052
379.073610,236.112157,386.683302,305.511302,290.527860,316.054851,282.918168,246.655706
379.396069,215.460682,385.954206,288.440046,289.234567,297.131552,282.676431,224.152188
378.007676,199.637801,381.443978,284.860217,281.400272,288.894138,277.963970,203.671722
375.657825,214.524308,382.393093,290.965136,284.664947,299.576048,277.929678,223.135221
394.980611,250.213011,382.123684,302.080783,289.307670,279.073650,302.164597,227.205877
386.770661,217.616011,412.342986,299.202200,316.309243,329.302957,290.736918,247.716768
399.895231,232.240574,403.268798,317.249181,304.247783,321.178831,300.874216,236.170223
396.036653,240.791110,394.669447,324.230431,297.487180,322.638038,298.854386,239.198717
384.643847,244.776971,395.369468,330.735401,286.898116,344.270114,276.172495,258.311684
374.759221,239.184152,398.575851,323.196412,299.380652,351.317253,275.564022,267.304992
381.232233,248.561706,385.434667,323.443877,290.583916,328.766959,286.381483,253.884788
378.115567,233.506964,387.103358,308.058287,290.847219,319.662777,281.859428,245.111454
387.280599,214.420536,383.553596,296.836308,290.149054,292.612371,293.876058,210.196599
385.442805,199.876352,390.645566,285.030059,293.191878,290.984330,287.989117,205.830622
380.980771,190.886903,396.565568,279.098890,299.629319,296.225040,284.044522,208.013054
386.377022,190.088504,401.486262,274.338138,302.010790,292.177964,286.901550,207.928329
406.780688,233.591105,393.232502,286.114067,303.051567,262.852088,316.599753,210.329125
419.626273,237.625873,421.711561,301.701325,326.569224,304.797661,324.483936,240.722210
420.470763,250.121621,427.075160,318.213541,332.298568,327.406148,325.694172,259.314227
405.556907,280.733271,403.304353,333.341319,299.841859,328.911295,302.094414,276.303248
376.230514,283.737754,371.947031,330.793192,255.179832,320.163807,259.463316,273.108369
353.308806,253.012184,348.837614,326.109942,257.040430,320.494956,261.511623,247.397199
349.839256,267.461163,314.757854,333.785998,238.958043,293.692966,274.039445,227.368132
253.019660,200.228278,334.838536,225.841841,303.716681,325.256174,221.897805,299.642612
304.779859,181.805929,328.864616,259.535043,230.777878,289.927713,206.693120,212.198599
343.380098,180.586057,339.382685,251.567336,243.050949,246.142276,247.048362,175.160997
366.890965,206.493106,335.205389,268.285614,259.578738,229.506252,291.264314,167.713745
323.015804,178.324899,389.455879,242.727916,321.627168,312.702038,255.187094,248.299020
339.285288,182.713751,394.187129,259.113827,307.712318,321.255470,252.810478,244.855395
369.466071,204.960724,378.011791,289.739440,284.755203,299.139732,276.209483,214.361016
371.076908,205.488409,387.374143,289.006948,293.912920,307.244330,277.615686,223.725790
376.939112,207.933724,387.518019,293.768646,291.192162,305.640531,280.613255,219.805609
358.093017,196.738708,403.828050,279.862546,313.147499,329.755308,267.412467,246.631471
362.623769,199.049872,398.851111,277.540776,303.931878,321.350585,267.704536,242.859681
