1.808849
0.038591
0.035873
0.035909
0.037777
0.037822
0.035613
0.038074
0.036654
0.037899
0.047133
0.037533
0.037592
0.037572
0.037906
0.038215
0.035575
0.037842
0.035490
0.037848
0.048395
0.035722
0.037732
0.037514
0.037339
0.037455
0.037945
0.037956
0.037656
0.037546
0.048264
0.038276
0.035594
0.037843
0.037896
0.037575
0.037874
0.038123
0.035621
0.038193
0.048043
0.037439
0.037519
0.037805
0.037832
0.037918
0.037722
0.037805
0.035590
0.038107
0.048212
0.038006
0.037660
0.037821
0.037899
0.037870
0.038475
0.035648
0.038127
0.035731
0.048425
0.037985
0.035700
0.036134
0.035778
0.035710
0.035589
0.035641
0.037920
0.037874
0.048228
0.037721
0.037558
0.037936
0.037629
0.037778
0.038171
0.035524
0.037871
0.038129
0.047972
0.037882
0.037988
0.037815
0.038256
0.037775
0.038325
0.037985
0.035684
0.037767
0.048039
0.037876
0.037683
0.037799
0.037430
0.037532
0.037789
0.037942
0.037798
0.038765
0.048206
0.037557
0.037772
0.037485
0.037471
0.037254
0.037499
0.037345
0.037611
0.037799
0.047820
0.037562
0.037690
0.037514
0.037761
0.037506
0.037763
0.037635
0.037797
0.037924
0.048151
0.037835
0.037585
0.037517
0.037676
0.037659
0.038112
0.037930
0.037633
0.037978
0.048058
0.037654
0.037537
0.038138
0.037467
0.037229
0.037729
0.037326
0.037650
0.037813
0.047886
0.037483
0.037282
0.037573
0.037632
0.037316
0.037294
0.037443
0.037515
0.037730
0.047853
0.037218
0.036973
0.037277
0.037483
0.037472
0.037925
0.037971
0.037689
0.037943
0.048343
0.037670
0.037769
0.038018
0.037807
0.037559
0.037706
0.037800
0.037960
0.037565
0.048261
0.037976
0.038987
0.038404
0.037435
0.037974
0.038411
0.037886
0.037796
0.038105
0.048425
0.037855
0.037545
0.037281
0.037343
0.037730
0.037701
0.037361
0.037666
0.037434
0.048087
0.037940
0.037464
0.037602
0.037548
0.037671
0.037536
0.037577
0.037430
0.037826
0.047818
0.037719
0.037976
0.037613
0.037896
0.037900
0.037788
0.037855
0.037711
0.037643
0.048256
0.037735
0.038202
0.037650
0.037757
0.037919
0.037664
0.037369
0.037789
0.037526
0.048183
0.037511
0.037655
0.037911
0.037690
0.037676
0.037815
0.038024
0.037758
0.037632
0.048181
0.037915
0.038074
0.037643
0.037487
0.037488
0.037587
0.037855
0.037794
0.037621
0.048251
0.037917
0.035512
0.037796
0.037482
0.040354
0.036201
0.037771
0.037491
0.037522
0.048189
0.037814
0.037503
0.037471
0.037519
0.037853
0.037588
0.037397
0.037553
0.037904
0.047961
0.037979
0.038156
0.037956
0.037922
0.037800
0.037658
0.037205
0.037332
0.037577
0.048051
0.037971
0.037822
0.037702
0.037500
0.037609
0.037565
0.037560
0.037839
0.037531
0.048034
0.037988
0.037639
0.037793
0.037491
0.037569
0.037527
0.037811
0.037466
0.037475
0.047845
0.037669
0.037875
0.037394
0.037674
0.037506
0.037714
0.037673
0.037898
0.037664
0.048188
0.037661
0.037748
0.038156
0.037898
0.037641
0.037589
0.037841
0.037658
0.037542
0.047918
0.037525
0.037697
0.037568
0.037470
0.037462
0.037356
0.037413
0.037429
0.037352
0.047615
0.037251
0.037270
0.037555
0.037516
0.037268
0.037366
0.037229
0.037799
0.037224
0.047874
0.037309
0.037382
0.040407
0.038178
0.037287
0.037113
0.037347
0.037115
0.036938
0.047655
0.036670
0.037098
0.037512
0.037208
0.037290
0.037256
0.037350
0.037294
0.037519
0.047640
0.037349
0.037358
0.037400
0.037559
0.037548
0.037308
0.037136
0.037221
0.037234
0.047489
0.037131
0.037238
0.037087
0.036567
0.036962
0.036949
0.037202
0.037251
0.037284
0.047669
0.037382
0.037093
0.037126
0.036870
0.037482
0.036937
0.036738
0.036608
0.037176
0.047734
0.037239
0.037276
0.037421
0.037609
0.037306
0.037130
0.037093
0.037296
0.037138
0.047680
0.037147
0.036810
0.036813
0.036878
0.036733
0.036869
0.037106
0.036922
0.036601
0.047179
0.036440
0.036440
0.036612
0.036704
0.036670
0.036693
0.036956
0.036884
0.037020
0.047433
0.037126
0.036971
0.036582
0.036558
0.036832
0.036879
0.037021
0.036605
0.037037
0.047555
0.037123
0.038053
0.037619
0.037286
0.037268
0.037052
0.036868
0.036744
0.037259
0.047125
0.036812
0.036813
0.036924
0.036579
0.036509
0.036806
0.036891
0.036826
0.036985
0.047383
0.036963
0.036805
0.036650
0.036609
0.036779
0.036660
0.036674
0.036881
0.037084
0.047535
0.036765
0.036633
0.036983
0.036844
0.036963
0.036808
0.037243
0.036832
0.036581
0.047084
0.036527
0.036356
0.036323
0.036230
0.036402
0.036570
0.036589
0.036741
0.036862
0.047636
0.036732
0.036436
0.036428
0.036805
0.036869
0.036581
0.036702
0.036465
0.036448
0.046859
0.036696
0.036875
0.036805
0.036773
0.036827
0.036938
0.036820
0.036618
0.036583
0.047001
0.036698
0.037033
0.037289
0.037631
0.038003
0.037402
0.036999
0.036901
0.037375
0.047527
0.037298
0.037404
0.037163
0.037079
0.037063
0.037418
0.037250
0.037676
0.037659
0.048181
0.037664
0.038812
0.035844
0.037909
0.037459
0.038027
0.037446
0.037348
0.037626
0.047685
0.037161
0.037544
0.036902
0.036872
0.036957
0.037002
0.036850
0.036677
0.036748
0.047574
0.037209
0.037016
0.036884
0.036986
0.036976
0.036748
0.036785
0.036662
0.036553
0.046814
0.036464
0.036452
0.036616
0.036676
0.036539
0.036718
0.036851
0.037112
0.037258
0.047546
0.037265
0.036967
0.037354
0.037409
0.037298
0.037277
0.037131
0.036827
0.037071
0.047756
0.036956
0.036831
0.036977
0.037089
0.036700
0.037101
0.037115
0.037354
0.037064
0.048408
0.038013
0.037847
0.037776
0.037355
0.037682
0.037379
0.037121
0.036911
0.037119
0.047652
0.037047
0.036922
0.036828
0.036862
0.036904
0.037059
0.036572
0.036855
0.036637
0.047243
0.036954
0.037022
0.036417
0.036797
0.036928
0.036855
0.036894
0.037048
0.036922
0.047455
0.037603
0.037146
0.037108
0.036830
0.036956
0.037173
0.037038
0.037135
0.037138
0.047454
0.037007
0.037072
0.037237
0.037023
0.037273
0.037025
0.036756
0.037135
0.036862
0.046980
0.037078
0.036958
0.036796
0.036902
0.037017
0.037126
0.036976
0.036903
0.037081
0.048776
0.037229
0.037291
0.037274
0.037105
0.037286
0.037212
0.037202
0.037438
0.037536
0.048670
0.037385
0.036931
0.037667
0.037507
0.037230
0.037079
0.037141
0.037299
0.036999
0.048353
0.036892
0.036913
0.036875
0.037105
0.037141
0.036946
0.036693
0.037132
0.036811
0.048199
0.036952
0.036794
0.036887
0.037321
0.037313
0.037298
0.037495
0.037369
0.037198
0.048475
0.036926
0.037101
0.037260
0.036812
0.036868
0.036814
0.037003
0.037257
0.036716
0.048085
0.036608
0.036724
0.036791
0.036506
0.036487
0.036349
0.036087
0.036390
0.036261
0.048943
0.036426
0.036208
0.036331
0.036516
0.036407
0.036425
0.036682
0.036586
0.036615
0.048279
0.036907
0.036891
0.036726
0.036451
0.036461
0.036752
0.036309
0.036262
0.036416
0.048009
0.036893
0.036560
0.036442
0.036575
0.037077
0.036958
0.037212
0.036747
0.036608
0.047885
0.036596
0.037027
0.037214
0.036914
0.036788
0.036516
0.036528
0.036447
0.037046
0.047950
0.036711
0.036937
0.037734
0.037136
0.036852
0.037108
0.037060
0.036971
0.036742
0.048248
0.037002
