72.272000,127.160000,104.130000,127.430000,103.940000,150.230000,72.081000,149.970000
101.398943,125.165976,106.318626,147.377667,73.285855,154.694119,68.366172,132.482428
101.599409,125.758935,106.822926,148.206058,74.499070,155.727923,69.275553,133.280800
103.416575,126.824994,105.910614,149.932981,74.175645,153.358127,71.681607,130.250140
101.595044,124.347034,109.123838,147.201381,76.771581,157.859025,69.242787,135.004678
101.745080,122.933374,109.583310,144.606412,77.218239,156.311502,69.380009,134.638464
102.349198,123.989627,109.452344,146.128006,77.474685,156.388106,70.371540,134.249727
104.678805,123.321014,111.378515,144.603907,78.862984,154.839576,72.163274,133.556683
105.283504,123.782583,112.211206,146.826256,79.590942,156.633004,72.663240,133.589331
105.781897,123.847332,112.251077,146.049028,79.548578,155.577956,73.079398,133.376260
105.559187,123.156515,112.824462,145.581907,80.261565,156.131485,72.996290,133.706094
105.922312,124.224353,112.020647,145.164312,79.829368,154.539365,73.731032,133.599406
105.643425,121.198365,114.393063,144.725632,83.313834,156.283795,74.564197,132.756529
115.074199,131.519544,102.913524,158.447890,74.247866,145.502655,86.408541,118.574309
106.340643,121.631900,113.828847,143.378781,82.626801,154.122725,75.138597,132.375845
108.590764,117.111339,118.544743,142.556576,84.223261,155.982873,74.269282,130.537636
103.796828,116.254612,116.220526,139.850434,85.545956,156.001241,73.122259,132.405419
94.961877,114.300339,118.491734,133.065636,97.045680,159.956901,73.515823,141.191604
111.568727,119.494900,115.949992,145.450641,83.505316,150.927221,79.124051,124.971481
113.644128,120.168616,119.251507,143.381148,85.095924,151.632006,79.488545,128.419474
103.484974,116.900625,119.975843,140.720587,90.803080,160.917270,74.312211,137.097307
120.248211,133.332585,104.992139,157.992294,76.560945,140.402940,91.817017,115.743231
86.200798,122.420882,116.369399,124.638542,114.328144,152.407368,84.159543,150.189708
121.639604,130.243074,109.606560,157.772405,78.428763,144.144620,90.461807,116.615289
117.887939,124.354125,116.676968,148.576477,84.862534,146.985948,86.073506,122.763595
123.013155,124.663292,116.919765,154.994785,83.141511,148.208965,89.234901,117.877471
117.563714,119.252892,123.333872,145.053022,87.858693,152.986988,82.088536,127.186858
122.864142,127.205211,118.459684,153.711559,87.478239,148.563491,91.882697,122.057144
121.670864,124.067240,121.274213,150.298616,86.418822,149.771559,86.815473,123.540183
117.278053,120.452934,121.296743,146.772903,88.674810,151.753814,84.656120,125.433845
126.898835,128.733141,114.333033,159.055484,82.033146,145.670174,94.598947,115.347831
126.012727,132.320416,111.297512,157.743891,79.835962,139.533813,94.551176,114.110338
124.967332,129.952368,114.580005,155.816898,83.341028,143.271165,93.728355,117.406636
116.570863,119.945404,125.436656,143.476461,92.625746,155.838624,83.759952,132.307567
118.268088,116.043497,124.800051,145.219686,89.723059,153.072721,83.191096,123.896531
125.982406,126.770408,120.131618,154.493071,86.864422,147.472125,92.715210,119.749462
126.408928,128.946071,120.327508,153.170955,89.080918,145.326804,95.162338,121.101920
127.985506,129.854526,120.358275,151.950136,87.214860,140.509289,94.842092,118.413679
124.182182,124.835212,122.671796,150.180873,91.152191,148.302573,92.662577,122.956911
118.958982,121.986437,124.625845,145.990658,93.451532,153.350221,87.784669,129.346000
127.255316,132.552503,115.418470,156.599140,84.128870,141.196979,95.965716,117.150342
122.888742,128.330271,120.040571,151.174235,90.477794,147.488367,93.325965,124.644403
127.003325,132.679363,118.584577,154.150357,87.272710,141.873016,95.691459,120.402022
125.691496,130.506370,116.997524,157.221041,87.826332,147.727623,96.520304,121.012952
126.557241,129.067814,122.371728,151.524848,90.997930,145.677440,95.183443,123.220406
123.936097,128.609959,124.273516,151.669990,93.847085,152.115196,93.509667,129.055164
126.780824,130.801241,122.839713,153.619645,90.713802,148.070976,94.654913,125.252572
127.067104,129.664373,123.362282,153.323980,90.674667,148.205476,94.379489,124.545869
127.224822,130.462838,123.455601,155.648500,91.074036,150.802360,94.843256,125.616698
127.912899,130.263737,122.604449,155.426020,89.479418,148.437681,94.787868,123.275397
131.119138,129.432637,125.358740,156.807080,90.306099,149.430961,96.066497,122.056517
129.755792,127.985227,121.742714,157.834631,89.116622,149.076150,97.129700,119.226747
129.919027,130.153422,127.030272,156.783657,92.842807,153.075119,95.731563,126.444884
128.975555,129.291189,125.497783,155.309790,91.890423,150.817668,95.368195,124.799067
126.410571,125.827583,128.074063,151.844769,95.460970,153.929991,93.797478,127.912805
128.720373,127.733808,126.376220,153.800492,93.358421,150.831232,95.702573,124.764549
95.499979,117.993092,127.917778,119.390799,126.472957,152.901333,94.055158,151.503626
129.095087,127.498377,128.446312,152.440462,94.942020,151.568974,95.590794,126.626889
128.358746,127.406939,128.623911,152.551374,95.344512,152.902329,95.079346,127.757894
118.162271,116.506008,133.383077,143.440298,103.388073,160.390741,88.167267,133.456451
124.038225,117.420692,131.369127,146.846787,98.134949,155.126395,90.804046,125.700299
126.617561,123.916385,130.227196,151.188964,97.571871,155.511027,93.962236,128.238448
127.907722,125.706405,128.956282,150.090120,97.017049,151.463585,95.968490,127.079869
129.806023,129.322762,127.337893,151.875611,96.925718,148.547374,99.393848,125.994526
129.384939,125.425660,128.364533,151.327444,96.561078,150.074540,97.581484,124.172757
133.942280,130.614636,122.353800,158.175908,93.553820,146.066599,105.142299,118.505327
134.356141,133.575261,118.982008,160.016433,89.805542,143.051872,105.179675,116.610700
132.310766,132.161296,124.075676,154.964656,94.105546,144.141395,102.340636,121.338035
131.236731,128.724870,127.812443,151.436931,97.313390,146.838602,100.737677,124.126541
129.306135,120.591007,130.649887,149.226163,99.018030,150.710540,97.674277,122.075385
135.301879,136.384412,117.013067,160.616848,87.209955,138.123711,105.498767,113.891275
135.266967,132.282601,123.386724,158.463173,91.970038,144.206881,103.850281,118.026310
132.491858,126.861191,128.117119,154.287920,97.218652,149.359418,101.593390,121.932688
136.749813,135.807726,118.867167,160.476648,90.634957,140.010953,108.517602,115.342031
132.335166,150.204271,100.247650,153.222637,97.129778,120.077291,129.217293,117.058926
135.759284,136.989792,116.940878,160.085484,89.803440,137.973856,108.621846,114.878165
137.043575,138.551099,119.224890,161.569574,87.681054,137.151377,105.499739,114.132902
136.672496,137.468501,119.823270,160.231271,87.955392,136.642355,104.804618,113.879585
137.327252,135.966096,121.726300,159.132402,90.220123,137.915108,105.821075,114.748802
136.800853,136.178405,120.804203,158.316152,88.471441,134.952623,104.468091,112.814877
137.214764,136.430406,118.469065,159.632040,88.838062,135.691750,107.583761,112.490116
137.673251,136.523675,120.652071,160.012664,90.324516,138.035950,107.345696,114.546961
137.368522,137.212725,117.748725,159.074888,88.234804,132.588162,107.854602,110.725999
138.267897,137.332587,122.259066,159.999298,88.565305,136.202386,104.574137,113.535675
137.729832,138.013590,117.541206,161.208027,87.558154,135.110535,107.746779,111.916099
138.124554,134.017404,121.936516,161.106334,90.278370,142.187784,106.466407,115.098855
138.526808,133.738137,126.620932,160.044330,95.190157,145.819128,107.096032,119.512936
138.867302,137.390536,123.565854,160.926770,89.025666,138.471397,104.327114,114.935163
139.158017,135.752225,124.375806,159.691480,88.466924,137.518163,103.249135,113.578909
134.585129,123.769908,135.141540,150.537564,101.003082,151.247189,100.446670,124.479534
138.173214,135.709027,120.543999,163.061739,91.015503,144.030200,108.644718,116.677488
138.867011,132.404754,128.825054,159.077007,96.537589,146.920954,106.579547,120.248701
138.366654,133.812307,125.510530,158.357608,93.860010,141.779974,106.716134,117.234673
136.556788,144.684325,105.604691,154.997342,95.054593,123.333703,126.006690,113.020685
139.151090,134.730524,123.679748,158.217822,93.302842,138.208219,108.774184,114.720921
138.929775,135.544863,121.691867,160.040664,92.357390,139.397737,109.595298,114.901937
137.477159,124.348479,132.407239,151.589030,97.998121,145.184921,103.068042,117.944369
138.060554,141.762586,108.200752,155.087224,94.876114,125.227422,124.735916,111.902784
139.082120,134.809416,125.841104,158.315818,92.932142,139.778394,106.173158,116.271993
134.820168,148.982092,102.999955,151.716684,99.777043,114.214291,131.597255,111.479699
138.817860,126.855007,131.491413,154.591190,98.362084,145.840156,105.688531,118.103973
138.620290,137.367334,119.792520,159.025716,91.294649,134.252335,110.122419,112.593953
139.653964,128.927951,130.412940,155.223842,97.628452,143.702565,106.869476,117.406674
138.986382,131.328541,128.743935,157.421515,97.967608,145.340680,108.210054,119.247707
136.981466,128.197676,130.240816,156.446252,99.236281,149.047979,105.976931,120.799403
138.466059,132.049333,127.914964,157.360074,97.412276,144.644652,107.963371,119.333910
134.832068,124.899297,135.349178,150.524289,102.798514,151.181158,102.281404,125.556167
133.855312,122.569604,137.767389,148.273605,104.154465,153.389399,100.242388,127.685398
138.905014,130.660745,128.954623,157.489537,97.218125,145.718952,107.168516,118.890160
139.624368,135.376518,124.984184,159.094348,94.181808,140.081122,108.821992,116.363292
138.912575,131.308568,129.098791,154.471611,96.871948,140.817651,106.685732,117.654608
139.407514,129.445716,128.388041,156.608077,96.375258,143.620842,107.394730,116.458480
137.308974,125.774620,132.361728,151.904149,99.170164,145.619808,104.117410,119.490279
135.305765,123.729808,134.934370,147.594106,101.157210,147.068439,101.528605,123.204142
137.493213,126.166837,134.186081,150.369012,98.920055,145.550049,102.227187,121.347874
136.320969,124.624086,135.275834,150.579616,99.630240,149.144297,100.675375,123.188768
137.985689,125.192047,133.140634,152.539611,98.523464,146.406630,103.368518,119.059066
138.168308,127.205299,131.531466,152.214656,98.880361,143.549890,105.517203,118.540533
136.548863,124.539847,131.864234,151.970829,97.751346,146.145072,102.435975,118.714090
136.981412,123.489198,135.158274,148.735956,99.392033,146.153177,101.215171,120.906418
138.045005,127.858804,130.061368,151.483800,97.248873,140.395415,105.232510,116.770419
135.341077,122.948448,133.996028,146.425574,101.798826,144.580935,103.143875,121.103809
134.356535,122.928092,135.715498,145.230477,98.882771,147.474826,97.523808,125.172440
134.309009,123.351984,134.286781,146.279057,100.057630,146.245871,100.079859,123.318798
133.697679,124.000437,134.747345,146.032738,99.810410,147.697208,98.760744,125.664907
135.721869,124.419813,133.497125,149.100997,101.221730,146.191717,103.446474,121.510532
133.611442,120.808491,137.442249,144.395262,105.568235,149.572029,101.737427,125.985258
134.377820,121.986062,136.031800,143.926412,103.584804,146.372437,101.930824,124.432088
137.260472,125.735720,132.188606,149.217664,101.192439,142.522801,106.264305,119.040857
132.137300,120.243383,137.355084,145.767602,106.227988,152.130754,101.010203,126.606534
137.383905,126.335864,133.235351,147.240699,102.511577,141.143582,106.660132,120.238746
136.152202,125.102848,134.662433,148.305070,100.825860,146.132491,102.315629,122.930269
135.033635,122.852070,136.217239,145.884178,102.308858,147.626706,101.125254,124.594599
134.371347,125.282163,134.182332,148.250135,100.714716,147.974714,100.903730,125.006742
146.783321,124.102653,147.440048,146.374223,102.896908,147.687675,102.240182,125.416106
136.754680,125.066203,137.263393,146.552369,99.747865,147.440599,99.239152,125.954433
136.632469,125.719305,136.668440,148.180214,103.139837,148.233910,103.103866,125.773001
146.569968,120.588893,148.714356,146.531668,104.549870,150.182234,102.405482,124.239459
137.712264,126.533726,131.196066,152.418854,98.366148,144.154409,104.882345,118.269281
135.176168,126.201270,134.105235,148.008322,102.757596,146.468856,103.828530,124.661803
134.058595,123.380984,135.584203,146.442556,102.453494,148.634275,100.927886,125.572703
134.428383,123.833987,135.287760,146.440054,99.675463,147.793868,98.816086,125.187801
132.950338,121.826880,136.102742,144.722861,100.630096,149.606868,97.477692,126.710887
132.757616,122.987662,136.901622,144.243729,106.627829,150.145796,102.483824,128.889729
137.318688,125.295283,135.324264,149.274986,103.558942,146.633021,105.553367,122.653318
133.664142,122.419443,135.991134,144.987291,101.199035,148.574736,98.872043,126.006888
135.462945,124.724796,135.887989,145.392300,100.786037,146.114201,100.360992,125.446696
136.836081,126.095268,133.858943,148.712669,101.017238,144.389701,103.994376,121.772301
136.537143,124.991422,134.626180,147.331715,99.839152,144.356073,101.750115,122.015780
135.670697,124.342829,136.024399,146.324359,101.903816,146.873389,101.550114,124.891860
136.078640,124.013466,134.732838,147.357517,103.074467,145.532389,104.420269,122.188337
136.917009,128.428642,130.278897,151.459848,96.617904,141.757993,103.256015,118.726787
133.779573,123.632308,134.328746,145.260754,102.693109,146.064022,102.143936,124.435576
134.240686,125.180326,134.981804,146.370495,103.350103,147.476802,102.608984,126.286634
135.492749,125.807478,132.153064,149.834296,101.007189,145.505076,104.346874,121.478258
135.679661,123.635597,134.143459,147.022698,101.089689,144.851532,102.625892,121.464431
134.999445,123.874919,135.333558,145.653607,102.024977,146.164603,101.690864,124.385915
137.958370,129.434639,129.429371,152.163087,96.055953,139.639493,104.584952,116.911045
136.006270,126.528271,133.505952,148.993728,100.770572,145.350408,103.270890,122.884951
134.693213,125.227729,132.469031,148.826270,99.941312,145.760505,102.165494,122.161964
134.089197,123.713776,135.007061,146.481740,102.806654,147.779862,101.888790,125.011898
133.051542,122.260376,135.908510,144.867021,104.905111,148.785148,102.048143,126.178503
133.918368,120.024198,139.474391,143.230332,106.021393,151.239664,100.465369,128.033530
132.760449,122.268485,135.639546,145.601948,103.477206,149.570433,100.598108,126.236970
133.727343,123.502373,135.069459,144.957833,103.051311,146.960682,101.709196,125.505222
133.163421,123.783433,133.624114,148.042080,103.379568,148.616450,102.918875,124.357804
133.273773,118.265819,141.749882,142.067234,107.747860,154.175962,99.271751,130.374546
134.436797,124.563769,133.937602,147.891762,101.278412,147.192889,101.777607,123.864896
135.582808,121.109408,139.595030,145.357837,105.087651,151.067538,101.075428,126.819109
139.296840,121.914800,142.062944,145.083596,104.661888,149.548880,101.895783,126.380084
137.003147,120.923025,139.306902,145.910802,104.734773,149.098189,102.431018,124.110412
133.627249,121.535305,136.329936,146.535473,103.935351,150.037546,101.232665,125.037378
135.307675,121.280650,138.648834,145.236272,106.042572,149.783961,102.701412,125.828339
136.342771,120.245729,139.671913,144.684076,106.029513,149.267050,102.700372,124.828703
136.187258,122.271618,136.159886,146.615352,103.808344,146.578977,103.835716,122.235242
136.122879,122.610006,136.106742,148.026668,100.523416,148.004076,100.539553,122.587414
136.825641,121.805680,136.008025,147.125815,104.691015,146.114554,105.508631,120.794418
157.082369,118.906954,158.868386,143.942286,104.361081,147.830829,102.575064,122.795497
139.347078,123.928197,136.503872,148.094853,103.067813,144.161103,105.911018,119.994447
140.022153,124.391544,135.931132,150.861118,103.544829,145.855634,107.635849,119.386059
139.029898,122.923929,138.757396,147.065620,104.363754,146.677398,104.636256,122.535707
139.497789,123.423734,139.824409,145.702590,102.047219,146.256424,101.720598,123.977569
135.542702,122.822521,137.522264,145.047035,103.531832,148.074600,101.552270,125.850086
137.447028,124.560906,136.436373,147.465703,99.659657,145.842962,100.670312,122.938164
137.641779,121.003136,140.424774,145.651208,103.945628,149.770041,101.162632,125.121968
138.362594,123.287006,139.069105,146.995231,104.022163,148.039639,103.315652,124.331414
137.619247,122.513569,140.374929,145.709832,103.395379,150.102948,100.639697,126.906685
136.459794,124.386700,137.455404,147.047131,103.633866,148.533115,102.638256,125.872685
139.296908,123.250443,141.131043,148.047286,104.418833,150.762759,102.584698,125.965915
140.281085,128.669767,135.327092,151.151242,99.621220,143.283135,104.575214,120.801660
138.867335,125.963027,136.845170,149.171974,100.560760,146.010562,102.582924,122.801614
139.297716,124.906099,137.923713,149.617931,102.228846,147.633260,103.602849,122.921428
142.992898,128.363675,135.137186,151.275720,104.157520,140.653913,112.013231,117.741868
142.117454,135.139258,129.274590,156.897305,100.452241,139.884679,113.295105,118.126632
139.710312,127.547646,135.412837,148.953863,102.634566,142.373355,106.932041,120.967137
142.037904,127.170299,135.908133,148.778622,102.712739,139.361873,108.842509,117.753550
140.147516,123.008695,136.980189,148.741586,104.814075,144.782427,107.981402,119.049536
139.719886,125.145218,135.597620,149.359332,98.940141,143.118679,103.062408,118.904565
143.118235,128.192873,137.082051,151.873158,100.865145,142.641346,106.901329,118.961061
141.931059,129.554416,132.183549,151.154816,103.272243,138.108149,113.019753,116.507748
140.349336,124.795721,136.025422,150.285752,105.996070,145.191827,110.319983,119.701796
137.572298,120.278459,140.073663,145.126834,105.640914,148.593011,103.139549,123.744635
142.544921,120.489723,145.670894,144.001580,100.691691,149.981702,97.565717,126.469846
140.189540,119.775098,143.906815,144.107372,110.986680,149.136627,107.269404,124.804353
142.203793,124.449773,140.382043,147.064014,103.034282,144.055366,104.856032,121.441125
143.012085,124.408452,139.261415,151.015184,101.251798,145.657084,105.002469,119.050352
141.182051,120.523132,141.142389,147.327790,107.728363,147.278349,107.768025,120.473691
145.051606,129.453290,130.917190,154.225375,99.449946,136.270847,113.584362,111.498762
144.332384,125.042356,141.587401,149.120770,106.564254,145.128067,109.309238,121.049653
145.459992,131.700676,137.029033,151.936474,105.182531,138.668079,113.613491,118.432281
145.385779,127.598326,139.029941,149.198250,105.975513,139.471891,112.331351,117.871968
145.864146,128.678216,137.287775,152.656757,103.966945,140.738943,112.543316,116.760402
144.275359,126.572547,138.358472,151.001620,106.214954,143.216242,112.131842,118.787169
144.788306,131.099622,137.660115,153.508850,105.967064,143.427552,113.095255,121.018323
144.116826,126.324602,139.405697,150.653918,106.966609,144.372413,111.677737,120.043097
142.951698,122.560739,145.085788,145.759663,108.163558,149.156171,106.029468,125.957248
145.144956,128.507946,138.092541,152.978091,106.313131,143.819110,113.365546,119.348965
142.404269,121.610854,144.325563,146.602214,104.728863,149.646342,102.807569,124.654982
143.120188,122.265810,141.980135,149.054062,106.262466,147.533991,107.402519,120.745739
147.515072,130.566762,138.641683,153.721631,106.761791,141.504646,115.635180,118.349777
147.483545,128.942336,140.983352,153.042043,108.058400,144.161497,114.558593,120.061790
147.661707,125.248311,145.918482,149.372911,104.370560,146.370690,106.113784,122.246090
146.376422,125.724069,142.056183,151.573871,107.124018,145.735710,111.444257,119.885908
145.343311,124.698778,141.461487,151.844508,102.134980,146.220840,106.016804,119.075109
149.064117,130.392624,138.013207,156.634645,104.273465,142.426332,115.324376,116.184310
146.654911,123.016998,142.915100,150.513840,103.197440,145.111892,106.937250,117.615050
149.962187,127.991323,138.911122,155.699559,103.837405,141.710869,114.888470,114.002632
151.663941,133.199934,140.619371,154.934975,102.407766,135.517908,113.452336,113.782866
147.631975,124.624531,144.400924,151.619354,99.034625,146.189394,102.265676,119.194571
149.252532,126.858876,142.979654,154.659973,102.050261,145.424902,108.323140,117.623805
150.788201,131.043109,139.808655,155.949130,100.033366,138.414631,111.012912,113.508610
147.117187,123.124735,146.010018,148.538129,98.263642,146.457993,99.370811,121.044599
149.437244,121.824003,150.401197,145.867187,99.910511,147.891489,98.946557,123.848305
150.415369,128.321125,143.431061,152.162923,103.297367,140.406004,110.281675,116.564206
150.351124,123.370172,146.063032,148.966597,110.770992,143.054227,115.059084,117.457802
150.203128,122.909685,148.235056,148.529517,103.307525,145.078259,105.275597,119.458428
146.028648,117.565693,150.809156,143.694473,102.394064,152.552474,97.613556,126.423694
148.105524,122.466178,149.716187,145.715140,102.810387,148.964724,101.199724,125.715762
154.559027,119.256521,157.765565,144.664358,104.640087,151.368937,101.433549,125.961100
154.759531,115.639698,159.617199,143.429266,112.093012,151.736582,107.235344,123.947014
153.415483,125.931302,150.458109,149.223473,103.457837,143.255915,106.415211,119.963744
153.683868,125.215362,150.937693,150.967791,101.413792,145.686686,104.159966,119.934257
152.442511,126.113469,151.718945,147.497064,99.904849,145.743807,100.628416,124.360212
154.084022,124.343494,151.527149,150.217465,104.630575,145.583133,107.187448,119.709161
153.539384,120.782416,150.942596,150.552186,101.723243,146.258829,104.320032,116.489059
152.954728,117.634612,154.676740,146.092977,102.782074,149.233117,101.060062,120.774752
158.367347,117.476652,158.979311,146.517080,103.538495,147.685376,102.926530,118.644948
156.539060,122.234144,153.812958,151.390832,102.228048,146.567730,104.954149,117.411042
192.597645,122.081330,192.220489,146.370068,102.397984,144.975304,102.775140,120.686565
158.333958,122.572046,154.654299,151.243136,103.046337,144.619749,106.725997,115.948659
156.932881,120.132304,156.477142,150.152282,103.584799,149.349314,104.040538,119.329335
154.954603,116.134249,158.212728,147.664275,102.107829,153.461822,98.849704,121.931796
180.251351,116.968123,179.790047,148.761652,102.233106,147.636348,102.694410,115.842820
175.380791,116.037675,175.057969,149.379862,102.311379,148.675523,102.634201,115.333336
173.697523,118.206531,172.964579,146.353240,103.394412,144.541623,104.127356,116.394914
175.898368,113.372150,175.776593,148.918817,103.589517,148.671520,103.711292,113.124854
184.786689,115.585624,183.139843,152.382123,96.323103,148.496596,97.969949,111.700097
170.116706,119.212759,168.653560,149.990500,95.028375,146.490425,96.491521,115.712684
172.474428,112.862084,172.044344,149.937715,100.247091,149.104853,100.677175,112.029223
175.002847,113.881199,175.874470,145.556709,83.893662,148.087769,83.022039,116.412259
180.765852,111.970674,183.649727,145.158110,84.087418,153.809734,81.203544,120.622297
193.579492,107.118384,197.809604,142.475614,98.409088,154.367815,94.178976,119.010585
193.891602,117.512437,196.002278,142.830861,84.179240,152.153016,82.068563,126.834592
165.653725,113.031582,163.905800,152.112304,85.744356,148.616454,87.492281,109.535731
197.677519,115.194810,200.796260,142.564571,89.407701,155.257121,86.288960,127.887361
162.408626,114.303040,166.115629,147.143963,87.699549,155.995377,83.992546,123.154455
168.533649,123.281032,165.217859,151.917832,83.762072,142.486253,87.077861,113.849452
190.731485,119.964731,191.998729,146.731625,102.138443,150.985945,100.871199,124.219051
198.533566,119.151093,200.325946,147.537269,105.265261,153.539659,103.472881,125.153482
165.034872,120.970184,169.513323,146.309235,105.238658,157.669210,100.760206,132.330159
170.179285,127.089390,167.124687,156.150653,90.616466,148.108954,93.671064,119.047692
169.172031,123.142411,169.250394,153.267309,103.979781,153.437094,103.901419,123.312196
167.481800,119.556774,165.839162,157.091160,87.195687,153.649443,88.838325,116.115057
195.633978,123.035670,196.500352,146.769863,99.689830,150.303760,98.823455,126.569568
168.789712,122.335217,170.579827,144.594079,104.439207,149.913277,102.649093,127.654414
194.611931,112.790432,194.077173,147.828018,100.442244,146.398921,100.977003,111.361335
194.566940,113.917827,196.950240,150.058077,105.014514,156.120859,102.631214,119.980608
198.620463,115.238572,201.561045,146.433616,105.321017,155.505625,102.380434,124.310582
190.659958,91.729451,204.599593,138.835207,114.313561,165.552839,100.373927,118.447083
186.180599,110.221823,185.523138,148.171858,100.314570,146.695671,100.972031,108.745636
192.167425,101.614548,202.391743,139.201903,102.158795,166.466750,91.934478,128.879395
202.401134,110.058955,202.598392,147.063637,105.933099,147.578925,105.735840,110.574242
195.445896,94.950174,202.418312,146.985118,106.298207,159.864720,99.325791,107.829776
197.217532,103.731555,204.820898,154.461804,121.532429,166.944943,113.929063,116.214693
182.125966,112.906272,188.042389,166.570702,108.679500,175.320342,102.763076,121.655912
209.019075,105.322892,213.504838,145.235670,103.556430,157.592676,99.070668,117.679898
176.517538,97.217614,190.798258,148.481824,106.633137,171.927780,92.352417,120.663570
190.203274,100.332323,203.926135,159.287520,110.958324,180.927417,97.235463,121.972219
163.639427,86.396324,192.577042,128.817986,123.894351,175.669362,94.956736,133.247700
170.923232,100.187094,189.356657,153.755269,110.105111,181.026638,91.671686,127.458463
166.339577,87.943059,194.851972,142.275519,119.351021,181.896639,90.838626,127.564179
155.900383,88.646291,206.642395,121.015774,174.272912,171.757786,123.530901,139.388303
192.875002,98.195069,208.550052,142.357699,107.499967,178.224340,91.824916,134.061710
211.110576,101.191578,215.417056,149.332676,133.245181,156.683391,128.938702,108.542293
187.584345,93.312470,204.370544,142.792628,125.652111,169.497944,108.865912,120.017786
184.827559,89.687594,204.399668,135.578846,125.940431,169.040840,106.368322,123.149588
206.858270,100.014607,211.450465,137.822680,100.546784,151.293118,95.954590,113.485045
198.648164,99.324523,203.067591,142.714620,116.287396,151.553474,111.867969,108.163377
222.646441,113.293198,215.705508,159.809452,132.751521,147.431454,139.692454,100.915199
222.150965,107.860922,216.340811,161.736030,132.535088,152.698013,138.345241,98.822905
210.747436,107.060532,205.715228,173.941797,128.605063,168.139958,133.637270,101.258692
184.274943,95.466392,211.817784,151.134752,140.562283,186.389590,113.019442,130.721229
147.303689,93.866968,198.084304,117.089196,166.358161,186.465529,115.577546,163.243301
196.492771,92.397102,224.685698,152.645203,156.991203,184.322649,128.798275,124.074549
205.255007,102.425612,214.712409,141.404062,138.284078,159.947988,128.826675,120.969539
182.028267,82.348441,215.609916,118.480654,151.009900,178.520572,117.428251,142.388359
183.379823,96.973003,206.729596,135.102467,152.443579,168.346211,129.093806,130.216747
193.319627,103.782823,200.501446,147.926383,134.286106,158.699113,127.104286,114.555552
149.774338,114.999438,157.092003,144.232897,99.289482,158.701917,91.971817,129.468458
147.359045,115.327572,144.531646,172.549429,79.506809,169.336476,82.334208,112.114619
154.957525,114.264503,164.163201,143.893388,106.193644,161.904493,96.987968,132.275608
191.119336,114.981515,195.767768,139.529653,126.529431,152.640616,121.880998,128.092478
194.664157,100.896551,213.457347,136.259926,157.197433,166.158181,138.404244,130.794807
189.080341,113.465973,195.039560,140.131110,123.105704,156.207142,117.146485,129.542006
191.218187,112.296306,196.744222,147.339842,144.486317,155.580420,138.960283,120.536884
154.034212,106.901777,197.199821,119.358622,181.464858,173.883602,138.299249,161.426757
189.260616,117.600675,193.749801,149.915344,147.506395,156.339523,143.017210,124.024854
190.670186,117.634384,194.854598,146.157207,125.132139,156.385771,120.947727,127.862947
188.358696,121.487342,190.582019,148.832001,119.151074,154.639866,116.927751,127.295207
179.130891,104.288342,198.336877,146.576605,135.633592,175.054446,116.427605,132.766184
197.656671,108.308732,204.336928,138.942993,123.921993,156.478666,117.241736,125.844406
196.046454,102.069824,207.225108,136.186132,127.806817,162.208574,116.628163,128.092266
193.168766,106.539555,202.483970,144.290053,123.986904,163.659763,114.671700,125.909265
181.711574,104.108444,197.703940,141.699591,132.068603,169.622770,116.076237,132.031623
192.049388,105.243888,203.085962,151.082400,122.384356,170.512988,111.347782,124.674476
190.501491,99.825404,204.678111,139.227676,130.470498,165.926977,116.293878,126.524705
194.162538,104.424862,198.914061,148.838082,117.027186,157.598703,112.275663,113.185483
183.975230,92.659372,206.331805,137.528307,133.259540,173.937587,110.902964,129.068652
195.729997,103.789267,198.540942,144.332565,111.447932,150.370891,108.636988,109.827593
182.245453,95.336691,199.961769,141.465659,121.074547,171.763127,103.358231,125.634158
188.770048,102.226928,197.216344,139.532726,111.632455,158.909524,103.186158,121.603726
177.204292,103.989106,185.969782,142.974162,112.176640,159.565982,103.411150,120.580926
188.291161,103.910539,193.897573,140.040645,107.586764,153.433740,101.980353,117.303634
182.646742,104.296322,188.100666,143.449540,105.226356,154.993679,99.772431,115.840462
166.669097,95.914600,190.900089,144.455347,123.644837,178.028408,99.413845,129.487661
178.371826,105.772563,183.684219,148.592723,104.161064,158.458595,98.848671,115.638435
181.232078,106.494403,185.959959,147.684894,98.176947,157.760706,93.449066,116.570215
171.966356,110.211277,177.002455,143.262084,101.457754,154.773168,96.421655,121.722361
175.491531,104.187192,183.528883,139.599035,108.911071,156.534885,100.873719,121.123042
171.496225,104.558946,182.742407,140.660311,126.183601,158.279328,114.937420,122.177963
174.606036,104.618817,183.589693,141.268196,116.690034,157.666936,107.706376,121.017557
167.858892,101.173036,182.307986,136.594564,125.088594,159.935407,110.639500,124.513879
166.338200,101.768598,180.804835,137.590528,124.216569,160.443619,109.749933,124.621689
167.511594,102.570092,183.181805,139.780106,122.960335,165.141105,107.290125,127.931091
159.453489,107.548716,173.130003,144.277742,123.808168,162.643347,110.131654,125.914321
163.299334,100.694636,180.937711,137.602751,122.459918,165.549270,104.821541,128.641155
164.716870,106.329078,174.185111,144.747250,109.252989,160.749910,99.784748,122.331738
163.743557,114.132240,161.580486,153.330415,97.810320,149.811389,99.973391,110.613214
157.873503,111.665526,161.980648,150.783839,88.633809,158.484736,84.526664,119.366423
158.379356,110.340937,163.790320,148.711290,98.808271,157.875019,93.397307,119.504666
157.293029,114.151532,158.546534,151.005221,87.296070,153.428664,86.042564,116.574976
160.256912,103.242697,155.698207,155.450295,96.812893,150.308500,101.371598,98.100902
153.782865,110.919913,162.046642,148.458578,98.856556,162.369271,90.592778,124.830605
154.818244,110.012128,159.907835,155.205608,90.285447,163.046330,85.195855,117.852850
153.044952,107.374219,166.516720,145.081599,100.832896,168.548549,87.361128,130.841169
151.402691,112.329016,156.695464,153.119883,84.527007,162.484019,79.234235,121.693152
149.931398,110.850612,157.959284,151.240211,84.873343,165.766861,76.845457,125.377262
149.067417,112.749920,155.563845,150.190492,81.339553,163.069374,74.843126,125.628802
148.959473,108.592412,157.340965,147.912151,83.775002,163.593652,75.393510,124.273914
146.387216,106.354093,157.843568,147.613409,89.078040,166.707328,77.621689,125.448012
149.998726,109.818926,154.642952,153.237919,76.624449,161.583013,71.980223,118.164020
148.786504,108.854564,156.695317,154.211876,77.987041,167.935993,70.078228,122.578681
144.230710,111.454025,148.023731,155.122939,73.650111,161.582928,69.857090,117.914013
145.693078,109.541841,147.503918,157.210583,68.279811,160.220149,66.468971,112.551407
144.775205,108.919584,147.818266,161.054808,71.729019,165.496031,68.685959,113.360807
142.603046,104.938252,152.803416,151.159425,82.749449,166.619361,72.549080,120.398187
139.334399,105.119009,149.852343,150.584937,77.391019,167.347910,66.873076,121.881982
139.985960,105.884045,148.511802,153.470053,70.134848,167.512617,61.609005,119.926609
138.942196,105.695146,145.411648,150.069780,64.797731,161.822618,58.328279,117.447984
136.700898,102.004785,152.013955,145.425348,86.549106,168.512727,71.236048,125.092164
137.781789,105.698522,140.674243,154.174806,63.920127,158.754525,61.027672,110.278241
136.813094,105.451943,146.694867,151.870085,78.106865,166.471511,68.225092,120.053369
136.721590,105.781523,143.541965,151.315220,67.875674,162.649077,61.055300,117.115380
135.147835,107.869940,140.036367,149.914826,58.616112,159.381507,53.727580,117.336621
135.161641,107.081545,141.327968,153.028994,66.080697,163.127471,59.914370,117.180022
134.015919,106.741600,139.864923,152.783023,53.966747,163.695344,48.117742,117.653921
132.840846,105.061562,140.178822,150.857608,53.518612,164.743317,46.180636,118.947271
132.727677,105.567115,138.536044,152.293428,54.725354,162.711611,48.916987,115.985297
128.612562,107.314436,133.513710,153.880134,49.395029,162.733821,44.493881,116.168123
126.693544,105.852351,133.120937,151.955959,52.262302,163.228617,45.834909,117.125010
124.045365,105.865046,132.042884,152.449153,50.167787,166.505398,42.170268,119.921291
125.492455,103.959547,135.812224,147.310657,49.809215,167.783747,39.489446,124.432636
125.799728,105.757415,132.156892,154.395809,46.324433,165.614334,39.967269,116.975940
123.894575,105.314906,134.153563,146.778141,46.307727,168.513284,36.048739,127.050049
123.432800,104.872235,133.851856,150.628048,45.031748,170.853274,34.612692,125.097461
120.934422,105.873834,129.175248,153.673876,39.996064,169.048550,31.755239,121.248508
122.163904,105.542461,131.444543,154.217698,42.812022,171.116772,33.531383,122.441535
119.062058,103.675684,130.706444,153.729701,42.205138,174.318324,30.560753,124.264307
118.445814,106.481974,127.014852,155.115643,38.239107,170.757538,29.670069,122.123869
120.499675,105.154494,128.799916,155.833449,38.621188,170.602994,30.320947,119.924039
118.155770,103.387037,122.375224,162.692854,35.293264,168.888508,31.073810,109.582691
117.405460,105.523096,123.684214,158.191831,35.640956,168.687659,29.362201,116.018924
112.564825,107.499719,120.265466,156.228333,34.229006,169.824779,26.528364,121.096164
