1.835339
0.034615
0.034439
0.033825
0.033740
0.033904
0.033804
0.033774
0.033774
0.033834
0.044230
0.033790
0.033732
0.033896
0.033871
0.033748
0.033830
0.033949
0.033841
0.033912
0.044375
0.033836
0.033958
0.033871
0.034433
0.033921
0.033980
0.033875
0.033993
0.033832
0.044246
0.033974
0.033979
0.033834
0.033849
0.033745
0.034027
0.033804
0.033733
0.033745
0.044205
0.033834
0.033923
0.033731
0.033817
0.033745
0.033773
0.033985
0.033687
0.033842
0.044434
0.033818
0.033958
0.034018
0.033809
0.033944
0.033735
0.034149
0.034041
0.033788
0.044149
0.033999
0.034039
0.033813
0.033709
0.033947
0.033919
0.033716
0.033876
0.034008
0.044327
0.033849
0.033816
0.033898
0.034020
0.033855
0.033969
0.034060
0.033922
0.033895
0.044322
0.033920
0.033898
0.034008
0.033953
0.034084
0.034599
0.033962
0.034069
0.033746
0.044242
0.033935
0.033974
0.033815
0.033927
0.033874
0.034133
0.033943
0.034026
0.034163
0.044320
0.034060
0.034071
0.033861
0.033875
0.033724
0.033731
0.033834
0.033878
0.033856
0.044221
0.033844
0.034060
0.033785
0.033904
0.033690
0.033848
0.033920
0.033821
0.033718
0.044135
0.033874
0.033747
0.033659
0.033743
0.033736
0.033757
0.033759
0.033754
0.033688
0.044196
0.033727
0.033808
0.033777
0.033825
0.033758
0.033714
0.033871
0.033834
0.033782
0.044197
0.033835
0.033782
0.033707
0.033723
0.033753
0.033675
0.033708
0.033787
0.033798
0.044071
0.033814
0.033700
0.033792
0.033787
0.033654
0.033697
0.033950
0.033729
0.033792
0.044266
0.033789
0.033726
0.033792
0.033782
0.033922
0.033812
0.033680
0.034081
0.033943
0.044327
0.033770
0.033707
0.033648
0.033687
0.033815
0.033720
0.033907
0.033850
0.033773
0.044302
0.033768
0.033826
0.033786
0.033788
0.033767
0.033911
0.033888
0.033888
0.033762
0.044229
0.033816
0.033844
0.033861
0.033791
0.034707
0.033819
0.034110
0.034026
0.034020
0.044454
0.033849
0.033897
0.033942
0.033949
0.033885
0.034345
0.033786
0.033977
0.033785
0.044293
0.033869
0.033847
0.033813
0.033723
0.033695
0.033754
0.033945
0.034011
0.033890
0.044218
0.033964
0.033857
0.034108
0.033910
0.034013
0.033995
0.033839
0.034136
0.033941
0.044544
0.034029
0.033950
0.033934
0.034024
0.033956
0.033939
0.033978
0.034095
0.034339
0.044354
0.033848
0.034075
0.033975
0.033917
0.034022
0.034020
0.034174
0.034429
0.034179
0.044573
0.034121
0.034336
0.034251
0.034361
0.034379
0.034503
0.034531
0.034391
0.034517
0.045556
0.034801
0.034820
0.034578
0.034753
0.034746
0.034724
0.034710
0.034678
0.034477
0.044954
0.034619
0.034494
0.034688
0.034496
0.034761
0.034613
0.034767
0.034961
0.035188
0.045357
0.035110
0.035196
0.035084
0.035076
0.035064
0.035146
0.035312
0.035214
0.035278
0.045581
0.035592
0.035372
0.035316
0.035284
0.035370
0.035340
0.035187
0.035035
0.034963
0.045567
0.035188
0.035065
0.035751
0.035324
0.034977
0.034993
0.034875
0.034902
0.034632
0.045212
0.034544
0.034658
0.034930
0.034531
0.033910
0.034256
0.034641
0.034381
0.039648
0.044972
0.034628
0.034571
0.034721
0.034612
0.034710
0.034707
0.034679
0.034930
0.034829
0.045157
0.034900
0.034616
0.034492
0.034652
0.034607
0.034600
0.034583
0.034614
0.034449
0.044697
0.034402
0.034204
0.034096
0.034432
0.034205
0.034654
0.034534
0.034470
0.034517
0.044881
0.034547
0.034604
0.034395
0.034459
0.034458
0.034542
0.034625
0.034819
0.034634
0.044967
0.034574
0.034629
0.034621
0.035065
0.035104
0.034754
0.034798
0.034824
0.034612
0.045124
0.034855
0.034544
0.034571
0.034580
0.034570
0.034813
0.034905
0.034762
0.034693
0.045016
0.034791
0.034661
0.034621
0.034604
0.034909
0.034695
0.035225
0.034946
0.034796
0.045750
0.034933
0.034969
