1.830024
0.038106
0.037508
0.037320
0.037496
0.037432
0.037651
0.037510
0.037498
0.037548
0.048015
0.037546
0.037541
0.037366
0.037290
0.037385
0.037247
0.037226
0.037381
0.037339
0.047853
0.037662
0.037769
0.037682
0.037971
0.037952
0.037876
0.037659
0.037481
0.037549
0.048043
0.037600
0.037548
0.037599
0.037596
0.037432
0.037673
0.037332
0.037457
0.037454
0.047972
0.037553
0.037532
0.038840
0.037752
0.037433
0.037484
0.037465
0.037634
0.037855
0.048841
0.038135
0.038835
0.038512
0.038367
0.038665
0.038632
0.038315
0.038467
0.038628
0.049098
0.038747
0.038504
0.038662
0.038931
0.039078
0.038885
0.039058
0.039011
0.039203
0.050422
0.039427
0.039296
0.039405
0.036587
0.039312
0.036325
0.036395
0.036542
0.036628
0.047248
0.036868
0.037014
0.037096
0.037154
0.037522
0.037221
0.037297
0.037310
0.037637
0.047295
0.036842
0.036697
0.036749
0.037104
0.036972
0.042841
0.037074
0.037103
0.037083
0.047601
0.037094
0.037116
0.037172
0.037934
0.037412
0.037261
0.037196
0.037235
0.037185
0.047521
0.037283
0.037390
0.037233
0.037253
0.036747
0.037122
0.036958
0.036843
0.036941
0.047369
0.036948
0.036954
0.039218
0.038095
0.037044
0.037135
0.037052
0.037340
0.037583
0.048052
