1.808049
0.035757
0.035420
0.035347
0.035288
0.035197
0.035115
0.035020
0.034978
0.035030
0.045590
0.035056
0.034952
0.035038
0.035127
0.034902
0.034906
0.035078
0.034806
0.034906
0.045202
0.034889
0.034840
0.034838
0.034937
0.034935
0.034872
0.034945
0.034956
0.034849
0.045087
0.034727
0.034836
0.034871
0.034908
0.034761
0.035029
0.034869
0.037619
0.035453
0.045773
0.035540
0.035500
0.035096
0.035126
0.035187
0.035121
0.034991
0.034891
0.034924
0.045459
0.035336
0.035395
0.035301
0.035134
0.034839
0.035028
0.034886
0.034753
0.034820
0.045142
0.034818
0.034819
0.034720
0.035092
0.034956
0.035073
0.034996
0.035147
0.035080
0.045575
0.035262
0.035335
0.035012
0.035195
0.035373
0.035490
0.035547
0.035699
0.035415
0.045838
0.035198
0.035403
0.035602
0.035872
0.036141
0.036333
0.036080
0.036165
0.035885
0.046145
0.035968
0.035831
0.035779
0.036032
0.036186
0.036146
0.036100
0.036320
0.036203
0.046590
0.036098
0.036150
0.036062
0.035903
0.036093
0.035778
0.035758
0.035933
0.035752
0.045893
0.035826
0.035551
0.035475
0.035528
0.035461
0.035494
0.035207
0.035191
0.035032
0.045324
0.035012
0.035086
0.035087
0.034944
0.034889
0.035250
0.035082
0.035295
0.035177
0.045428
0.035090
0.035158
0.035582
0.035372
0.035427
0.035357
0.035536
0.035234
0.035260
0.045884
0.035801
0.035754
0.035494
0.035854
0.035729
0.035747
0.035513
0.035393
0.035016
0.053363
0.035044
0.034735
0.034721
0.034832
0.034914
0.035089
0.045453
0.035392
0.034975
0.045169
0.034763
0.034692
0.034492
0.045014
0.034458
0.034589
0.034515
0.034716
0.034507
0.044935
0.034524
0.034439
0.034422
0.034461
0.034589
0.034584
0.034529
0.034751
0.034619
0.045161
0.034842
0.034754
0.034813
0.034805
0.034860
0.035065
0.035165
0.035271
0.035223
0.045592
0.035208
0.035252
0.034997
0.034963
0.034656
0.034827
0.034549
0.034670
0.034824
0.045281
0.035025
0.035314
0.035353
0.035655
0.035558
0.035731
0.035698
0.035626
0.035703
0.046296
0.036104
0.036027
0.036172
0.036249
0.035986
0.036086
0.036191
0.036300
0.036445
0.046932
0.036435
0.036661
0.036639
0.036757
0.036542
0.036450
0.036536
0.036489
0.036084
0.046413
0.035723
0.036076
0.036200
0.036067
0.036243
0.036271
0.036159
0.036021
0.036105
0.046295
0.035802
0.036007
0.035737
0.035734
0.035723
0.035824
0.035836
0.036043
0.035900
0.046511
0.035917
0.035691
0.035613
0.035412
0.035350
0.035400
0.035475
0.035266
0.035252
0.045709
0.036072
0.035493
0.035119
0.035307
0.035274
0.035453
0.035559
0.035948
0.035738
0.046219
0.035964
0.036056
0.035993
0.035876
0.035896
0.036316
0.036307
0.035997
0.035879
0.045932
0.035415
0.035476
0.035027
0.034835
0.034609
0.034617
0.034704
0.035068
0.034888
0.045230
0.035274
0.035154
0.035209
0.035252
0.035048
0.035458
0.035422
0.035370
0.035399
0.045470
0.035400
0.035285
0.035803
0.035096
0.035115
0.035022
0.035036
0.035022
0.035174
0.045861
0.035570
0.035498
0.035450
0.035671
0.035559
0.035942
0.035967
0.035849
0.035967
0.046492
0.036058
0.036319
0.035938
0.035903
0.036002
