186.960000,32.434000,259.100000,17.170000,275.610000,95.214000,203.470000,110.480000
277.461847,93.861832,209.201539,111.333924,191.327789,41.504413,259.588098,24.032321
284.551008,80.670566,220.416334,116.700899,181.929387,48.193406,246.064062,12.163073
284.173019,80.410148,220.958882,116.601382,179.535181,44.247852,242.749318,8.056618
203.679981,26.828104,280.571821,34.339066,272.974526,112.114720,196.082686,104.603758
277.773846,97.628816,210.726820,110.878895,196.658836,39.693164,263.705861,26.443086
286.071175,74.316989,230.666798,118.962217,183.513411,60.445236,238.917788,15.800008
275.244552,98.625474,207.641964,109.869245,195.613744,37.550197,263.216332,26.306427
288.443569,70.886262,237.473199,124.350108,179.410313,68.995190,230.380683,15.531345
286.098628,77.405878,229.448064,122.799337,179.120534,59.991102,235.771098,14.597644
241.051530,22.546870,282.144431,82.731080,224.011956,122.423086,182.919054,62.238877
284.986075,63.141209,245.302186,123.928061,179.890246,81.224745,219.574136,20.437893
283.507111,58.548865,250.197592,125.914695,179.965131,91.187749,213.274650,23.821920
277.908159,85.541081,225.366145,121.325455,182.334303,58.142021,234.876317,22.357647
281.132893,81.486998,231.254545,126.780938,172.578305,62.165804,222.456654,16.871865
278.152544,85.884335,230.342612,125.297127,176.086041,59.480857,223.895973,20.068065
272.982212,95.607120,213.944124,125.029783,180.021525,56.962341,239.059612,27.539678
276.352856,85.908998,226.953924,125.933034,176.667315,63.867709,226.066247,23.843673
273.377600,91.619711,222.860047,125.990887,182.397776,66.520856,232.915329,32.149680
271.064050,95.205881,215.981370,127.546475,177.480663,61.971856,232.563343,29.631262
273.974579,89.463545,220.250647,131.467589,172.452942,70.333458,226.176874,28.329414
271.990364,92.970633,221.930666,133.154342,169.455470,67.782266,219.515167,27.598557
270.674064,92.997396,225.506255,130.627477,171.318940,65.585832,216.486748,27.955752
269.985428,89.774405,225.167809,130.158357,169.769310,68.677776,214.586930,28.293824
270.308870,97.445367,222.982085,131.973361,177.096197,69.078556,224.422982,34.550561
267.036280,96.732107,215.904114,133.034127,173.703015,73.592984,224.835181,37.290964
269.782233,92.430411,220.867627,134.927427,170.555068,77.017032,219.469674,34.520016
269.018384,99.528695,219.310185,132.691626,178.394881,71.363330,228.103079,38.200399
269.222087,99.219178,214.516701,134.366982,171.692939,67.714443,226.398325,32.566638
271.772340,96.698492,223.678425,132.350358,176.293034,68.428067,224.386948,32.776201
269.115140,107.821155,210.524087,134.046950,178.744594,63.048380,237.335647,36.822585
268.140670,111.282608,212.037860,132.758875,184.037157,59.612174,240.139967,38.135907
268.611144,111.203739,212.387503,132.361657,185.069685,59.769108,241.293326,38.611190
269.709029,108.960948,213.261037,130.247255,186.243800,58.601727,242.691792,37.315420
269.010942,113.639543,208.891321,132.705102,185.353594,58.483348,245.473215,39.417789
280.293337,107.637697,225.886210,136.958064,186.430408,63.743535,240.837535,34.423168
268.890966,117.101371,214.126402,129.478655,195.914112,48.896511,250.678676,36.519227
282.989226,93.330823,229.701375,131.454104,186.644493,71.270178,239.932344,33.146897
263.765069,126.610430,211.958343,128.271022,209.571243,53.798853,261.377969,52.138261
269.174246,126.141439,212.648640,132.196191,203.975617,51.227081,260.501223,45.172329
281.216481,117.081818,222.252376,134.058486,198.220468,50.589819,257.184573,33.613150
274.464523,128.794643,214.435401,135.247945,204.576190,43.536786,264.605312,37.083484
269.354434,134.636478,213.022445,135.025729,212.383830,42.606060,268.715819,42.216809
271.547197,131.334537,213.908698,133.513948,210.434275,41.626486,268.072773,39.447075
211.989498,44.041704,272.453811,50.732088,263.655498,130.246802,203.191184,123.556418
215.704245,43.205324,272.622432,47.149593,266.676593,132.951637,209.758406,129.007368
220.214234,42.110561,275.774865,53.383515,259.187518,135.137015,203.626887,123.864060
216.685574,38.289425,271.553642,43.328310,262.966245,136.835862,208.098178,131.796977
215.342870,43.169389,272.347036,49.682118,262.397033,136.771817,205.392867,130.259088
212.872667,44.907829,269.265261,47.158776,265.732524,135.663820,209.339930,133.412872
268.264437,130.632976,211.812343,131.632262,210.197059,40.380932,266.649153,39.381647
206.155954,39.217988,268.593588,43.168716,263.154924,129.121823,200.717289,125.171095
211.601703,33.044677,273.379102,50.002179,251.447399,129.900949,189.670000,112.943446
212.303225,36.959104,264.224058,38.049943,262.338201,127.811384,210.417367,126.720545
212.972897,36.546063,262.123956,40.628540,254.720143,129.766901,205.569084,125.684425
210.355179,35.449132,258.711439,38.469914,252.967000,130.426080,204.610740,127.405297
194.170681,33.529209,259.053264,39.663027,250.565772,129.442415,185.683189,123.308598
203.774968,37.676546,256.368419,37.854022,256.061869,128.697255,203.468419,128.519779
205.961866,37.905473,254.681987,38.697703,253.110102,135.364611,204.389980,134.572381
203.765855,40.827926,253.361885,41.007215,253.017098,136.384196,203.421068,136.204907
253.952168,138.579676,206.815449,140.592811,202.558164,40.910243,249.694882,38.897108
254.158680,139.222629,207.168558,140.921813,203.603058,42.319590,250.593180,40.620407
200.989728,42.570402,251.004222,42.906794,250.351826,139.904600,200.337333,139.568209
198.230607,43.807641,251.516800,49.541025,241.933857,138.605090,188.647664,132.871706
245.771292,136.017504,196.717032,136.222505,196.323301,42.007182,245.377560,41.802181
190.590855,42.399855,244.556870,42.943202,243.560733,141.880896,189.594718,141.337549
244.987845,140.147238,187.422855,143.904835,181.019062,45.801119,238.584052,42.043522
242.370859,142.275550,182.801750,144.466179,179.077681,43.198694,238.646790,41.008065
239.124234,140.155817,177.066927,140.958654,175.806919,43.563158,237.864226,42.760321
193.183022,35.484929,246.032758,49.090392,220.577376,147.970544,167.727639,134.365081
177.082048,35.624657,238.176315,44.635552,222.946633,147.893469,161.852366,138.882574
174.872713,35.702171,237.129717,46.776992,218.879659,149.369520,156.622655,138.294698
227.756579,146.165012,165.280511,151.587422,157.343360,60.136945,219.819429,54.714535
223.487651,151.751185,158.674180,153.732573,155.794563,59.536995,220.608034,57.555607
225.430097,149.546525,156.114156,154.151693,149.855850,59.953107,219.171791,55.347938
225.371057,148.007217,154.768203,155.356936,145.032210,61.831077,215.635065,54.481357
230.359082,137.657019,162.462471,157.379648,134.587823,61.419104,202.484434,41.696476
180.490744,28.029607,249.343002,63.286290,198.019982,163.514260,129.167725,128.257577
216.733090,157.126064,145.370638,158.149589,144.015548,63.669723,215.378000,62.646197
135.326354,57.075028,221.428459,67.528698,209.826034,163.092573,123.723929,152.638903
224.140253,132.130988,160.368750,164.464337,123.061039,90.881835,186.832542,58.548485
227.695277,119.769901,167.694511,167.377786,113.443666,99.004821,173.444431,51.396936
223.681031,123.965158,163.842702,168.389310,106.958118,91.767059,166.796447,47.342908
222.415719,118.011177,159.830756,174.929236,91.401178,99.686640,153.986142,42.768580
223.526709,99.718133,186.723460,174.983123,87.266151,126.350258,124.069401,51.085268
219.004578,102.415710,180.906672,179.342292,81.464994,130.093779,119.562900,53.167197
213.098677,91.130485,194.505923,166.431553,90.322253,140.707331,108.915008,65.406262
210.322316,89.452640,192.256233,175.538313,93.417127,154.795773,111.483210,68.710100
190.958715,77.706726,199.729998,158.178024,100.199708,169.026716,91.428426,88.555418
167.063488,77.330779,199.700599,151.037565,111.635349,190.032556,78.998237,116.325770
206.132760,101.954588,178.409185,189.175379,85.500082,159.643744,113.223657,72.422954
159.013409,78.320033,202.076121,146.225751,118.296338,199.355072,75.233626,131.449353
200.996483,127.983674,141.066642,193.781957,78.225584,136.545592,138.155425,70.747309
149.807846,80.622027,197.225604,145.828980,121.422520,200.952124,74.004762,135.745170
193.248350,112.055779,172.518697,191.693709,64.012017,163.449556,84.741670,83.811627
193.391617,114.357901,173.154939,193.757087,64.503421,166.064791,84.740099,86.665605
188.460407,113.919806,172.655100,192.821086,64.297342,171.115131,80.102649,92.213851
186.439187,113.600795,176.552618,192.767099,66.361682,179.006064,76.248251,99.839761
179.976549,110.722168,179.277219,185.828287,69.339277,184.804631,70.038606,109.698512
179.722465,115.162622,177.888984,190.069874,68.242137,187.386084,70.075617,112.478832
178.026824,116.997196,176.971286,189.049360,68.355337,187.458177,69.410874,115.406012
177.608956,119.589163,173.422325,202.765113,67.852849,197.451311,72.039481,114.275361
177.066871,122.142525,173.646264,195.734948,65.924022,190.727972,69.344629,117.135550
190.837689,143.231737,158.821363,216.631062,58.019623,172.661974,90.035949,99.262649
180.182822,128.010995,174.325771,210.871958,68.223319,203.372076,74.080370,120.511113
149.095423,114.698773,183.729050,184.311841,109.347964,221.317635,74.714336,151.704567
175.665092,125.740226,181.982188,205.312786,94.351647,212.269588,88.034551,132.697028
196.251336,145.628584,166.337656,223.695177,79.297891,190.343143,109.211571,112.276549
178.594043,211.034311,105.182424,218.199034,95.073294,114.618257,168.484913,107.453533
142.065964,114.644910,201.540437,152.587613,155.467155,224.806615,95.992682,186.863912
189.328705,124.516185,189.586936,211.487156,97.837341,211.759576,97.579109,124.788605
194.184072,126.405073,185.288594,199.892078,97.104189,189.217504,105.999667,115.730500
205.519961,184.731525,131.927675,216.813522,96.026392,134.460250,169.618678,102.378253
194.880245,203.408026,119.948409,208.296812,114.131373,119.137413,189.063208,114.248627
128.581124,106.481564,200.958456,118.251682,186.623056,206.403561,114.245724,194.633444
127.442774,106.395788,199.552559,111.806577,192.685018,203.330534,120.575234,197.919745
137.585026,97.574389,209.633270,117.991936,185.080523,204.632229,113.032279,184.214681
149.328399,99.491907,212.541625,117.167817,187.894933,205.310203,124.681707,187.634292
167.271711,96.469436,220.855160,123.140304,181.241076,202.727487,127.657627,176.056618
182.243516,96.774268,227.451122,129.837049,179.584111,195.286866,134.376505,162.224085
175.488581,84.041099,225.687286,99.145503,199.597859,185.852357,149.399155,170.747952
163.342614,90.129699,221.196797,91.581492,218.886197,183.659276,161.032014,182.207483
172.629863,82.321942,222.048306,85.813968,215.244876,182.094728,165.826433,178.602701
194.798576,74.913772,238.549293,92.424923,206.546156,172.383130,162.795439,154.871979
185.432361,65.088674,233.675581,69.422624,225.427095,161.240366,177.183875,156.906416
189.097130,60.368071,237.669017,61.989944,234.477591,157.566884,185.905703,155.945012
193.837639,52.728372,242.806972,55.620902,236.930085,155.114151,187.960752,152.221621
194.541968,42.184200,245.000649,44.891376,239.371443,149.813394,188.912763,147.106218
194.342909,39.805049,248.217743,43.479600,240.926056,150.387473,187.051222,146.712922
195.363015,39.709145,251.091548,45.216476,240.679251,150.578232,184.950719,145.070901
195.321673,39.500243,253.857326,42.735675,247.965943,149.322982,189.430291,146.087551
206.098423,39.304147,255.125011,42.533222,248.157007,148.327438,199.130419,145.098363
211.453519,36.114894,263.418639,42.333947,250.289527,152.038090,198.324407,145.819037
264.720529,146.155308,211.671591,150.370567,203.586586,48.620966,256.635523,44.405706
209.100016,46.479736,268.606591,49.503157,263.257462,154.784021,203.750886,151.760600
269.556805,147.471419,214.602689,148.489279,212.650399,43.085483,267.604516,42.067622
271.878791,160.520069,216.810213,162.955273,211.500671,42.887717,266.569249,40.452514
270.301963,158.922598,214.861925,160.707114,211.620054,59.991046,267.060092,58.206530
213.224841,52.279963,269.390739,52.573777,268.839838,157.884836,212.673940,157.591022
218.516847,58.587528,278.733151,62.426319,272.097526,166.514502,211.881222,162.675711
286.236121,147.576105,224.686950,157.497932,206.544180,44.950875,268.093351,35.029048
307.896642,138.217390,241.163486,174.011220,187.251792,73.499554,253.984947,37.705724
298.775863,165.109564,227.698827,174.304089,217.496681,95.437789,288.573718,86.243263
289.599687,160.205320,236.069044,179.405410,197.668864,72.344124,251.199507,53.144034
280.556002,145.956486,223.948542,165.846067,187.277126,61.476062,243.884587,41.586481
276.448569,167.042983,220.952485,174.240982,204.157155,44.750119,259.653239,37.552121
281.755306,176.276352,225.123511,182.767630,211.590846,64.704736,268.222641,58.213458
224.372828,77.451335,275.885987,79.706521,271.457623,180.859633,219.944464,178.604447
220.931459,88.743763,274.241928,92.426184,267.981812,183.053983,214.671342,179.371561
223.896192,79.106399,275.254040,84.377161,265.144546,182.883198,213.786698,177.612436
228.234512,80.206472,278.755217,90.201894,259.545265,187.296372,209.024561,177.300951
227.605912,84.683186,277.867605,94.263895,260.801968,183.792536,210.540275,174.211827
232.058387,88.410981,275.895955,97.191798,257.123172,190.913494,213.285604,182.132676
225.477314,93.564228,268.513177,98.764864,256.766914,195.966556,213.731050,190.765920
260.068185,190.529742,216.611812,190.942464,215.668447,91.613610,259.124821,91.200888
216.320152,92.168753,260.132431,93.347215,257.475536,192.123988,213.663257,190.945527
262.817987,191.649718,221.035383,198.772748,200.077235,75.835472,241.859839,68.712441
264.964113,199.219328,220.515170,207.806514,197.832035,90.394211,242.280978,81.807024
262.090781,204.804570,215.026953,205.151163,214.261834,101.255543,261.325662,100.908950
264.019487,203.404032,216.087025,207.339487,209.873147,131.656651,257.805610,127.721196
263.324151,203.139061,214.499169,206.298270,209.734461,132.660592,258.559443,129.501383
267.427967,202.179875,219.489904,210.569544,206.512135,136.415352,254.450199,128.025684
263.580231,207.015601,212.286278,210.331847,207.428678,135.197043,258.722630,131.880797
264.105708,210.432479,213.949946,212.217044,211.309768,138.013998,261.465530,136.229434
266.081736,207.458570,217.944665,215.164730,204.994035,134.267708,253.131106,126.561548
225.043151,138.075033,272.524976,149.661315,256.404931,215.722985,208.923106,204.136702
264.717062,210.535999,216.562017,215.143850,208.626274,132.210162,256.781319,127.602311
263.579593,211.059222,212.768374,211.419919,212.252376,138.731646,263.063596,138.370949
265.599300,210.713605,216.021982,215.494381,208.097683,133.318278,257.675001,128.537502
220.569408,140.669548,268.904338,146.604334,260.525817,214.841881,212.190888,208.907096
263.350849,210.017417,215.098053,210.713230,214.069034,139.353461,262.321830,138.657649
265.758795,213.354685,217.820607,215.273192,214.789923,139.544750,262.728111,137.626243
222.988968,139.919610,269.249261,146.668522,259.423639,214.018066,213.163346,207.269153
266.926543,212.943651,217.443532,217.330477,210.574686,139.850500,260.057697,135.463674
213.045292,138.858910,265.906705,141.696153,262.295668,208.974315,209.434255,206.137072
265.204761,208.097308,214.021711,215.073234,203.833187,140.319042,255.016238,133.343116
263.629792,199.082348,207.293673,206.681672,197.771628,136.091837,254.107746,128.492512
258.677740,194.842519,205.289529,202.538865,195.694085,135.976939,249.082296,128.280593
260.214678,195.083018,204.906789,208.342092,187.835732,137.133185,243.143621,123.874111
202.207523,113.425952,251.372651,120.877211,238.360750,206.732732,189.195623,199.281473
198.166090,111.137078,245.984225,116.054490,236.929942,204.100579,189.111808,199.183167
197.616565,106.891209,246.569848,113.390309,234.912732,201.195403,185.959449,194.696304
199.990757,103.174847,250.397855,115.559646,229.944170,198.807732,179.537072,186.422933
206.547392,103.257723,253.273085,122.707199,220.657810,201.062590,173.932117,181.613115
181.705813,92.149890,236.410284,98.326680,225.292063,196.794727,170.587592,190.617938
166.551519,90.068966,230.725849,95.342283,222.342628,197.363013,158.168297,192.089697
160.940031,90.888148,224.244557,91.031074,223.999820,199.429236,160.695294,199.286309
161.801446,91.359509,226.295556,93.470422,222.876472,197.932712,158.382362,195.821799
164.928973,89.072355,227.216695,94.585688,218.027807,198.398559,155.740084,192.885226
169.616622,87.918949,229.823731,95.784736,216.909753,194.632229,156.702643,186.766442
168.196798,86.513229,226.805757,94.307815,214.169079,189.325369,155.560121,181.530783
161.207025,86.630609,222.430031,89.116090,218.575734,184.056115,157.352728,181.570633
168.558582,78.159888,226.019461,89.993112,207.530048,179.775735,150.069169,167.942511
162.589621,74.274348,216.502403,78.631212,208.702210,175.152484,154.789428,170.795619
161.620205,75.631605,209.414625,76.116070,208.437196,172.543408,160.642776,172.058943
207.321014,169.213893,159.517023,170.115875,157.592795,68.134027,205.396786,67.232045
158.335039,69.127315,206.125324,70.667737,203.044479,166.248306,155.254195,164.707884
150.951822,68.139619,210.562939,70.589978,206.840875,161.138511,147.229757,158.688152
207.361571,158.819853,143.830211,159.964254,142.156524,67.049640,205.687884,65.905239
204.530925,146.296614,142.981146,163.711909,119.233016,79.780392,180.782795,62.365097
213.882604,132.286363,154.198968,169.186095,106.446375,91.948448,166.130011,55.048717
212.130274,119.877564,158.665537,164.086301,93.457648,85.225814,146.922385,41.017076
208.845653,127.637356,149.025323,170.544446,81.221526,76.013555,141.041856,33.106464
203.602978,126.635770,142.040053,166.955282,80.775340,73.411618,142.338265,33.092105
196.460287,136.706152,130.958790,167.047363,84.604163,66.975631,150.105660,36.634421
197.079745,113.038780,134.678479,159.789332,69.582774,72.901494,131.984039,26.150942
191.700214,121.016586,126.842310,158.099958,74.011206,65.699656,138.869110,28.616284
189.278079,110.983232,127.951242,151.382308,77.856387,75.337029,139.183225,34.937953
191.023429,90.986490,147.485546,138.998081,63.465261,62.806786,107.003144,14.795195
189.580955,88.706626,139.635287,142.522999,53.092741,62.204966,103.038409,8.388593
190.882873,75.316580,146.291498,145.715825,45.092583,81.615723,89.683958,11.216478
186.247601,95.262555,126.395144,146.441123,49.627292,56.662436,109.479750,5.483868
188.507660,65.444336,149.952096,139.950077,39.148686,82.611034,77.704250,8.105293
182.629650,45.824392,161.203235,133.022168,65.285681,109.453112,86.712096,22.255336
181.183982,54.629098,152.503779,132.599739,54.540666,96.565638,83.220869,18.594998
180.543928,53.419483,156.621646,133.332340,50.763056,101.643082,74.685339,21.730225
176.719669,55.584996,152.125005,134.251812,31.502554,96.539995,56.097217,17.873179
173.648482,52.374795,152.520512,132.699900,29.861905,100.436919,50.989875,20.111814
169.568184,48.488124,152.965037,131.834866,31.323845,107.603246,47.926992,24.256504
167.450764,48.387055,154.522993,120.741203,27.903234,98.117604,40.831004,25.763456
163.200294,50.688745,150.320728,122.030259,24.897744,99.387151,37.777310,28.045637
165.668601,56.434524,146.529054,131.232950,21.131694,99.146063,40.271240,24.347637
164.188393,54.534826,150.394812,126.227767,24.078678,101.924792,37.872258,30.231851
160.594691,49.651388,155.812843,116.694614,27.505980,107.543145,32.287828,40.499920
159.116806,49.523356,155.342447,116.510859,29.593978,109.425659,33.368336,42.438157
157.743112,48.812912,153.331497,117.577794,30.700791,109.710413,35.112407,40.945531
162.762925,54.086603,154.254044,124.779488,31.944132,110.057772,40.453014,39.364888
160.916226,50.070832,159.802022,118.030449,38.607372,116.043452,39.721576,48.083835
157.654259,47.647370,156.626765,120.426575,41.299716,118.798393,42.327210,46.019188
171.234338,91.467776,138.810534,152.826069,34.598831,97.757069,67.022635,36.398776
171.734187,86.091957,146.361336,148.101783,36.875239,103.302842,62.248090,41.293017
162.538556,68.527007,156.433836,133.239698,45.924471,122.814715,52.029191,58.102024
180.024246,62.209766,164.149085,145.722086,47.644245,123.575256,63.519406,40.062937
186.029533,90.276244,136.109645,160.208879,49.142137,98.129018,99.062025,28.196383
165.485795,50.832171,158.830905,139.567347,56.524467,131.894650,63.179357,43.159474
194.361330,98.790289,131.311363,163.174603,65.356700,98.586832,128.406667,34.202519
175.043021,136.606028,86.082486,149.576011,72.005309,53.021284,160.965844,40.051301
193.129711,120.674030,119.865014,165.561140,67.496718,80.085660,140.761416,35.198549
192.444092,127.308942,119.757859,166.816239,69.853905,75.002050,142.540138,35.494753
190.203779,130.816289,119.748018,164.771208,74.793619,71.491749,145.249380,37.536831
193.488948,129.888892,123.981021,165.384847,76.013514,71.455217,145.521441,35.959262
197.432173,129.188546,132.365565,170.639938,73.228245,77.811577,138.294854,36.360185
194.948345,133.545901,134.336139,169.490375,77.696361,73.980233,138.308567,38.035759
203.437428,132.580992,146.558548,175.232068,75.879622,80.975637,132.758503,38.324562
213.418063,124.823637,166.364757,170.867249,80.752416,83.377509,127.805721,37.333897
200.224704,139.372764,140.992695,174.946846,79.932703,73.279964,139.164713,37.705882
207.703447,139.129594,152.271090,181.499666,75.631108,81.232313,131.063466,38.862242
206.046843,139.058186,145.853033,180.533032,75.938292,79.063466,136.132102,37.588619
203.919260,141.920084,142.382145,179.329090,78.900194,74.902471,140.437309,37.493465
212.606120,137.054517,155.163910,184.040213,74.811559,85.805708,132.253770,38.820011
218.772245,120.289953,175.759025,178.904007,80.733210,109.170453,123.746430,50.556399
216.113703,122.401942,171.926806,175.519401,92.250618,109.239055,136.437516,56.121597
227.511647,124.643142,188.773101,183.702022,111.414285,132.959983,150.152832,73.901102
222.096282,112.085943,190.197830,172.210753,115.041818,132.337688,146.940270,72.212879
234.067626,124.392469,197.921711,178.038955,118.942162,124.824136,155.088076,71.177650
231.114229,133.681175,180.926046,179.393056,130.402388,123.921907,180.590570,78.210026
226.395390,101.014395,212.299524,162.609579,128.461634,143.423540,142.557500,81.828355
236.477379,114.397288,202.713691,181.315031,130.083458,144.669077,163.847145,77.751334
245.689509,130.141156,202.124644,181.884335,137.113982,127.148992,180.678848,75.405812
244.196286,108.719853,216.173270,182.816553,137.136790,152.925336,165.159806,78.828636
253.453645,138.938769,205.673098,188.689596,143.646094,129.119044,191.426641,79.368217
237.461338,95.287072,231.370532,174.976520,149.910207,168.750363,156.001012,89.060915
247.333205,128.258938,204.434766,187.305046,144.659693,143.876996,187.558133,84.830888
240.634277,126.134574,237.532208,171.800166,150.591945,165.894304,153.694014,120.228711
182.273329,71.449091,253.334325,86.924486,233.234100,179.222101,162.173104,163.746706
191.238016,56.961358,266.886626,82.558690,231.444166,187.302921,155.795555,161.705588
197.816894,74.706929,265.812543,109.795853,224.382247,190.079872,156.386598,154.990948
274.537694,142.449131,210.111232,203.685135,139.556705,129.454646,203.983167,68.218641
278.788817,119.589026,249.140419,190.855306,156.306712,152.234366,185.955111,80.968086
278.051225,121.604869,257.292922,186.957609,152.923621,153.806289,173.681924,88.453549
187.825189,57.109634,284.913407,75.106790,264.552988,184.943965,167.464770,166.946809
184.666386,62.664894,262.131505,63.414919,261.006468,179.612597,183.541349,178.862573
269.027669,167.777076,197.109878,183.757583,177.886950,97.247777,249.804741,81.267270
244.561517,181.788321,191.884440,181.815902,191.822384,63.292480,244.499460,63.264900
217.473424,70.820581,295.454025,92.536732,267.165880,194.116724,189.185280,172.400573
217.125809,67.382423,295.869704,88.051832,267.952581,194.407223,189.208685,173.737814
265.765219,180.501688,204.546020,182.443877,200.626960,58.912277,261.846160,56.970089
298.064938,169.716835,219.294756,184.029251,199.539590,75.304210,278.309773,60.991794
306.155823,147.600360,271.652901,206.486783,185.660028,156.101564,220.162950,97.215140
315.008592,141.135877,264.279811,208.525323,188.672139,151.610105,239.400920,84.220659
293.968031,119.772751,309.199757,165.687184,221.197095,194.881326,205.965368,148.966894
292.771399,120.644290,308.753558,167.702271,231.831860,193.826954,215.849700,146.768974
276.924398,109.115574,309.170177,160.770149,243.638254,201.678974,211.392475,150.024399
293.960042,105.662931,317.971016,161.216909,240.989075,194.489257,216.978102,138.935280
305.125732,114.751734,322.473746,159.054379,239.979165,191.357579,222.631151,147.054933
302.020324,109.706917,320.052594,156.163330,243.109160,186.029278,225.076890,139.572864
297.516078,93.882360,325.982226,135.342343,250.988433,186.832580,222.522285,145.372597
300.530961,92.741069,324.578918,136.388026,244.104840,180.726447,220.056883,137.079489
295.812590,75.714007,327.227871,120.254975,246.417829,177.251272,215.002548,132.710304
293.500066,71.367572,323.777902,109.973032,245.280132,171.537964,215.002296,132.932503
294.878221,62.918574,324.788231,102.239199,242.923981,164.510860,213.013970,125.190236
295.220854,52.978003,327.917627,98.390073,243.103908,159.456105,210.407135,114.044035
276.750154,42.278382,317.521057,79.688424,245.623632,158.045003,204.852729,120.634961
279.177857,38.423346,315.777741,79.853589,235.633991,150.653365,199.034107,109.223121
252.895782,35.793458,299.735672,63.481569,248.825274,149.606528,201.985384,121.918417
233.358242,32.662900,289.330024,58.595646,248.269844,147.217634,192.298062,121.284888
244.792908,29.127448,292.337666,68.346061,230.383625,143.452997,182.838867,104.234384
233.242742,32.458318,281.463050,57.586838,236.838264,143.219454,188.617956,118.090933
238.233977,31.714564,285.158604,67.116749,225.618566,146.035440,178.693938,110.633255
235.005334,32.719699,282.946670,66.934524,227.008146,145.314804,179.066810,111.099979
230.341064,24.588696,284.476373,73.223472,221.431293,143.398873,167.295983,94.764097
212.872367,25.970991,272.700412,57.113029,228.512385,142.004173,168.684340,110.862135
213.503969,29.827121,268.302632,57.171443,225.041465,143.867837,170.242801,116.523514
216.225476,32.330226,265.917245,58.866476,220.722694,143.497770,171.030925,116.961520
205.325338,35.886368,253.314593,51.983915,223.378803,141.227092,175.389548,125.129544
199.090256,32.628946,251.781607,53.108296,217.241809,141.975798,164.550458,121.496449
191.310050,28.917626,248.480402,56.102810,207.144027,143.033073,149.973674,115.847889
172.526899,41.451945,234.239161,53.156942,217.982221,138.868416,156.269959,127.163419
182.234640,28.247006,239.351931,55.543501,198.220227,141.610650,141.102936,114.314156
165.216789,34.085131,227.919179,52.139850,199.834060,149.676900,137.131671,131.622181
166.792441,33.785048,224.532165,49.661934,196.054574,153.226836,138.314850,137.349949
163.831412,34.520810,223.515606,52.535808,193.204657,152.956833,133.520463,134.941835
181.912202,26.136714,231.282995,54.009339,176.482580,151.077339,127.111787,123.204714
145.568972,42.757882,208.594627,48.722785,198.775480,152.472708,135.749825,146.507806
162.589502,26.955246,226.249223,52.528115,185.470866,154.039562,121.811145,128.466694
203.577173,139.379822,121.992340,140.586126,120.570625,44.432573,202.155458,43.226270
154.055961,9.613390,229.872578,57.799159,170.187932,151.708378,94.371315,103.522609
121.294879,44.796918,196.397294,45.309762,195.715945,145.088686,120.613529,144.575842
116.596287,42.840509,194.962021,45.278418,191.827567,146.034362,113.461833,143.596452
214.032104,59.146313,176.685610,149.100163,85.743257,111.343268,123.089751,21.389418
214.544394,106.771941,131.072460,150.616809,85.188296,63.262459,168.660230,19.417591
210.180065,70.914161,156.998220,142.588800,84.470312,88.773837,137.652157,17.099198
192.699222,41.815477,195.303463,120.483320,99.853146,123.643132,97.248905,44.975289
209.487645,60.526387,178.331986,141.430046,86.441410,106.043372,117.597068,25.139713
173.163524,30.480644,202.348415,110.074735,115.959705,141.751019,86.774815,62.156927
211.405768,78.869358,155.499741,148.005192,85.560002,91.449094,141.466030,22.313260
