147.810000,124.810000,227.900000,126.420000,223.990000,320.970000,143.900000,319.360000
142.196642,130.876012,227.481116,133.062600,222.266946,336.433268,136.982473,334.246681
139.546754,127.474001,224.923739,129.900447,219.131579,333.703572,133.754594,331.277127
136.982336,131.373680,223.770072,135.266559,214.686688,337.771276,127.898952,333.878397
131.268496,135.553477,217.437226,137.694035,212.466778,337.780745,126.298049,335.640187
219.192730,333.171773,135.279986,336.511217,127.449564,139.750301,211.362308,136.410857
218.275526,321.588011,131.735738,324.075184,126.475980,141.064814,213.015767,138.577641
127.248872,141.937840,215.888840,142.279328,215.145276,335.285708,126.505309,334.944220
121.238016,142.845436,210.662240,144.904078,206.246120,336.733461,116.821897,334.674819
119.600159,143.592994,204.431222,146.323636,198.140994,341.738048,113.309931,339.007407
122.900395,132.523005,202.586509,139.777205,186.869076,312.430453,107.182961,305.176253
118.423660,138.384919,197.086178,144.447993,181.711955,343.913662,103.049438,337.850588
114.367420,136.673392,191.561379,140.558538,181.372034,343.010620,104.178075,339.125474
115.353193,134.319934,190.892508,139.217533,177.612482,344.045291,102.073167,339.147692
111.142677,138.807040,187.494046,142.947278,176.479452,346.070733,100.128082,341.930495
103.247071,139.242090,180.980569,141.477196,175.061676,347.327015,97.328178,345.091909
103.016576,137.986294,177.998572,140.399918,171.221860,350.926294,96.239863,348.512670
99.011766,143.009275,175.650958,143.477990,174.383694,350.687656,97.744502,350.218942
97.360937,144.379787,174.984959,144.769552,173.938367,353.204425,96.314345,352.814660
95.761543,146.604330,173.808313,146.732270,173.467141,354.856990,95.420371,354.729050
96.873797,145.351955,175.338178,146.179983,173.130103,355.418333,94.665722,354.590305
100.310017,146.236841,175.177238,147.887552,170.542551,358.091672,95.675330,356.440962
99.139568,147.432227,174.917745,149.115695,170.303796,356.804033,94.525619,355.120565
98.271873,149.016910,173.502223,149.795089,171.340616,358.768284,96.110266,357.990106
172.796046,359.428295,97.562306,359.737352,96.715262,153.541175,171.949002,153.232118
95.652850,153.394936,172.011323,153.765971,171.001284,361.630705,94.642810,361.259669
173.444217,358.491305,97.517592,359.776399,94.043078,154.493300,169.969704,153.208206
172.088950,357.706992,96.304493,359.078975,92.595058,154.180258,168.379515,152.808275
173.708310,361.347449,97.778800,362.448978,94.718997,151.533671,170.648508,150.432143
174.471202,361.642690,97.856156,363.029975,94.047429,152.686850,170.662474,151.299566
176.350879,361.902720,98.659739,364.333766,92.191419,157.619838,169.882560,155.188792
175.672169,361.559120,98.643215,363.648722,93.096272,159.171862,170.125226,157.082261
177.217563,360.416953,99.277120,363.957818,90.361729,167.714916,168.302172,164.174051
176.036186,364.770977,101.254012,366.900899,95.574219,167.481768,170.356394,165.351845
176.479959,363.049268,100.988273,364.950564,95.953358,165.037395,171.445044,163.136099
178.406761,364.881268,104.223448,368.148072,95.470880,169.392780,169.654193,166.125976
178.247016,365.725295,103.322499,367.976639,97.332316,168.623907,172.256832,166.372563
180.314309,366.280726,106.004217,369.741266,96.712029,170.204908,171.022121,166.744369
181.103270,368.198445,104.773460,372.399141,93.792693,172.870338,170.122504,168.669642
183.626391,367.680596,105.820837,372.213764,94.253442,173.675453,172.058996,169.142285
180.495941,368.801041,105.471916,372.269698,96.242811,172.652204,171.266835,169.183547
181.458920,370.153368,105.983538,373.317239,97.508883,171.151037,172.984265,167.987165
181.839081,369.272431,106.535527,373.001550,96.746589,175.329719,172.050144,171.600600
182.264339,369.340161,106.374512,373.430919,95.681129,175.052250,171.570955,170.961493
182.958612,368.527757,106.827109,373.548448,93.790930,175.873667,169.922434,170.852977
181.020324,369.315660,104.337909,372.343963,96.421820,171.893440,173.104234,168.865137
189.667597,366.338722,106.606111,371.780949,93.491236,171.616385,176.552722,166.174158
198.865541,333.104608,103.939310,338.702523,93.996744,170.102202,188.922975,164.504287
131.143458,155.673217,217.352359,184.981604,168.970260,327.294710,82.761359,297.986323
146.145906,151.382804,222.577381,192.151911,151.393225,325.603694,74.961750,284.834587
174.677377,150.896117,250.849025,216.216468,147.711628,336.487491,71.539981,271.167140
185.337614,150.836489,257.985309,219.191260,141.212575,343.297741,68.564879,274.942969
200.145735,146.740372,265.692060,218.020650,129.514813,343.243481,63.968487,271.963203
219.097441,151.677364,274.082532,237.662210,117.066727,338.069767,62.081636,252.084922
228.443899,155.171759,276.089778,257.968804,108.516514,335.638113,60.870635,232.841068
243.109230,170.082010,270.960535,277.380431,73.720791,328.577682,45.869486,221.279262
229.773879,158.093220,273.905997,262.924710,108.302629,332.640665,64.170510,227.809175
230.158208,157.111189,274.991180,272.186184,109.949410,336.486105,65.116438,221.411109
230.800385,154.955741,279.866376,274.890593,116.455139,341.743006,67.389148,221.808154
201.213184,141.136532,281.405482,248.917508,140.880918,353.472023,60.688620,245.691047
245.691914,163.868847,272.330223,294.936640,114.027564,327.110183,87.389255,196.042390
229.147742,147.784425,279.079104,255.239720,125.335374,326.679976,75.404012,219.224681
233.587744,148.172535,276.799568,242.667228,122.458236,313.246542,79.246412,218.751849
233.251360,149.797711,272.182992,229.691977,118.312553,304.671415,79.380922,224.777149
226.521354,148.409388,273.605186,233.072712,123.396063,316.608542,76.312231,231.945218
214.931838,142.283484,270.385486,215.731724,129.412252,322.166952,73.958604,248.718712
208.746504,140.515009,260.180152,201.874611,124.073399,315.963794,72.639751,254.604192
205.339055,139.682548,260.702002,201.820872,126.783200,321.137568,71.420253,258.999244
210.839579,144.531876,269.957402,223.266407,128.698391,329.330737,69.580568,250.596206
198.065941,138.117086,264.790514,206.876570,136.002910,331.852753,69.278337,263.093270
193.041205,138.841855,257.226014,199.908726,134.074490,329.348092,69.889680,268.281220
194.529476,138.504644,261.184521,206.415003,135.065282,330.202943,68.410237,262.292584
195.730847,139.846585,267.726060,213.181421,141.852834,336.755295,69.857621,263.420459
195.523222,140.975686,265.948559,210.105858,141.514251,336.871464,71.088914,267.741293
199.903955,142.750472,261.259055,212.854745,119.919796,336.554543,58.564696,266.450270
201.129856,143.333308,262.539569,216.878412,118.951508,336.773566,57.541796,263.228462
195.303352,140.556520,257.485258,205.350752,124.486572,332.987296,62.304666,268.193064
197.076364,143.827438,257.251759,208.720981,123.065111,333.151458,62.889717,268.257915
192.746724,142.157870,258.596286,208.095305,133.001170,333.523041,67.151609,267.585606
191.957995,141.471439,257.965091,206.755878,131.608110,334.511548,65.601014,269.227108
192.083881,143.067685,256.486451,207.675111,131.439819,332.325247,67.037249,267.717821
192.323954,142.224324,254.757973,206.176524,126.853574,331.044563,64.419554,267.092363
190.577147,142.829219,255.984935,208.974372,126.844399,336.675291,61.436611,270.530138
189.847301,143.657742,253.414456,205.367298,129.995344,332.501609,66.428189,270.792053
185.544493,142.302304,252.294439,201.347353,133.236389,335.941507,66.486443,276.896458
184.697671,143.624281,254.572720,204.743061,139.020027,336.850576,69.144978,275.731797
188.634059,145.062631,257.826925,209.605214,137.678424,338.410396,68.485558,273.867812
186.703009,145.826972,256.119087,208.489403,137.756717,339.608661,68.340639,276.946230
193.506400,150.120994,264.614457,222.078007,138.428970,346.774744,67.320913,274.817731
199.902921,154.472885,263.212809,224.784886,127.125065,347.320153,63.815177,277.008152
198.348608,151.975133,262.953431,219.990019,129.117687,347.115640,64.512864,279.100754
196.723876,152.894690,260.462904,217.096957,129.918295,346.699647,66.179267,282.497380
197.280634,155.327732,263.792194,225.690290,129.562083,352.573882,63.050523,282.211323
199.054648,155.915726,263.795708,223.577659,129.563163,352.015569,64.822103,284.353636
196.467491,155.262023,262.323271,221.156434,132.660074,350.743616,66.804294,284.849204
197.969568,155.304155,262.638306,221.485622,131.325872,349.796610,66.657134,283.615143
198.149508,157.464873,261.519964,223.688213,129.073284,350.429126,65.702827,284.205785
200.468489,159.962613,261.819423,224.807657,127.733061,351.668909,66.382128,286.823865
202.954986,161.005062,264.531858,228.684739,126.953497,353.857398,65.376625,286.177721
192.080085,156.608976,263.418231,217.327612,149.691263,350.945092,78.353117,290.226457
208.881727,164.762046,267.622893,236.216405,123.597700,354.616568,64.856534,283.162209
199.526487,158.646416,267.418315,220.933130,148.971451,350.038902,81.079623,287.752188
193.514608,157.966706,263.382276,216.357331,151.235202,350.547614,81.367534,292.156989
198.079875,159.879122,267.364699,220.153281,153.408866,351.144901,84.124043,290.870742
218.353642,157.962952,278.826567,228.301564,141.395741,346.456355,80.922817,276.117744
203.093556,161.054449,268.319472,219.847434,151.713384,349.212166,86.487469,290.419181
198.173883,159.777403,269.900227,223.266583,156.188262,351.731677,84.461918,288.242496
200.882091,158.628102,269.261818,220.673708,152.926307,348.885698,84.546579,286.840092
198.650552,157.754209,270.643901,219.545983,158.295222,350.442981,86.301873,288.651207
198.130793,157.440699,268.871667,216.260158,158.585182,348.899297,87.844308,290.079838
219.037008,156.070294,280.594102,226.903716,145.366661,344.421804,83.809567,273.588383
199.420342,158.832362,271.311701,218.874654,161.546886,350.301046,89.655526,290.258754
201.838404,159.850640,272.943659,222.141891,159.686838,351.424173,88.581583,289.132922
200.784764,158.332209,270.880456,217.661418,160.565209,347.995596,90.469516,288.666387
201.911065,160.366049,270.742987,222.042377,157.827864,348.057743,88.995942,286.381415
201.837783,157.901971,271.900939,218.951795,159.193571,348.299160,89.130415,287.249336
203.999008,159.963681,274.999182,223.742899,161.719676,349.847687,90.719501,286.068469
205.126867,158.560802,274.108426,219.559857,161.494785,346.910428,92.513226,285.911372
203.332705,156.627885,273.041468,214.603163,162.526093,347.485491,92.817331,289.510213
199.156140,156.500688,270.362186,212.357192,163.885725,348.093717,92.679679,292.237213
199.024368,157.668426,271.534633,215.050752,166.333702,347.986237,93.823438,290.603911
201.426424,158.268018,272.504294,217.146278,164.560817,347.455707,93.482947,288.577447
200.581540,156.331261,271.542356,213.409191,164.411473,346.597184,93.450657,289.519255
217.967581,156.159486,284.618134,224.482312,159.024702,347.001710,92.374150,278.678884
200.691129,156.554137,276.440146,216.600153,170.687463,350.008869,94.938446,289.962854
221.986229,155.435239,283.582337,220.137355,155.189073,342.367132,93.592965,277.665015
216.940893,152.929770,282.563042,214.659968,160.098294,344.845844,94.476145,283.115646
218.091586,152.434001,284.904151,215.308384,163.024578,344.821971,96.212014,281.947588
223.910946,148.813751,288.050872,212.659815,159.361149,341.941853,95.221223,278.095789
220.568274,151.098441,286.201619,213.736874,162.913276,342.919965,97.279931,280.281533
222.126671,148.921189,284.105496,208.913151,159.204199,337.951032,97.225373,277.959071
223.568004,147.953999,284.903336,209.257495,157.187719,337.039437,95.852387,275.735941
223.237662,146.298544,284.449640,208.385209,157.171978,333.869764,95.960000,271.783099
218.523813,144.475581,281.751673,204.280900,159.150769,333.898013,95.922909,274.092694
214.558742,141.693459,279.532844,201.285975,158.393960,333.364479,93.419858,273.771963
212.233809,139.133978,285.650844,207.413478,164.698586,337.466511,91.281551,269.187010
221.291435,142.836074,283.462455,217.078670,152.706837,326.573898,90.535817,252.331302
203.244677,142.102822,273.752461,213.059874,157.640921,328.436249,87.133136,257.479196
204.755194,141.623823,272.328723,213.975866,154.756653,323.782851,87.183124,251.430808
186.935343,138.020568,270.887040,200.824425,172.874960,331.839952,88.923263,269.036095
212.037580,131.342625,287.969104,215.408345,165.793591,325.762159,89.862067,241.696439
216.453594,132.692610,284.357992,220.420152,158.030331,318.202485,90.125933,230.474943
216.356765,134.857078,285.033906,230.196998,157.516763,322.052674,88.839622,226.712755
210.684456,133.009610,284.485057,224.922542,156.703664,327.523377,82.903063,235.610446
236.159838,147.315958,279.469337,238.778003,126.577561,311.175972,83.268062,219.713927
227.964643,148.236492,276.348356,236.964420,129.812839,316.870855,81.429126,228.142927
230.338204,150.285287,275.584468,231.166789,125.562327,315.091310,80.316063,234.209808
214.966687,146.501413,270.181273,223.193000,133.574383,321.543981,78.359798,244.852394
198.741664,153.152085,257.461548,229.198001,134.174987,324.395388,75.455104,248.349472
185.803552,148.189592,253.256680,218.936592,139.853400,327.059988,72.400272,256.312988
186.031490,149.828013,253.141974,227.386051,134.650527,329.915957,67.540042,252.357919
187.394625,150.180206,251.842658,227.695115,131.140872,328.049910,66.692839,250.535001
192.313297,154.720783,248.609231,238.965078,115.716821,327.769931,59.420887,243.525636
196.761516,155.223162,247.919934,241.037351,106.139969,325.559955,54.981551,239.745766
192.849045,154.953653,246.802030,243.760560,105.461460,329.629394,51.508476,240.822488
169.641819,144.769058,235.597335,211.979407,126.380519,319.157121,60.425002,251.946773
184.438377,150.060414,243.000870,237.070981,107.264385,328.428470,48.701892,241.417903
165.755566,144.278990,234.643799,211.989875,132.051549,316.365985,63.163316,248.655100
164.350175,140.871408,238.179242,210.547020,137.960895,316.739514,64.131828,247.063902
164.837009,143.229180,234.549401,213.408982,131.750818,315.522908,62.038427,245.343106
166.078854,140.934645,236.415500,209.533615,137.328099,311.130993,66.991453,242.532022
156.403676,142.716583,233.147892,205.643953,144.709426,313.500689,67.965210,250.573319
145.352604,141.661695,222.941469,189.061646,150.124152,308.256134,72.535287,260.856183
146.139819,143.611412,227.808877,194.922893,156.505910,308.411063,74.836853,257.099583
174.041067,147.505790,236.062365,234.156641,125.399832,313.364564,63.378535,226.713713
155.340111,141.172775,235.956912,200.670943,155.039403,310.309792,74.422602,250.811624
143.372537,141.083364,231.129553,194.367043,162.621966,307.197493,74.864949,253.913814
150.020603,141.459879,234.979428,196.365116,163.884187,306.375902,78.925362,251.470666
212.227811,281.288476,102.878800,308.363392,69.507392,173.584379,178.856403,146.509463
216.856059,285.447198,111.233227,320.777187,62.381884,174.730803,168.004715,139.400814
196.226378,313.539181,117.503941,323.490821,94.886576,144.576192,173.609013,134.624552
188.452698,299.614378,112.122298,306.503169,97.451727,143.947687,173.782127,137.058897
187.693441,294.862087,113.209824,306.554924,88.988947,152.267432,163.472564,140.574594
178.601192,313.046884,104.471863,318.261302,92.604567,149.553173,166.733897,144.338755
95.676040,145.189502,170.317338,147.816141,164.100961,324.467213,89.459663,321.840575
172.044630,322.416620,94.548646,323.205572,92.792592,150.714511,170.288576,149.925559
172.958065,321.123688,95.179676,323.755904,89.363327,151.890754,167.141716,149.258538
167.725885,318.848086,92.489940,324.394438,79.893140,153.519582,155.129085,147.973230
151.636246,322.556621,75.648290,323.909616,72.562514,150.603752,148.550469,149.250757
147.485705,286.748353,76.765682,298.984813,53.216268,162.882129,123.936291,150.645669
158.442070,318.445058,98.892845,335.249983,48.828173,157.842919,108.377397,141.037994
151.690803,311.397344,94.740375,326.572244,48.226006,152.006800,105.176435,136.831900
141.147514,290.888968,73.455170,302.538830,47.659048,152.648640,115.351392,140.998779
134.591459,284.345898,62.078844,296.127774,39.085183,154.611219,111.597798,142.829343
112.210415,141.710453,131.017439,203.456667,42.971912,230.274090,24.164888,168.527877
111.846683,133.487418,141.168639,203.682229,47.924785,242.632290,18.602829,172.437479
108.247088,125.485125,137.216251,178.456138,38.841512,232.256012,9.872349,179.284999
92.556075,113.354511,138.039522,163.292837,54.808978,239.098581,9.325532,189.160255
117.104550,110.638691,155.844799,180.870947,44.351092,242.371093,5.610843,172.138836
92.537228,104.727786,146.570113,163.666588,58.937421,244.004957,4.904535,185.066155
91.926121,269.374597,17.962664,270.899097,15.664537,159.401945,89.627995,157.877445
97.892556,258.522902,34.037513,271.026507,14.677092,172.154182,78.532135,159.650577
114.708731,234.384302,72.131909,268.974467,11.127437,193.884434,53.704259,159.294270
125.882072,239.481915,81.374095,279.329848,13.889692,203.953435,58.397669,164.105502
124.006093,261.631543,68.918770,285.936766,27.638471,192.375758,82.725794,168.070535
129.465135,264.287796,88.133809,298.918564,24.246013,222.669393,65.577339,188.038625
133.009721,202.465801,151.709754,256.757425,68.117887,285.549540,49.417854,231.257915
58.130758,150.272697,109.333536,150.460967,108.944012,256.397751,57.741233,256.209481
149.808541,136.553946,165.551293,198.136064,68.046274,223.062088,52.303522,161.479971
184.254602,229.678323,106.541343,235.952822,99.508388,148.845653,177.221646,142.571154
194.646410,199.237168,127.566806,247.531913,72.972747,171.702795,140.052351,123.408050
80.532215,142.128346,171.841796,165.570837,144.179657,273.316143,52.870075,249.873652
83.239169,142.823833,177.116533,167.154867,148.564809,277.317080,54.687445,252.986046
81.972274,141.260329,177.683803,154.572121,163.083773,259.546055,67.372244,246.234263
77.596296,134.713564,183.287779,150.956266,166.713594,258.804718,61.022111,242.562017
82.989767,136.779763,178.093435,137.087786,177.722323,251.670519,82.618655,251.362495
193.290458,236.221941,94.140669,265.804056,61.806729,157.431031,160.956518,127.848915
120.476177,144.873893,203.032455,185.107942,155.483125,282.674452,72.926847,242.440403
200.558634,173.027670,178.486412,259.755224,75.291601,233.492074,97.363822,146.764520
187.357586,154.232286,189.926675,246.446506,52.729910,250.268809,50.160821,158.054589
180.721983,146.304689,197.175525,238.245080,69.157259,261.155076,52.703717,169.214685
189.187699,175.582190,199.495065,236.566219,62.890839,259.654719,52.583473,198.670690
192.307026,174.918412,201.824696,234.055852,59.199106,257.010232,49.681436,197.872792
198.750983,181.143527,207.785519,234.001997,59.121074,259.411630,50.086538,206.553161
204.352904,182.815524,208.665538,242.921422,63.024323,253.371267,58.711689,193.265368
200.436122,171.312090,207.108317,239.559630,81.203373,251.868679,74.531178,183.621139
201.489971,172.508222,208.597504,239.475854,82.475132,252.861707,75.367599,185.894076
202.259551,172.979632,207.110251,242.041262,87.049262,250.474017,82.198563,181.412386
215.849642,204.629320,191.316674,264.821791,84.976643,221.480214,109.509611,161.287744
214.358171,201.463530,190.530598,261.728729,84.349056,219.746814,108.176629,159.481615
215.357126,197.929675,192.048765,265.501797,80.971305,227.186683,104.279666,159.614562
217.113749,198.388838,187.639728,271.690304,79.115479,228.053442,108.589500,154.751975
218.456014,200.523631,184.033486,275.043364,76.498681,225.370349,110.921209,150.850615
219.297309,197.951911,190.468470,269.216655,80.601990,224.772194,109.430830,153.507451
221.999403,200.837400,189.867309,271.962945,79.334367,222.027934,111.466461,150.902389
225.497955,199.460220,196.059557,260.671018,95.984760,212.541574,125.423158,151.330775
231.153281,200.984997,199.095063,262.085493,99.806756,209.990890,131.864974,148.890393
232.455009,236.517228,151.778285,285.746133,93.962943,190.997888,174.639667,141.768983
241.050129,234.535574,180.275120,274.394516,129.660590,197.219901,190.435599,157.360959
241.859618,243.079789,177.660218,274.012864,135.305699,186.109070,199.505099,155.175995
245.707081,239.036360,187.419684,266.849780,147.045365,182.239042,205.332762,154.425623
247.000016,244.272132,186.343437,265.678136,154.399092,175.159856,215.055671,153.753852
233.082478,254.761528,169.164190,255.821955,167.557955,159.004549,231.476243,157.944122
176.002069,152.669462,240.186977,159.115813,230.470738,255.858284,166.285830,249.411933
248.076896,252.404753,185.715072,261.691293,170.935086,162.439377,233.296909,153.152837
247.686965,253.121921,190.113041,258.593461,180.110381,153.341132,237.684305,147.869592
254.136154,249.108987,198.788115,256.649827,185.214602,157.023355,240.562642,149.482515
248.579045,255.105625,197.024560,257.852378,191.756196,158.969187,243.310681,156.222433
249.032223,255.241655,201.361706,258.530811,194.727645,162.381803,242.398162,159.092647
202.733566,136.089309,245.185385,137.288401,241.588110,264.643857,199.136291,263.444765
243.728852,273.547557,206.817452,273.990886,205.152504,135.368072,242.063904,134.924743
246.825169,286.665281,212.454883,287.374594,209.436182,141.101052,243.806468,140.391740
263.403935,297.964607,223.368773,300.316199,214.761944,153.787507,254.797106,151.435914
278.312124,298.428262,227.242739,304.827488,210.562788,171.712205,261.632174,165.312979
286.922482,297.319053,233.807024,307.110538,210.050634,178.240246,263.166092,168.448760
283.041172,301.907666,229.847608,310.740187,208.984585,185.093322,262.178148,176.260801
285.197439,301.367037,229.816413,311.126488,208.697600,191.285579,264.078627,181.526128
287.571783,309.164492,231.915010,318.248539,211.662053,194.161307,267.318826,185.077260
287.411010,318.170587,231.720892,324.887691,216.159601,195.872250,271.849720,189.155146
283.833619,332.227837,232.492699,336.033447,222.152927,196.541137,273.493847,192.735526
216.478241,192.235548,277.431101,195.002380,271.268609,330.761023,210.315750,327.994190
245.626044,190.958844,285.864402,202.159713,247.573061,339.718753,207.334702,328.517884
245.596993,182.906995,288.947433,196.051657,250.586481,322.564166,207.236040,309.419504
248.893182,203.742277,292.982890,231.897122,235.109042,322.525966,191.019334,294.371122
236.276690,216.388762,283.687941,230.787517,258.693875,313.086293,211.282624,298.687537
233.968552,223.255270,282.319610,230.156915,271.151494,308.397718,222.800436,301.496073
280.252438,301.577670,226.949558,310.226540,215.597916,240.266510,268.900796,231.617640
254.470132,224.938030,274.574563,293.433939,196.073634,316.474972,175.969202,247.979063
270.167210,221.374528,270.412666,292.871502,194.709987,293.131397,194.464531,221.634422
276.565395,269.813838,214.428426,296.127998,177.203516,208.226920,239.340485,181.912760
275.636356,270.289877,209.192755,281.825224,190.115065,171.937729,256.558666,160.402382
276.461559,273.000247,208.968961,281.031448,195.797791,170.343588,263.290389,162.312386
282.318732,268.158371,218.533094,287.723234,183.875335,174.731532,247.660974,155.166668
285.383557,249.294525,229.299649,291.182415,159.885431,198.243369,215.969339,156.355478
286.550254,240.170809,228.873867,282.954796,175.988106,211.660372,233.664493,168.876386
281.989584,258.082497,206.069262,266.403876,197.427829,187.563542,273.348151,179.242162
285.779854,250.047952,202.081916,267.661865,183.127815,177.595605,266.825753,159.981693
282.015921,248.586633,200.805114,267.459775,176.508655,162.912529,257.719462,144.039387
292.852843,211.182170,234.350803,273.758866,166.620732,210.439011,225.122772,147.862315
286.325445,194.881048,242.015471,271.850434,160.464574,224.902961,204.774548,147.933575
282.344806,237.970120,205.776220,267.578150,166.165477,165.141799,242.734062,135.533768
273.112315,248.186221,195.326163,267.534065,163.504050,139.596317,241.290201,120.248472
267.381452,252.712189,193.961702,263.119087,172.060620,108.608867,245.480370,98.201969
281.218698,271.410836,222.708691,286.385339,181.240837,124.357626,239.750844,109.383124
268.433321,283.357251,208.032520,285.871933,201.105283,119.484822,261.506083,116.970140
267.441797,288.356118,213.107968,290.022466,207.904879,120.367859,262.238708,118.701510
274.695417,295.131323,219.177964,299.984404,204.230476,128.990648,259.747929,124.137567
287.583385,293.132557,228.301107,302.684454,201.768059,138.011460,261.050337,128.459563
299.677005,297.530079,240.609605,309.033283,207.836326,140.746919,266.903725,129.243715
319.089155,308.667285,253.338898,325.359143,209.412955,152.332151,275.163212,135.640293
335.651012,303.144445,235.944114,331.825395,191.022144,175.657963,290.729043,146.977013
354.563844,305.337302,255.408453,339.880151,197.980966,175.034314,297.136357,140.491465
373.078808,300.533844,272.757736,342.721640,204.402825,180.176106,304.723897,137.988310
400.987258,296.046333,293.159091,342.176345,231.082902,197.074244,338.911068,150.944232
434.901832,294.425464,323.001567,356.056568,245.962686,216.181237,357.862951,154.550132
468.408594,293.070421,380.859200,374.737754,263.258240,248.666626,350.807634,166.999293
500.759316,310.052588,415.638290,393.051217,281.203891,255.179133,366.324917,172.180504
537.732786,308.769106,473.119632,415.546212,291.147381,305.430836,355.760535,198.653730
571.724606,321.169428,515.764493,412.473434,330.008068,298.623547,385.968182,207.319542
606.952148,327.127603,543.256301,431.445251,356.146869,317.197145,419.842716,212.879497
643.848334,353.504461,572.571544,442.751014,383.837031,292.018130,455.113821,202.771577
659.786365,383.737721,550.240098,467.054524,413.362493,287.085657,522.908760,203.768854
