1.824901
0.036082
0.035782
0.035838
0.035752
0.035753
0.035765
0.035671
0.035814
0.036135
0.046725
0.035886
0.035797
0.035858
0.036084
0.035840
0.036629
0.035635
0.035642
0.035628
0.045925
0.035617
0.035488
0.035421
0.035526
0.035558
0.035599
0.035598
0.035545
0.035452
0.045925
0.035574
0.035468
0.035608
0.035670
0.035649
0.035568
0.035577
0.035393
0.035432
0.045783
0.035458
0.035377
0.035489
0.035455
0.035391
0.035527
0.036197
0.035711
0.035675
0.045839
0.035490
0.035538
0.035772
0.036229
0.036000
0.036425
0.046853
0.036253
0.036347
0.047205
0.036596
0.036254
0.036152
0.036106
0.035701
0.035751
0.035677
0.035705
0.035794
0.046076
0.035872
0.035880
0.035741
0.035866
0.035854
0.036060
0.035848
0.035764
0.035698
0.045974
0.035804
0.035832
0.035802
0.035800
0.036497
0.035678
0.035666
0.035678
0.035834
0.046093
0.035829
0.035730
0.035762
0.035770
0.035718
0.035802
0.035874
0.035756
0.035716
0.046073
0.035764
0.035843
0.035633
0.035601
0.035644
0.035617
0.035578
0.035599
0.035573
0.046007
0.035630
0.035602
0.035554
0.035606
0.035525
0.035542
0.035482
0.035493
0.035516
0.045826
0.035584
0.035530
0.035559
0.035598
0.035499
0.035554
0.035480
0.035538
0.035444
0.045941
0.035695
0.035681
0.035702
0.035681
0.035513
0.036020
0.036006
0.036302
0.035993
0.046061
0.035703
0.035646
0.035537
0.035842
0.036001
0.035772
0.035779
0.035740
0.035638
0.045931
0.035777
0.035629
0.035621
0.035601
0.035601
0.035508
0.035649
0.035586
0.035578
0.045806
0.035458
0.035470
0.035342
0.035403
0.035540
0.035605
0.035667
0.035416
0.035573
0.046083
0.035473
0.035486
0.035280
0.035286
0.035188
0.035272
0.035446
0.035533
0.035905
0.045985
0.035610
0.037762
0.037641
0.037482
0.037597
0.037803
0.036876
0.036856
0.037323
0.047507
0.036956
0.037120
0.036741
0.036680
0.036489
0.036748
0.036028
0.045096
0.046144
0.046582
0.046734
0.036732
0.037256
0.037392
0.037470
0.037598
0.037762
0.037381
0.037479
0.048003
0.037868
0.037420
0.047859
0.037822
0.037433
0.037108
0.036978
0.047372
0.036774
0.046865
0.036753
0.036763
0.036912
0.036882
0.036910
0.047463
0.037035
0.037157
0.036865
0.047016
0.036752
0.046880
0.046556
0.046447
0.046283
0.046215
0.035758
0.035734
0.035664
0.046196
0.046053
0.035825
0.046154
0.046291
0.046438
0.046488
0.040992
0.036134
0.036204
0.046438
0.036264
0.036411
0.046751
0.046363
0.046018
0.046158
0.046094
0.046045
0.035881
0.046309
0.036196
0.036312
0.036124
0.036716
0.036377
0.036276
0.036398
0.036923
0.036959
0.047296
0.036844
0.037268
0.037185
0.036973
0.036890
0.036987
0.036878
0.037128
0.037375
0.045701
0.035423
0.035303
0.036291
0.036025
0.046618
0.036339
0.046438
0.035607
0.035412
0.045954
0.035786
