1.799626
0.035984
0.035642
0.035431
0.035448
0.035525
0.035594
0.035487
0.035355
0.035484
0.045807
0.035512
0.035487
0.035471
0.035455
0.035316
0.035283
0.035240
0.035374
0.035313
0.045635
0.035380
0.035456
0.035427
0.035461
0.035470
0.044874
0.035713
0.035545
0.035558
0.045636
0.035235
0.035097
0.035253
0.035573
0.035762
0.035706
0.035468
0.037248
0.035260
0.045610
0.035438
0.035416
0.035489
0.035507
0.035565
0.035509
0.035406
0.035512
0.035581
0.045815
0.035635
0.035548
0.035558
0.035539
0.035514
0.035413
0.035452
0.035306
0.035132
0.045588
0.035365
0.035131
0.035186
0.035294
0.035446
0.035228
0.035118
0.035061
0.034872
0.045098
0.034788
0.034799
0.034524
0.034651
0.034544
0.034480
0.034553
0.034627
0.034465
0.044688
0.034738
0.034398
0.034369
0.034622
0.034334
0.034514
0.034560
0.034667
0.034477
0.044740
0.034342
0.034402
0.034329
0.034527
0.034406
0.034465
0.034196
0.034130
0.034373
0.044579
0.034243
0.034169
0.034240
0.034274
0.034303
0.034846
0.034593
0.034307
0.034390
0.044694
0.034262
0.034223
0.034341
0.034291
0.034545
0.034256
0.034420
0.034531
0.034351
0.044578
0.034408
0.034378
0.034395
0.034324
0.034260
0.034265
0.034170
0.034323
0.034412
0.044698
0.034533
0.034489
0.034570
0.034548
0.034641
0.034644
0.034690
0.034550
0.034534
0.044816
0.034647
0.034635
0.034742
0.034647
0.034847
0.034657
0.034866
0.034889
0.034751
0.045096
0.034666
0.034716
0.034687
0.034761
0.034698
0.034624
0.034700
0.034633
0.034616
0.044908
0.034668
0.034710
0.034651
0.034662
0.034535
0.034436
0.044809
0.034574
0.034522
0.044938
0.034478
0.034666
0.034818
0.034664
0.034737
0.034694
0.034957
0.034808
0.034829
0.045327
0.035072
0.035281
0.035388
0.045715
0.035110
0.035020
0.034900
0.034861
0.034880
0.045022
0.034678
0.034689
0.034525
0.034639
0.034537
0.034647
0.034593
0.034595
0.034751
0.045171
0.034927
0.035258
0.035113
0.035375
0.035282
0.035573
0.035404
0.035395
0.035377
0.045544
0.035344
0.035363
0.035484
0.035542
0.035654
0.035576
0.035467
0.035213
0.035050
0.045431
0.034914
0.034827
0.034847
0.034765
0.034682
0.034808
0.034930
0.034796
0.034749
0.045148
0.034806
0.034697
0.035148
0.034732
0.034628
0.034561
0.034542
0.034604
0.034564
0.044856
0.034697
0.034556
0.034526
0.034528
0.034530
0.034461
0.034585
0.034329
0.034489
0.044838
0.045714
0.044711
0.044816
0.034772
0.034676
0.044934
0.045008
0.034835
0.045236
0.044826
0.034416
0.034483
0.034348
0.034528
0.034635
0.034704
0.034808
0.034826
0.034843
0.045279
0.034959
0.035033
0.034969
0.035161
0.035141
0.035326
0.035501
0.035551
0.035608
0.046125
0.035811
0.035984
0.035847
0.036092
0.035941
0.035770
0.035815
0.035494
0.035440
0.045599
0.035154
0.035039
0.034880
0.034811
0.034660
0.034646
0.034539
0.034573
0.034569
0.044730
0.034436
0.034338
0.034381
0.034354
0.034380
0.034375
0.034415
0.034372
0.034367
