1.798882
0.034804
0.034357
0.034175
0.034106
0.034153
0.034147
0.034139
0.034162
0.034312
0.044546
0.034239
0.034234
0.034355
0.034543
0.034788
0.034429
0.034169
0.034226
0.034179
0.044586
0.034470
0.034281
0.034135
0.034434
0.034530
0.034181
0.034456
0.034335
0.034491
0.044716
0.034332
0.034179
0.034269
0.034214
0.034148
0.034948
0.034164
0.034376
0.034221
0.044667
0.034265
0.034140
0.034105
0.034079
0.034102
0.034152
0.034519
0.034335
0.034425
0.044648
0.034343
0.034219
0.034071
0.034228
0.034192
0.034337
0.034219
0.034271
0.034251
0.044534
0.034328
0.034202
0.034257
0.034270
0.034170
0.034285
0.034336
0.034384
0.034348
0.044485
0.034208
0.034180
0.034176
0.034058
0.033991
0.034055
0.034119
0.034191
0.034006
0.044416
0.034228
0.034134
0.034153
0.034576
0.034147
0.034133
0.034092
0.034298
0.034321
0.044768
0.034289
0.034366
0.034356
0.034253
0.034162
0.034085
0.034050
0.034351
0.034233
0.044574
0.034333
0.034313
0.034322
0.034222
0.034220
0.034189
0.034320
0.034119
0.034240
0.044536
0.034389
0.034087
0.034041
0.034210
0.034096
0.034114
0.034054
0.034173
0.033998
0.044223
0.033918
0.033898
0.033959
0.033973
0.033964
0.034298
0.033832
0.033849
0.033853
0.044120
0.034023
0.033968
0.034011
0.033968
0.034021
0.034111
0.036910
0.033958
0.034072
0.044453
0.034168
0.034074
0.034215
0.034106
0.045419
0.034218
0.044533
0.044508
0.034096
0.044389
0.034333
0.034107
0.044672
0.034242
0.034401
0.044645
0.034497
0.034234
0.034163
0.044431
0.034173
0.034048
0.034113
0.034011
0.034081
0.034222
0.034166
0.034370
0.034450
0.044642
0.034447
0.034280
0.034491
0.034197
0.034166
0.034120
0.034143
0.034205
0.034142
0.044471
0.034196
0.034112
0.034105
0.034136
0.034165
0.034098
0.034150
0.034186
0.034298
0.044612
0.034399
0.034477
0.034395
0.034406
0.034428
0.034536
0.034161
0.033993
0.033916
0.044793
0.034652
0.034634
0.034713
0.034809
0.034784
0.034794
0.034759
0.034977
0.034949
0.045297
0.035195
0.035110
0.034971
0.034982
0.035490
0.035666
0.035712
0.035596
0.035192
0.045408
0.035339
0.035714
0.035156
0.035052
0.035066
0.034859
0.034792
0.035025
0.034861
0.045124
0.035078
0.035218
0.035065
0.035055
0.034914
0.034863
0.034805
0.034854
0.035042
0.045744
0.035505
0.035946
0.035935
0.035708
0.036053
0.035824
0.035616
0.035880
0.035737
0.045738
0.035897
0.035467
0.035059
0.035021
0.034848
0.034755
0.034589
0.034689
0.034606
0.044870
0.034641
0.034592
0.034751
0.034671
0.034653
0.034623
0.034588
0.034598
0.034549
0.045265
0.034730
0.034724
0.034520
0.034683
0.034647
0.034457
0.034374
0.034331
0.034377
0.044834
0.034433
0.034243
0.034397
0.034400
0.034449
0.034595
0.034682
0.034725
0.034931
0.045230
0.034845
0.034776
0.034948
0.035257
0.035323
0.035190
0.035501
0.035249
0.035020
0.045246
0.034807
0.034736
0.034731
0.034749
0.034735
0.034759
0.034624
0.034750
0.034637
0.044914
0.034666
0.034730
0.034747
0.034660
0.034488
0.034484
0.034481
0.034564
0.034629
0.045124
0.034633
0.034630
0.034846
0.034907
0.034957
0.035115
0.035267
0.035280
0.035540
0.045704
0.035300
0.035212
0.035281
0.035305
0.035202
0.035108
0.035103
0.035002
0.034971
0.045296
0.035064
0.034960
0.035033
0.035135
0.035179
0.035109
0.035296
0.035517
0.035146
0.045585
0.035258
0.035312
0.035214
0.035366
0.035498
0.035516
0.035345
0.035199
0.037030
0.046156
0.035269
0.035316
0.035403
0.035322
0.035495
