182.560000,23.644000,230.880000,18.812000,234.440000,54.356000,186.120000,59.188000
224.497763,15.070694,235.519422,48.479278,188.155354,64.104920,177.133696,30.696336
225.795411,16.875305,235.345395,50.100361,187.501314,63.852337,177.951331,30.627282
226.187060,20.338621,234.236464,52.618369,184.711371,64.968141,176.661966,32.688393
224.969999,21.678060,232.141053,53.230185,183.701874,64.239267,176.530821,32.687142
225.331786,24.808473,231.569611,55.535876,181.527840,65.694619,175.290015,34.967216
225.606258,23.582368,234.024862,54.587369,182.208285,68.656817,173.789681,37.651816
224.861756,27.629231,231.328148,59.521955,181.018499,69.722461,174.552107,37.829737
225.584714,28.158981,232.389945,59.227083,181.060036,70.470507,174.254806,39.402405
226.716991,29.152992,233.919405,59.577727,180.565884,72.208048,173.363469,41.783313
226.870800,31.173487,233.529864,65.019425,178.644559,75.817907,171.985495,41.971969
229.152009,32.410778,235.594605,66.574232,177.744488,77.483694,171.301893,43.320239
227.471168,31.537745,235.745196,64.104683,180.051011,78.254470,171.776984,45.687532
231.159968,30.820575,240.272087,62.656795,178.940544,80.211023,169.828426,48.374803
228.488412,33.684438,237.327310,65.838026,177.966840,82.155992,169.127942,50.002404
224.602984,40.010685,228.250928,73.667736,176.470849,79.279958,172.822905,45.622907
225.873290,41.427081,229.140665,77.895588,176.901993,82.575882,173.634618,46.107375
224.629118,42.018063,229.762869,76.994877,177.064468,84.729728,171.930717,49.752913
224.961332,43.072580,231.099679,75.743114,177.122276,85.884730,170.983930,53.214196
223.954330,43.150368,230.305279,77.251514,176.785426,87.218975,170.434477,53.117830
225.493814,44.043975,231.850094,77.842094,177.106663,88.137477,170.750383,54.339359
221.916950,45.786327,228.452479,79.361895,177.379784,89.303262,170.844255,55.727694
222.859683,45.736927,230.816559,76.901249,178.876021,90.162711,170.919144,58.998388
222.727709,48.031240,229.503991,82.050421,177.096065,92.489559,170.319782,58.470378
222.249081,49.092278,230.388690,83.405702,179.382249,95.505121,171.242640,61.191697
222.113356,49.544015,230.059737,84.143221,177.917272,96.118753,169.970891,61.519547
221.133111,51.282534,228.063812,86.333051,177.490923,96.333062,170.560223,61.282545
222.045451,50.603093,229.769970,85.604610,177.740688,97.087003,170.016169,62.085486
232.926523,49.527032,240.183664,84.325225,177.049800,97.491752,169.792659,62.693559
222.976084,56.197407,227.791664,90.927640,175.696315,98.151011,170.880735,63.420777
222.647482,56.479724,227.584295,90.987751,175.572197,98.428745,170.635384,63.920718
221.542480,57.002097,225.945001,90.001383,174.504937,96.864136,170.102417,63.864850
225.789284,59.556896,225.638546,94.908137,172.847359,94.683035,172.998097,59.331794
222.843989,58.265972,225.132299,93.457277,174.247574,96.766050,171.959264,61.574745
223.265602,58.460791,225.393829,93.662140,173.543194,96.796961,171.414967,61.595612
222.955529,58.725603,224.434242,93.483225,171.583611,95.731678,170.104899,60.974056
222.893708,58.775889,223.872563,93.449575,171.862034,94.917858,170.883179,60.244172
222.959608,58.685392,224.450118,93.223558,173.333633,95.429513,171.843123,60.891348
225.009657,61.169273,222.567432,95.261597,171.201664,91.581978,173.643889,57.489654
225.499788,61.794677,223.722142,94.371212,172.595081,91.581295,174.372727,59.004760
226.253718,61.951463,221.943080,96.118110,172.041792,89.822310,176.352431,55.655662
225.931088,61.492774,222.487381,95.558739,173.181380,90.574426,176.625086,56.508462
225.519732,60.273967,222.622393,95.571923,173.205254,91.515649,176.102593,56.217693
226.883413,61.145326,223.817660,95.498383,173.849577,91.039107,176.915330,56.686050
228.408537,60.273463,226.264788,95.833904,175.591159,92.779060,177.734909,57.218619
230.119854,61.512387,227.447797,95.516940,176.440969,91.508855,179.113026,57.504302
232.326585,66.296599,222.488504,101.142769,174.850702,87.693240,184.688783,52.847070
228.153678,57.279951,230.726210,92.451621,179.869876,96.171364,177.297344,60.999694
228.822450,59.108845,228.726884,94.848301,179.768726,94.717389,179.864291,58.977933
227.627455,56.742879,230.445474,92.324169,182.387628,96.130325,179.569609,60.549035
237.789583,63.679546,232.040595,99.515606,179.915416,91.153443,185.664404,55.317382
230.642220,56.186811,233.234078,92.813972,184.886227,96.235225,182.294368,59.608065
232.029104,54.826321,234.606519,92.963283,185.307519,96.295064,182.730104,58.158101
230.040993,54.506678,232.957756,91.976659,186.805707,95.569258,183.888944,58.099277
230.454615,53.071992,235.658760,90.561464,189.886730,96.915362,184.682585,59.425890
236.594209,57.685884,233.201734,95.824361,187.172538,91.729994,190.565013,53.591517
235.676815,54.600762,235.765051,93.306391,191.405792,93.407515,191.317556,54.701887
235.856557,52.885055,238.294100,90.817233,194.821267,93.610822,192.383723,55.678644
236.059285,51.261119,240.160561,87.107995,197.566037,91.981276,193.464761,56.134400
231.654741,91.586550,198.165415,92.913997,195.782817,32.804949,229.272144,31.477502
235.242281,89.719543,199.818293,93.164937,194.017820,33.527084,229.441808,30.081690
237.771201,88.216751,202.585286,93.269642,194.163800,34.626451,229.349715,29.573559
202.161954,30.221612,235.977024,30.950153,234.669934,91.618366,200.854865,90.889824
240.113564,87.244179,205.518822,92.554908,196.718185,35.226479,231.312926,29.915750
243.680770,78.384188,212.885482,93.422149,195.269585,57.347669,226.064873,42.309708
237.849992,88.162949,204.794395,89.804957,201.811028,29.746197,234.866625,28.104189
237.902450,89.011682,204.321237,90.180917,202.101386,26.425280,235.682599,25.256045
206.150144,2.289047,236.264032,2.493583,235.667758,90.283225,205.553870,90.078689
238.029228,87.035714,206.415915,88.580667,203.273639,24.282403,234.886952,22.737451
211.104383,26.056142,241.398481,30.545939,232.418885,91.134134,202.124788,86.644337
205.933870,44.587525,236.933792,44.656949,236.832910,89.703711,205.832988,89.634287
209.797610,43.952486,240.375574,48.281019,234.173496,92.094222,203.595532,87.765688
207.493598,43.441884,237.670907,44.226246,236.477311,90.148237,206.300003,89.363874
238.634982,89.041273,209.152764,91.485135,205.641864,49.130400,235.124082,46.686538
239.595099,87.452905,210.545913,91.214090,205.056616,48.817980,234.105802,45.056795
239.052055,89.052676,209.399191,90.251387,207.671178,47.505050,237.324043,46.306339
241.475154,87.545679,211.146237,90.234996,207.469703,48.772679,237.798620,46.083363
242.533833,87.780699,213.304912,91.593565,208.006515,50.976753,237.235435,47.163888
240.543724,89.089482,210.979729,90.158954,209.308677,43.965211,238.872673,42.895738
210.469090,49.267687,241.504875,49.871917,240.734482,89.442543,209.698696,88.838313
246.849561,84.080241,217.458759,91.749751,207.800858,54.739112,237.191660,47.069602
248.925838,81.455692,220.323345,92.872563,206.651290,58.620196,235.253782,47.203325
249.437933,82.466277,219.476196,90.672069,209.712343,55.021394,239.674080,46.815603
217.631617,47.791983,248.775100,52.023851,243.655063,89.703621,212.511579,85.471753
218.117892,47.787243,249.520868,49.144474,247.796387,89.044725,216.393411,87.687495
223.268329,33.178141,255.538885,39.990510,244.799385,90.864094,212.528828,84.051724
254.328879,80.531565,224.571147,90.174905,213.174473,55.006676,242.932205,45.363337
222.821986,40.941622,253.325553,43.971212,248.838692,89.147381,218.335125,86.117791
256.126315,86.163258,223.313501,88.641268,219.672967,40.434789,252.485781,37.956778
254.081617,85.841785,223.094699,85.902992,222.989891,32.843200,253.976810,32.781993
224.800059,29.933726,253.370714,32.277958,248.792137,88.080020,220.221481,85.735788
229.927532,28.771347,258.036855,34.012386,247.726615,89.309415,219.617292,84.068376
233.984344,18.856317,263.108170,25.652387,248.383352,88.754010,219.259526,81.957940
231.706163,23.086003,262.167492,30.922231,248.038536,85.844931,217.577207,78.008704
234.217798,24.668948,265.320172,34.622489,248.127692,88.344772,217.025318,78.391230
255.313428,84.377795,222.790250,84.507648,222.581355,32.187753,255.104534,32.057900
257.773899,79.288998,225.003385,84.262895,219.155694,45.735399,251.926209,40.761501
224.690912,39.990981,256.633683,44.506940,251.048155,84.015104,219.105384,79.499145
261.462578,71.703853,229.783039,85.896696,213.939866,50.533489,245.619405,36.340647
256.394562,76.856396,223.407554,82.930993,214.219725,33.038144,247.206733,26.963547
256.595519,76.527894,219.952841,81.427137,212.953922,29.080453,249.596601,24.181210
215.959034,24.026221,252.113470,24.388431,251.570155,78.620084,215.415719,78.257875
217.395562,19.734323,253.370108,21.559838,250.559775,76.941704,214.585229,75.116189
220.710900,15.175826,249.865303,17.265088,245.686780,75.573892,216.532377,73.484631
217.263301,20.127699,248.765289,21.217512,247.034408,71.250081,215.532421,70.160268
247.238122,64.359922,214.152861,68.922942,208.373036,27.014945,241.458297,22.451925
243.146618,58.764426,218.793175,68.306922,206.018544,35.704732,230.371987,26.162236
251.396475,46.087334,233.952204,72.534735,204.826585,53.323956,222.270856,26.876555
248.647918,50.562447,225.390574,70.165242,202.602325,43.128580,225.859669,23.525785
246.799963,54.846390,215.528795,63.228197,204.153486,20.788755,235.424653,12.406948
244.976506,59.533247,215.032661,65.164488,207.599424,25.638612,237.543269,20.007371
246.947505,48.823685,218.833265,64.302649,201.394939,32.629645,229.509178,17.150681
248.978122,35.065240,235.852040,61.251261,206.481232,46.528764,219.607314,20.342743
247.536526,46.919416,221.671059,63.548911,202.202381,33.267390,228.067847,16.637894
247.735190,45.968009,219.166195,59.938873,203.895715,28.712298,232.464710,14.741434
245.146487,55.044390,217.196468,59.641296,210.458538,18.673459,238.408558,14.076554
215.623202,13.479330,244.982577,16.105133,240.992721,60.716131,211.633346,58.090328
244.146270,52.823002,211.317577,59.508913,203.181710,19.560744,236.010403,12.874834
244.103606,53.838898,217.039361,58.412161,210.246720,18.213796,237.310966,13.640533
242.661309,53.755813,217.503619,56.088724,213.898212,17.208658,239.055901,14.875748
215.937857,16.567124,231.614923,16.590211,231.557476,55.600585,215.880409,55.577499
218.126572,13.581245,232.967665,14.826339,229.666717,54.172491,214.825624,52.927396
218.275926,11.836256,233.340701,12.771062,230.922399,51.742978,215.857625,50.808173
218.907995,12.105567,232.957448,12.711183,231.315558,50.800811,217.266105,50.195196
220.720060,8.352912,235.517313,9.526880,232.277164,50.367300,217.479910,49.193332
222.115444,5.928232,236.117073,7.235253,231.960748,51.760432,217.959120,50.453411
221.011801,10.154445,237.337946,12.375727,232.115987,50.756489,215.789841,48.535208
219.813572,9.834060,235.817089,10.304041,234.664305,49.557951,218.660788,49.087970
221.778449,8.417883,237.336911,9.677580,234.374291,46.268778,218.815829,45.009082
222.310093,8.828801,237.895522,8.954676,237.573105,48.875250,221.987676,48.749374
239.428760,45.818764,224.678974,46.378858,223.300279,10.071692,238.050065,9.511597
223.828149,9.610581,240.585467,10.684063,238.126846,49.063727,221.369528,47.990244
244.285197,49.969102,222.303138,52.614159,217.792977,15.131929,239.775036,12.486872
245.506742,50.282402,224.202916,52.025281,220.862398,11.192948,242.166224,9.450069
256.735266,48.923731,225.301320,51.769511,221.610259,10.998750,253.044204,8.152969
250.845485,52.941607,229.548414,54.092133,227.229661,11.170346,248.526731,10.019819
247.168949,56.215274,232.726046,56.479123,231.873141,9.791600,246.316043,9.527751
250.835310,58.406615,235.153929,59.067774,233.143467,11.383575,248.824847,10.722416
250.965593,63.269943,236.605251,63.918955,234.601780,19.589205,248.962121,18.940193
256.589678,69.497155,238.794424,70.280799,236.743891,23.716551,254.539145,22.932908
259.643827,69.070070,234.594695,74.472072,224.581228,28.039536,249.630359,22.637533
233.876959,24.829293,255.202375,25.169177,254.407570,75.037843,233.082153,74.697959
256.566033,77.388696,238.695847,77.803495,237.403591,22.130991,255.273777,21.716192
235.238517,29.813508,261.049978,33.422164,252.930501,91.497951,227.119041,87.889294
244.109782,32.204645,265.344414,33.762038,261.172826,90.640517,239.938194,89.083124
254.187446,31.348546,279.638674,41.743516,259.601993,90.801679,234.150766,80.406709
256.585679,40.940009,277.943638,52.567069,253.286253,97.860672,231.928294,86.233612
246.427657,45.662877,267.110425,46.883423,264.453944,91.898858,243.771176,90.678312
248.953158,50.837066,268.854590,53.203794,261.390295,115.969849,241.488862,113.603121
248.314613,50.850448,266.961215,52.086123,262.475177,119.781395,243.828575,118.545720
248.765283,57.465104,267.981376,59.637880,260.029939,129.960604,240.813846,127.787828
228.319327,72.037609,263.550367,72.264510,263.222318,123.200954,227.991278,122.974053
246.213417,72.607026,264.760840,75.015339,257.879944,128.007977,239.332521,125.599664
289.076296,110.712466,264.572019,138.037542,229.080828,106.210147,253.585105,78.885071
241.596671,81.581878,264.160458,82.386398,262.204369,137.247370,239.640582,136.442850
260.669667,145.662428,242.085122,146.047860,240.695772,79.057057,259.280318,78.671625
241.822091,87.653034,286.904390,102.860410,270.972854,150.089485,225.890555,134.882110
264.878579,139.502801,242.909332,143.866540,233.160554,94.786308,255.129800,90.422569
268.313398,154.725808,244.987130,160.438555,229.896854,98.821999,253.223122,93.109252
265.252225,154.583399,242.935611,156.465435,238.117599,99.334901,260.434213,97.452865
267.232319,159.540559,242.302075,161.927708,236.475815,101.081013,261.406058,98.693864
238.612736,105.452606,270.707444,106.906108,268.258392,160.983493,236.163684,159.529991
235.420552,111.516844,264.966431,112.508024,263.314464,161.751156,233.768584,160.759975
261.318362,162.787246,237.402486,162.981632,236.985946,111.733325,260.901822,111.538939
259.484557,164.926595,234.826649,166.134998,232.490403,118.463043,257.148311,117.254640
258.663551,171.791745,233.340393,173.641475,229.783221,124.943094,255.106379,123.093364
265.032975,177.014720,241.954743,183.090370,228.860670,133.352799,251.938902,127.277150
267.354795,182.019871,238.756157,188.341821,226.661992,133.631381,255.260631,127.309432
261.835973,184.800701,235.485870,189.223781,225.976247,132.571058,252.326351,128.147978
259.616015,190.192787,239.240196,193.389135,229.433220,130.872419,249.809039,127.676071
257.399175,191.971042,233.086702,194.361296,227.088516,133.350752,251.400988,130.960498
258.126181,192.391161,233.745035,196.826254,222.230851,133.529047,246.611998,129.093954
254.395846,193.237548,233.340403,195.691121,225.812395,131.089196,246.867837,128.635623
257.194294,195.355598,228.100646,201.766765,214.094713,138.208334,243.188360,131.797168
251.783397,196.429231,228.257691,198.383915,223.231361,137.889243,246.757067,135.934559
249.707738,196.458254,227.491007,198.711762,221.420331,138.862608,243.637063,136.609099
248.443415,197.864276,222.460094,200.262359,217.424119,145.697385,243.407440,143.299301
248.971291,198.877255,221.977221,203.170420,213.189648,147.916933,240.183718,143.623767
251.107510,201.247056,223.119605,207.448260,210.329623,149.723205,238.317528,143.522001
249.310071,200.332697,219.326060,205.745998,209.415555,150.852194,239.399566,145.438893
248.649659,204.115267,221.302096,208.235825,212.305545,148.526981,239.653107,144.406423
247.189539,205.372961,221.093016,209.572662,212.114345,153.780093,238.210869,149.580393
247.526230,206.983884,221.602097,212.006770,211.137752,157.998160,237.061885,152.975274
247.035085,207.431771,221.124445,213.625449,209.136682,163.475823,235.047322,157.282146
247.860638,208.473772,220.235698,216.437765,205.692754,165.992223,233.317694,158.028229
247.725739,211.040436,217.354649,219.397880,203.309500,168.357575,233.680590,160.000131
249.390101,211.882225,216.447394,223.377171,198.981049,173.321369,231.923756,161.826424
250.812028,214.327309,216.397067,226.471456,197.944273,174.178593,232.359234,162.034447
251.444929,216.699763,213.286183,231.102725,193.789491,179.448814,231.948236,165.045852
253.714177,214.476372,215.235055,234.177084,191.261900,187.353092,229.741022,167.652381
257.468180,204.016946,227.763677,238.613297,186.248056,202.967894,215.952558,168.371543
258.110809,203.049016,226.737996,239.956878,186.927268,206.116540,218.300081,169.208678
256.934128,193.948444,237.631861,237.933369,186.919830,215.678991,206.222097,171.694066
254.603094,188.302146,242.797308,235.319170,188.589445,221.707793,200.395231,174.690769
250.702443,184.544293,246.759559,233.549993,188.741315,228.881981,192.684200,179.876281
249.549570,183.956064,245.908776,233.092197,188.773736,228.858716,192.414531,179.722582
245.137301,180.797358,248.377707,230.880139,188.619844,234.746533,185.379437,184.663752
242.442197,181.375227,245.121500,232.367386,186.421224,235.451700,183.741921,184.459542
240.967132,179.989899,246.801407,229.897433,188.673807,236.692648,182.839533,186.785113
232.413331,175.982021,249.274517,226.063577,194.128534,244.629828,177.267347,194.548271
234.816014,178.617492,247.047107,229.115697,188.915452,243.195677,176.684359,192.697472
235.697495,178.246455,245.016111,230.896912,182.682811,241.929296,173.364196,189.278839
234.343714,178.488577,244.664606,228.470566,175.786987,242.693259,165.466094,192.711270
232.898046,179.994584,243.120471,232.615005,174.650526,245.916475,164.428100,193.296054
232.005425,182.179856,240.378429,235.553126,169.431033,246.683095,161.058030,193.309824
228.617890,182.749687,239.336483,236.413673,166.652350,250.931261,155.933758,197.267275
226.781550,185.910184,234.472265,242.233899,165.255169,251.685138,157.564455,195.361423
221.122111,183.910281,234.498806,238.047782,155.575462,257.548747,142.198767,203.411247
219.266849,185.824182,231.771789,240.666584,159.791137,257.079317,147.286197,202.236916
218.132235,189.201446,228.987813,245.563997,149.081413,260.954183,138.225835,204.591633
215.837075,190.365143,227.870985,244.347376,148.356614,262.073000,136.322704,208.090767
211.822778,191.386205,225.007310,247.199027,145.999549,265.862846,132.815017,210.050023
210.444807,193.407181,221.641769,243.288314,139.002877,261.838504,127.805915,211.957371
211.601996,194.865117,221.385149,246.079712,139.153265,261.787872,129.370112,210.573278
209.040559,195.074492,220.518641,246.661952,140.664080,264.429395,129.185997,212.841935
204.886246,196.315106,221.310938,247.346416,152.803153,269.396003,136.378460,218.364694
190.549820,192.567603,220.302715,239.418593,164.341810,274.956773,134.588915,228.105783
187.220786,193.513613,219.301750,238.252228,164.976289,277.207684,132.895325,232.469069
191.960421,197.416143,216.153400,245.010876,152.220177,277.508908,128.027198,229.914175
201.727243,206.311060,208.674057,256.835725,135.255403,266.930314,128.308589,216.405649
190.829805,199.022256,210.750094,248.186807,142.622073,275.790635,122.701785,226.626085
164.539042,194.372130,210.435740,232.481988,168.193488,283.355437,122.296790,245.245579
136.948122,188.687866,207.613488,204.894533,191.069183,277.032094,120.403817,260.825428
191.932793,201.413850,209.270322,251.726555,138.682348,276.050849,121.344819,225.738144
176.221871,196.803819,210.102654,240.053185,153.226776,284.608734,119.345993,241.359369
193.575024,205.462957,207.104053,255.960701,131.011561,276.346908,117.482533,225.849164
191.691952,203.806011,208.650259,254.769534,134.583272,279.415606,117.624966,228.452083
190.852930,207.251656,207.655326,258.683378,134.088432,282.717186,117.286035,231.285463
190.071957,208.028110,206.805134,261.415095,131.282083,285.086419,114.548905,231.699435
189.025433,209.854342,204.665619,259.340021,125.352956,284.407168,109.712770,234.921490
187.747927,212.890060,202.200154,262.385763,123.144519,285.469181,108.692291,235.973479
195.413066,227.818624,183.200526,285.389105,111.415111,270.161123,123.627651,212.590642
159.590443,202.557037,197.955409,254.023854,136.800721,299.610461,98.435755,248.143644
173.994442,215.495070,193.875226,264.858139,120.199004,294.530952,100.318219,245.167883
171.178929,216.453227,190.033467,264.839163,113.597713,294.623868,94.743175,246.237932
168.131630,217.739190,187.826438,265.420341,114.942393,295.525261,95.247585,247.844110
170.825737,218.570025,186.762176,268.160812,109.319031,293.047854,93.382592,243.457068
164.971635,215.711604,183.082116,268.008268,111.768482,292.704379,93.658001,240.407714
162.262760,215.048651,182.708634,266.252952,112.707818,294.204273,92.261944,242.999972
134.637114,206.955781,179.945688,252.788816,127.138061,304.992173,81.829487,259.159138
150.589798,216.123330,178.242823,263.756408,115.367161,300.258401,87.714135,252.625324
109.914486,205.036078,175.664349,231.609168,142.736826,313.081825,76.986962,286.508735
101.097562,201.968790,174.770131,221.156321,153.541374,302.666396,79.868805,283.478866
172.428640,265.483920,119.963113,295.532105,71.716731,211.291681,124.182258,181.243496
177.083476,263.347100,124.654236,303.599393,64.275796,224.955533,116.705036,184.703240
173.768028,246.713036,134.527471,290.855505,62.358038,226.700308,101.598595,182.557839
172.077329,248.470994,134.551805,290.970329,63.239360,228.003773,100.764884,185.504437
168.088415,253.733473,131.089767,290.205753,67.743174,225.944944,104.741822,189.472663
169.802194,271.626404,113.834130,301.207806,68.448966,215.338996,124.417029,185.757594
174.699637,246.766251,133.780131,296.661542,67.721576,242.486421,108.641083,192.591129
98.567916,214.028876,159.070936,224.399699,144.464142,309.615220,83.961123,299.244397
144.986301,213.696842,157.384550,268.082790,63.808728,289.415070,51.410480,235.029123
157.193577,239.505264,131.808807,289.771665,66.018958,256.547481,91.403728,206.281080
155.304315,229.140703,135.764085,282.287387,68.592581,257.590708,88.132811,204.444024
142.238644,219.741412,138.969104,276.449320,67.338062,272.319374,70.607603,215.611466
149.225126,233.994843,125.507131,286.237999,67.459180,259.884672,91.177174,207.641516
145.651398,240.844309,122.683740,286.671342,65.399948,257.961769,88.367606,212.134736
138.212971,225.174636,125.206696,277.391701,67.394945,262.991897,80.401220,210.774831
130.885741,223.098546,125.305368,275.324698,61.123832,268.466891,66.704205,216.240739
134.733681,225.090551,136.144764,271.756722,66.145508,273.873347,64.734425,227.207176
138.025355,243.085113,114.402942,286.205209,60.502821,256.677192,84.125235,213.557096
142.107485,229.159448,140.544615,275.247540,70.199632,272.862106,71.762502,226.774014
119.719378,223.644002,134.013026,267.224406,72.175966,287.505934,57.882318,243.925530
148.443931,242.354501,147.466089,279.195693,55.665086,276.759101,56.642928,239.917909
153.267815,247.223200,150.352199,281.905551,62.700440,274.536994,65.616056,239.854643
139.546567,252.725462,123.312561,289.317237,78.322673,269.357394,94.556680,232.765618
158.780856,248.111471,157.372505,279.955343,75.577462,276.337814,76.985813,244.493942
151.033657,237.447965,153.719115,275.352955,79.685930,280.597990,77.000472,242.693000
153.202990,238.484912,156.151919,274.463219,86.056251,280.208547,83.107322,244.230240
133.687728,234.031186,147.546383,269.234862,100.791501,287.640889,86.932846,252.437213
130.566735,218.649227,157.616210,263.425600,122.950631,284.367129,95.901156,239.590756
169.809141,253.547279,151.353617,285.025578,81.796729,244.244825,100.252253,212.766525
182.159567,262.524894,160.643546,288.965194,108.724410,246.715553,130.240431,220.275252
133.915052,228.937611,160.211496,237.519761,148.159966,274.446683,121.863522,265.864533
200.776766,239.404968,194.762703,276.820543,110.027431,263.200458,116.041494,225.784884
204.300047,245.895389,197.691329,280.424895,124.603876,266.436442,131.212593,231.906937
206.329878,238.579773,205.883217,275.873974,136.708491,275.045490,137.155151,237.751290
200.415376,230.320538,213.392030,257.925162,169.641305,278.491935,156.664650,250.887311
208.511343,242.688959,205.610674,272.077406,141.391474,265.738906,144.292143,236.350459
206.988878,238.524087,208.534970,272.342931,143.498732,275.316185,141.952640,241.497341
206.340551,217.508760,223.658805,250.417547,169.940050,278.687050,152.621796,245.778264
210.381378,223.340577,221.005711,253.889583,165.508351,273.190453,154.884019,242.641447
212.740868,224.457831,223.000715,249.637929,166.939366,272.480607,156.679519,247.300510
208.440262,217.724472,223.929135,243.072551,174.064060,273.542466,158.575187,248.194386
204.993102,211.025559,225.002408,238.848529,172.933706,276.294517,152.924400,248.471546
200.942227,204.595027,225.202575,237.956652,171.823976,276.773209,147.563627,243.411584
198.607715,201.178213,224.751841,235.474718,170.306139,276.978519,144.162013,242.682014
204.802599,201.853671,225.210052,240.511265,160.948078,274.435344,140.540624,235.777750
210.724926,198.998917,229.589990,239.552274,157.134659,273.257855,138.269595,232.704498
201.024732,197.936932,227.641180,238.031573,163.593896,280.548758,136.977447,240.454117
203.225016,199.114579,227.878681,237.096001,157.970847,282.473037,133.317182,244.491615
208.928993,195.504009,227.886857,244.405781,159.038309,271.096458,140.080445,222.194686
203.914615,188.619715,229.520101,237.915797,157.060799,275.552776,131.455313,226.256694
199.319610,186.518323,230.621573,235.772802,158.816850,281.405785,127.514887,232.151305
201.059378,184.335848,235.366399,234.978794,173.130490,277.139230,138.823468,226.496284
207.498278,182.240444,241.575425,228.941978,176.815964,276.195621,142.738818,229.494087
203.264455,183.439258,239.652026,228.092193,182.765410,274.448963,146.377839,229.796027
215.145476,187.594944,241.180399,234.046480,178.372687,269.248630,152.337764,222.797094
210.003350,182.429906,244.019791,231.576974,185.819316,271.859601,151.802875,222.712534
217.601034,188.209852,246.742019,234.335606,187.979072,271.460423,158.838087,225.334669
212.223028,185.342495,249.484056,229.248713,200.157318,271.109868,162.896289,227.203651
214.260745,186.058899,249.953379,229.186553,201.110012,269.609536,165.417377,226.481882
216.494340,188.264811,250.315052,227.495867,201.527713,269.554957,167.707002,230.323901
231.499810,191.548937,252.599666,241.289987,192.199819,266.911241,171.099964,217.170191
239.349733,195.938418,252.310346,247.707899,188.397406,263.708656,175.436792,211.939175
241.879669,196.130664,255.828895,249.453487,189.014755,266.932035,175.065529,213.609212
238.079020,193.002855,261.420388,241.931439,201.014730,270.747942,177.673362,221.819359
244.426765,196.137327,262.664303,242.222397,195.900036,268.643446,177.662498,222.558376
246.689383,195.507510,265.211471,242.090448,199.269391,268.310027,180.747303,221.727090
243.058482,192.494626,268.968003,233.241145,210.918167,270.153339,185.008647,229.406820
246.260377,191.475539,270.125753,230.287718,212.446542,265.754318,188.581166,226.942139
251.960689,189.976698,273.402339,230.779755,196.148553,271.375946,174.706902,230.572890
251.702246,189.161399,274.399010,229.004359,199.763606,271.520834,177.066841,231.677874
245.574651,182.302223,276.972697,212.167595,230.774699,260.736448,199.376653,230.871075
248.841356,181.290738,280.149549,211.834939,236.129964,256.955569,204.821772,226.411368
247.591963,180.045035,280.610354,206.367428,240.936022,256.134279,207.917630,229.811885
253.003081,178.053257,284.126967,205.974375,240.694117,254.389310,209.570231,226.468192
263.489558,179.407529,285.877395,220.353378,227.529560,252.256046,205.141723,211.310197
271.809621,182.642651,285.652257,230.240942,216.899170,250.235861,203.056534,202.637570
275.409020,182.654716,288.372850,227.785411,216.040093,248.563056,203.076263,203.432361
277.468904,181.937510,292.992256,224.283425,223.029441,249.930702,207.506089,207.584787
277.979601,178.717517,297.903801,220.109306,231.217030,252.209405,211.292831,210.817616
286.540200,180.350788,301.298342,224.248908,225.696025,249.665707,210.937883,205.767588
294.615210,179.591633,307.307424,230.228319,224.211324,251.056567,211.519110,200.419881
293.772291,174.883482,312.755399,219.531074,233.813279,253.095409,214.830172,208.447817
301.216270,174.553770,315.495127,223.177643,223.109768,250.307471,208.830911,201.683598
303.825375,174.074533,317.308913,220.836041,223.055249,248.013797,209.571710,201.252289
329.351650,158.992732,350.248316,203.681736,244.810196,252.984808,223.913530,208.295803
332.212989,157.427079,351.112261,204.644592,231.944251,252.342753,213.044979,205.125240
328.531136,151.577113,352.876205,194.377278,248.827526,253.560980,224.482457,210.760815
333.907441,155.639877,354.283371,202.153927,262.030506,242.566189,241.654576,196.052139
332.754695,148.296188,357.041279,198.917492,273.154546,239.163831,248.867962,188.542526
339.249935,148.143677,360.645175,196.057767,272.925533,235.227513,251.530293,187.313423
343.585406,151.017510,362.831975,200.631296,275.452471,234.528239,256.205902,184.914453
355.991830,150.696041,362.205240,213.755251,272.939605,222.550857,266.726196,159.491647
349.784114,144.181908,369.522777,193.009800,279.496352,229.402960,259.757689,180.575068
355.059034,144.745291,373.102064,195.088814,283.520207,227.194794,265.477176,176.851271
358.778485,140.668339,378.368994,189.477299,294.802139,223.018623,275.211630,174.209664
361.319917,135.741954,384.303900,185.433996,302.173998,223.421413,279.190015,173.729371
368.537161,134.973562,388.230084,182.785073,305.263051,216.958085,285.570128,169.146575
372.285249,131.892803,393.439036,179.942437,306.949694,218.019252,285.795908,169.969618
380.538925,129.600208,401.197443,177.635317,314.873479,214.760769,294.214961,166.725660
386.508015,125.965873,408.468744,173.451334,328.421824,210.470848,306.461095,162.985387
393.140691,125.194149,413.736447,171.656862,323.544122,211.636859,302.948366,165.174146
394.839125,121.434261,419.516715,167.793520,335.101347,212.728834,310.423757,166.369575
402.328075,121.642475,423.561037,168.887343,331.978677,210.046624,310.745715,162.801756
403.855972,118.768545,426.741576,165.165686,335.353267,210.243390,312.467664,163.846249
408.267547,116.674120,431.865477,164.566672,356.095171,201.900711,332.497241,154.008159
412.053925,117.405697,434.290289,163.244920,356.295193,201.079926,334.058830,155.240703
413.918612,116.161448,437.688651,162.498435,344.312601,210.398664,320.542562,164.061677
416.374322,116.426987,440.162731,162.854056,356.739092,205.598853,332.950683,159.171784
423.585376,116.267733,444.278536,163.011997,347.913438,205.671742,327.220278,158.927478
424.447495,116.429457,445.455368,163.107390,356.545019,203.122385,335.537146,156.444452
425.228443,114.666065,447.554621,162.475613,351.935523,207.127970,329.609345,159.318421
425.971014,114.206203,449.913200,162.573524,354.644235,209.732374,330.702049,161.365054
424.671815,112.254444,450.196021,157.917477,361.079456,207.730845,335.555251,162.067812
425.137677,111.402556,452.068441,158.765844,374.564878,202.834367,347.634114,155.471078
426.157577,109.313807,452.472054,156.968709,376.366463,198.993321,350.051987,151.338419
410.856651,101.190201,453.260321,144.142135,393.573867,203.066714,351.170198,160.114780
417.785702,103.504358,454.603290,150.731643,389.261430,201.671046,352.443842,154.443761
424.329753,104.661400,454.799762,153.319946,380.812109,199.651055,350.342100,150.992509
416.757688,102.807542,452.923034,148.128107,385.873432,201.633001,349.708086,156.312437
400.491133,90.551014,451.870793,126.927195,398.918125,201.720370,347.538465,165.344189
418.106743,102.342029,452.258962,147.782516,380.088776,202.024275,345.936557,156.583788
414.132146,98.358830,452.945784,145.106340,382.209421,203.837504,343.395782,157.089994
419.044818,98.604536,454.617812,146.345000,378.636509,202.961174,343.063515,155.220709
