214.070000,139.220000,302.760000,139.490000,302.600000,191.220000,213.910000,190.950000
307.640899,145.380251,301.583419,196.050710,208.092854,184.874233,214.150334,134.203774
308.559112,145.733384,303.087023,198.130713,205.777698,187.968262,211.249787,135.570933
311.991329,148.707326,304.975317,198.885874,203.834181,184.744224,210.850193,134.565676
310.998535,148.740424,304.606240,200.010132,199.663556,186.925905,206.055850,135.656196
311.977830,148.315686,306.381048,199.856451,198.390874,188.129858,203.987657,136.589094
310.203099,149.979625,304.667544,200.536857,196.214128,188.662199,201.749683,138.104968
308.659859,150.747686,303.041699,201.109766,194.061460,188.952436,199.679620,138.590356
307.578558,150.768892,302.438023,200.503938,192.192002,189.109085,197.332537,139.374038
306.442444,152.166276,300.701271,203.360988,189.373088,190.876216,195.114261,139.681503
303.931050,149.730306,299.644429,201.396536,187.290882,192.074836,191.577503,140.408606
303.202914,152.023166,298.784358,204.666182,185.142292,195.127713,189.560847,142.484697
299.989823,150.381255,297.129054,202.130367,183.614873,195.855131,186.475643,144.106019
298.702176,150.063400,296.850271,202.366562,182.281439,198.310009,184.133344,146.006846
298.382189,150.959534,296.463043,201.318812,179.527092,196.862489,181.446238,146.503211
296.575042,150.082960,295.878958,201.015704,178.733648,199.414711,179.429732,148.481967
295.113522,150.798924,295.263494,201.040887,178.599952,201.389129,178.449979,151.147166
293.727020,149.790709,294.665578,200.875838,178.021200,203.018877,177.082642,151.933748
293.838803,149.518615,296.160916,200.064262,178.511567,205.469181,176.189454,154.923534
293.194568,149.804861,296.359111,203.774663,177.625545,210.736657,174.461003,156.766855
291.738612,149.666552,294.794145,202.570575,176.920269,209.378517,173.864737,156.474494
288.950619,152.384034,292.464554,205.283077,177.545943,212.916799,174.032008,160.017756
289.552483,156.632948,291.573086,208.854287,173.624888,213.418063,171.604285,161.196723
287.820424,157.943073,290.084513,209.852054,171.051850,215.043844,168.787761,163.134863
285.411816,156.981469,287.533662,212.065617,171.244905,216.545071,169.123059,161.460922
283.507864,160.583474,284.570001,212.760164,168.042059,215.132271,166.979922,162.955581
281.614929,160.051201,282.816738,213.253774,166.817685,215.874113,165.615875,162.671540
276.994031,157.599778,280.178542,216.312960,167.133761,222.444332,163.949250,163.731150
275.739159,159.979561,277.140957,213.429932,162.992707,216.423603,161.590909,162.973231
273.616064,161.066385,275.330335,215.450832,162.175599,219.017623,160.461327,164.633176
272.453450,161.766538,273.774703,214.604187,159.143870,217.470635,157.822617,164.632985
270.650734,163.532214,271.351009,216.027544,158.486051,217.533136,157.785776,165.037806
266.207844,165.368527,265.872261,218.648720,155.874443,217.955904,156.210026,164.675710
262.269751,166.678894,261.127104,218.978913,152.309322,216.601471,153.451969,164.301452
260.090742,169.170713,257.957913,220.595253,150.893708,216.154773,153.026537,164.730233
258.919799,171.353102,255.907935,222.284960,151.579775,216.115496,154.591639,165.183639
259.635685,172.276312,256.505575,223.203649,152.225791,216.794375,155.355901,165.867039
259.177090,173.703385,255.165851,225.227167,152.936126,217.268360,156.947364,165.744579
260.914885,177.980294,255.143218,228.836118,150.970805,217.013510,156.742472,166.157686
260.184156,178.490543,253.018962,230.302128,148.598691,215.861506,155.763885,164.049921
259.694095,180.786148,249.998057,231.704527,148.956899,212.463953,158.652937,161.545574
258.869010,179.754598,249.010893,230.777121,149.320733,211.515878,159.178849,160.493355
258.569340,179.068551,247.138250,230.405016,148.354445,208.408828,159.785535,157.072362
257.591672,175.852924,248.452137,226.535455,147.878990,208.399190,157.018525,157.716660
256.737474,177.463843,246.127806,227.688797,146.462662,206.635236,157.072330,156.410282
255.485424,176.033430,245.582362,225.752079,146.145064,205.945955,156.048125,156.227306
256.437779,179.752049,243.679545,229.302581,147.675389,204.583503,160.433623,155.032971
257.759725,181.575102,245.159634,229.894162,149.264885,204.887826,161.864977,156.568766
258.306937,181.860604,245.682436,229.206374,150.251117,203.760115,162.875618,156.414344
259.289401,181.531204,247.241143,229.990809,151.067466,206.079652,163.115723,157.620047
255.381933,186.245621,239.081059,234.160692,149.885313,203.815989,166.186186,155.900919
254.134194,185.307578,237.245504,233.189872,150.771510,202.689401,167.660201,154.807107
253.998401,186.759526,237.144331,233.119036,150.044644,201.453812,166.898715,155.094302
252.575505,187.014925,235.464596,233.280254,149.943835,201.650998,167.054745,155.385669
253.560443,186.374567,235.391250,234.028323,150.595596,201.697848,168.764789,154.044092
253.380901,186.874767,234.430405,234.413935,151.236860,201.250566,170.187356,153.711398
254.788182,186.129683,237.203149,233.813385,152.354208,202.522369,169.939242,154.838667
255.133478,185.402379,237.282339,235.374792,151.414248,204.701004,169.265387,154.728590
253.578710,183.756133,236.805454,232.522463,151.994444,203.351583,168.767700,154.585253
253.239279,181.901485,237.979515,231.162390,154.450155,205.287138,169.709919,156.026233
253.526988,180.521663,239.948026,229.313181,154.562870,205.549998,168.141831,156.758480
253.943445,179.530100,240.485533,230.087267,153.093857,206.824306,166.551769,156.267138
256.863776,182.877146,242.014421,231.615758,154.284921,204.886919,169.134276,156.148308
257.338407,183.976173,240.324600,233.835518,154.851438,204.668993,171.865244,154.809648
257.992260,185.490158,240.297547,235.266738,155.893781,205.262659,173.588494,155.486079
258.038208,189.085966,238.954648,236.136574,156.089398,202.526721,175.172959,155.476113
258.986637,188.365065,240.057640,234.958464,156.463601,200.997616,175.392598,154.404217
258.709498,188.159970,238.851834,234.778766,157.100033,199.955906,176.957697,153.337110
258.013735,188.519626,238.228618,235.364376,156.080579,200.668736,175.865696,153.823986
255.127788,186.857291,236.224861,233.270122,155.684949,200.467984,174.587876,154.055154
255.896682,187.034711,236.370281,234.193712,156.199979,200.998829,175.726380,153.839828
252.857592,185.006404,234.700104,231.735458,154.786649,200.683521,172.944137,153.954467
250.072866,184.069568,232.591105,230.479998,152.549928,200.330294,170.031689,153.919863
248.760122,182.578434,232.558377,229.641143,152.074324,201.933811,168.276069,154.871103
248.734962,184.832594,231.497683,231.525969,150.968529,201.797909,168.205807,155.104534
248.154121,184.827242,230.696862,231.822380,149.647276,201.714934,167.104535,154.719796
246.426846,186.298831,227.708350,231.638932,149.696705,199.432107,168.415202,154.092006
244.269998,185.956043,225.516164,231.284357,149.312041,199.756173,168.065875,154.427859
242.959324,190.224922,222.064786,233.612048,147.237713,197.576540,168.132252,154.189414
241.939703,191.223029,220.523696,233.772853,145.435771,195.979900,166.851777,153.430076
237.843988,191.986314,215.950237,233.681457,142.036120,194.869807,163.929871,153.174664
232.966970,189.955777,210.360377,231.864469,141.727301,194.842079,164.333893,152.933386
230.919749,189.809603,207.209764,231.628761,140.652513,193.893152,164.362498,152.073994
227.559782,190.279887,202.970644,231.503355,139.417798,193.595101,164.006936,152.371633
225.077482,191.102486,200.279232,231.542110,138.496473,193.655894,163.294724,153.216270
223.603700,191.655835,198.171497,231.699804,138.105544,193.551499,163.537747,153.507530
222.860564,192.055958,197.308408,231.577676,138.025830,193.249442,163.577986,153.727724
221.253221,193.088571,194.869832,232.390069,135.648396,192.634278,162.031785,153.332779
220.081188,192.524293,195.487002,231.443713,135.737469,193.686442,160.331655,154.767021
219.482091,189.893493,194.038733,230.420121,135.680389,193.781686,161.123746,153.255058
219.000719,189.184362,194.669592,229.934048,135.990045,194.897225,160.321172,154.147539
217.017851,191.493203,193.932281,230.253777,136.064382,195.787997,159.149951,157.027423
216.638553,194.475387,191.878904,231.601529,135.158410,193.774287,159.918059,156.648145
214.529521,198.557635,186.709058,232.726712,134.031732,189.836832,161.852194,155.667756
210.434262,201.700504,182.456244,232.983190,133.232017,188.958955,161.210036,157.676269
209.110982,205.799454,179.610986,233.365572,133.802584,184.343520,163.302580,156.777402
206.482196,207.984763,176.046275,232.119627,135.090143,180.470792,165.526063,156.335928
203.787147,209.322682,173.082147,231.390490,134.965024,178.354582,165.670024,156.286773
204.188878,212.242435,173.458646,232.139650,137.884836,177.197721,168.615068,157.300505
203.624224,212.713839,172.955262,230.685904,140.605546,175.481773,171.274507,157.509708
204.486935,213.023724,173.403996,230.366330,141.824923,173.767547,172.907861,156.424941
204.354262,213.942543,173.150379,230.700899,142.635165,173.881889,173.839047,157.123534
206.409689,214.132472,174.883591,230.184887,145.742283,172.952895,177.268381,156.900479
209.427155,212.077662,176.208789,229.184745,147.529268,173.495132,180.747634,156.388049
212.618376,213.187267,177.358018,229.445509,150.795256,171.837037,186.055614,155.578795
212.096734,213.214701,177.787222,229.306672,150.809506,171.787783,185.119018,155.695812
213.346447,215.819826,177.717257,229.734685,154.184774,169.479437,189.813965,155.564578
212.788359,216.703686,177.167061,229.535389,155.142496,168.394355,190.763794,155.562652
211.674644,217.715196,177.606793,228.603790,157.903624,166.957202,191.971475,156.068609
211.418686,218.211120,179.182336,229.002951,158.483251,167.172575,190.719600,156.380744
207.499018,220.071307,177.637228,229.076642,158.710761,166.316268,188.572551,157.310933
205.742628,220.438168,176.982884,228.270903,159.989832,165.876881,188.749577,158.044146
201.589482,222.472362,174.263825,228.135156,160.851944,163.416493,188.177602,157.753699
200.363975,222.077598,172.632386,226.718206,161.778083,161.854491,189.509671,157.213883
198.164393,221.919797,170.467986,225.775792,161.187455,159.116643,188.883863,155.260648
198.032342,221.404701,169.233292,225.309012,160.318449,159.551181,189.117499,155.646870
198.526210,221.748980,169.234646,226.692120,158.213875,161.386338,187.505439,156.443198
199.529093,221.272065,169.817072,226.579281,158.332604,162.284416,188.044625,156.977200
199.097638,221.671740,170.390139,226.737581,158.948327,161.898230,187.655826,156.832389
201.051854,223.020431,172.114187,228.752917,158.900321,162.049141,187.837989,156.316655
201.058665,222.302353,172.496360,228.131412,158.828222,161.157729,187.390528,155.328671
202.702277,219.525530,173.409984,226.003304,159.050917,161.072054,188.343210,154.594280
204.577145,219.729408,173.570853,227.610393,157.308502,163.629157,188.314794,155.748171
207.101355,220.518035,176.684786,228.945594,158.425076,163.043028,188.841644,154.615469
206.997082,222.641559,177.994812,230.818035,159.346709,164.672508,188.348979,156.496032
205.858273,225.324952,177.534591,232.627795,159.953671,164.441153,188.277354,157.138309
205.342771,227.419710,178.613616,233.773500,162.220838,164.812280,188.949993,158.458490
207.401401,227.539499,175.809512,235.808916,157.754618,166.833293,189.346507,158.563876
207.084362,227.305237,176.013412,234.783951,159.281374,165.269284,190.352324,157.790570
207.844500,225.968508,175.875499,233.666714,159.217088,164.487893,191.186088,156.789688
207.234117,223.832258,174.529485,231.464254,158.896202,164.472509,191.600834,156.840513
205.705469,225.245959,175.544349,231.113538,162.676850,164.970732,192.837970,159.103152
205.551864,226.557885,176.878005,232.295073,163.390580,164.886352,192.064439,159.149163
205.823481,226.772683,177.950421,231.621491,166.088159,163.432041,193.961219,158.583233
206.876812,226.128632,179.211546,231.307529,166.541746,163.626430,194.207012,158.447534
209.008811,226.384068,182.260090,231.694834,168.888340,164.345374,195.637061,159.034608
210.087556,226.012139,183.764369,231.219593,170.559755,164.471510,196.882943,159.264056
210.591210,223.452224,183.484956,228.861023,170.802255,165.301529,197.908509,159.892731
210.442329,221.699267,181.782454,226.566983,171.169238,164.079060,199.829112,159.211344
213.854086,218.760816,184.615753,224.844665,171.949380,163.971414,201.187713,157.887565
216.048288,218.174034,186.448708,224.888360,172.700326,164.279695,202.299907,157.565369
219.312683,217.990466,188.547492,226.679770,171.563852,166.547806,202.329043,157.858502
222.645999,217.663040,189.227909,227.435658,171.776805,167.760498,205.194895,157.987879
224.128061,217.336380,189.280177,227.282856,172.189049,167.403393,207.036933,157.456917
226.930392,216.141995,192.214288,227.860676,172.292529,168.843298,207.008634,157.124617
231.188212,212.292195,196.785722,227.681034,171.565125,171.299176,205.967615,155.910337
232.985906,212.904641,197.388077,228.656223,172.483548,172.373168,208.081378,156.621586
235.303693,211.668523,199.436601,229.463978,171.912963,173.989542,207.780055,156.194087
236.881210,211.726182,201.554147,230.320662,172.516191,175.152371,207.843255,156.557891
239.273979,209.651973,204.419183,230.261690,172.488636,176.261301,207.343432,155.651584
242.785015,201.562931,212.226710,228.387252,170.902756,181.310945,201.461061,154.486624
243.199563,199.538351,213.198695,228.129364,170.508006,183.333547,200.508874,154.742535
243.354896,195.746887,215.701890,227.628151,169.172477,187.269710,196.825483,155.388445
244.060469,194.343485,217.199050,227.881190,168.904755,189.200747,195.766174,155.663042
243.967038,190.975276,219.368764,226.915627,167.400958,191.347852,191.999233,155.407501
244.898991,189.218735,223.056980,226.620596,166.434718,193.554217,188.276729,156.152356
243.502377,189.773846,222.505817,227.113973,165.428765,195.019231,186.425326,157.679104
244.498358,186.632617,229.137071,225.386694,155.560489,196.222512,170.921776,157.468435
244.683769,184.909538,230.604765,224.413153,162.371249,200.094873,176.450254,160.591258
246.416215,188.114757,232.095427,226.371161,162.987085,200.501349,177.307873,162.244946
245.178255,186.261539,233.063987,225.038273,160.283039,202.300724,172.397307,163.523989
245.740654,184.898276,234.623380,224.364968,155.689996,202.130420,166.807271,162.663728
246.834098,185.528123,235.791532,225.150970,160.203332,204.085150,171.245898,164.462304
248.152018,184.812008,238.814811,224.349423,159.131713,205.531360,168.468920,165.993945
249.418709,183.475133,241.051329,223.101349,160.560579,206.105107,168.927959,166.478892
250.113692,182.197494,242.876730,222.860603,161.550512,208.386679,168.787474,167.723570
252.425051,179.707678,246.128643,221.517477,165.042971,209.306261,171.339379,167.496461
254.669750,179.930194,248.660606,221.608602,165.935282,209.681363,171.944425,168.002956
256.726529,177.604390,252.088912,219.496910,168.948371,210.293025,173.585988,168.400505
259.267306,178.326004,255.097818,220.267703,171.859676,211.992872,176.029165,170.051173
261.415458,177.482369,257.777950,218.822646,174.451454,211.490795,178.088961,170.150518
264.725875,179.757826,261.019432,220.924642,175.469643,213.222191,179.176085,172.055376
266.352995,181.548698,263.040500,222.430342,174.788060,215.279559,178.100556,174.397914
267.998639,183.375494,264.181740,224.707440,176.269347,216.588956,180.086246,175.257010
268.367027,184.580218,264.946415,225.617592,177.009185,218.287710,180.429797,177.250336
268.563787,185.288103,265.671436,226.695021,177.599580,220.543036,180.491931,179.136119
268.516709,188.493564,265.480251,228.250172,178.146064,221.579920,181.182522,181.823312
269.039282,189.643309,266.057825,230.701870,178.166845,224.319689,181.148302,183.261128
268.788384,189.077154,266.630623,230.030766,176.796893,225.297614,178.954654,184.344002
269.416735,190.626503,267.999367,231.109511,177.078513,227.926242,178.495881,187.443234
269.591232,190.959850,269.483615,231.897209,176.692269,231.653278,176.799886,190.715919
269.207982,192.039320,269.561618,232.446626,175.049612,233.273774,174.695977,192.866467
269.582864,192.149678,270.502028,233.702013,177.701813,235.754812,176.782649,194.202477
269.219986,193.470143,269.691305,235.029970,174.796366,236.106151,174.325046,194.546324
268.516424,195.375267,269.533479,234.401079,172.311280,236.934794,171.294226,197.908982
267.662726,195.666114,268.949949,235.278017,170.267664,238.484784,168.980440,198.872881
267.846050,198.465010,267.703570,239.397054,171.724984,239.062962,171.867465,198.130918
267.172700,196.843545,268.762038,236.749408,169.736378,240.693321,168.147040,200.787457
267.942658,199.139475,268.237117,240.622805,171.208311,241.311539,170.913853,199.828209
266.705408,198.147861,267.778039,236.591233,169.451722,239.334693,168.379091,200.891321
266.764058,197.061390,268.454591,237.880564,172.182953,241.867671,170.492419,201.048496
262.146231,193.794914,267.156590,236.614758,173.731475,247.546450,168.721116,204.726606
255.747346,184.083922,272.740766,235.617398,184.287786,264.785208,167.294366,213.251733
271.487198,233.133530,189.685826,266.949968,168.473697,215.638199,250.275068,181.821761
241.276812,177.917411,268.476187,225.736094,191.230622,269.673546,164.031247,221.854863
243.580881,179.392573,268.319328,225.249452,189.385355,267.832026,164.646908,221.975146
250.161608,190.138110,264.014362,238.221464,179.671429,262.520557,165.818674,214.437203
252.805428,190.056240,266.039895,235.837973,177.478511,261.439073,164.244044,215.657341
251.100701,187.817523,266.736133,233.455686,180.374686,263.042734,164.739254,217.404571
250.426167,187.068130,266.868217,233.812840,180.355618,264.242902,163.913568,217.498191
250.298507,188.479888,265.335203,231.856386,180.004385,261.436772,164.967689,218.060273
253.815069,188.494282,268.202343,230.414402,178.864382,261.075805,164.477108,219.155685
257.471153,189.046130,271.251582,231.670768,179.014660,261.490713,165.234231,218.866075
259.091357,186.619953,274.592784,229.602849,181.000994,263.355957,165.499567,220.373061
260.638951,185.376003,276.064832,228.278157,180.414130,262.670285,164.988249,219.768131
260.766144,184.145854,276.899051,227.296324,180.694724,263.264772,164.561818,220.114302
264.104489,186.231149,278.179592,227.696478,179.972234,261.032246,165.897132,219.566917
268.444573,188.150547,280.636258,229.434881,179.236138,259.379370,167.044454,218.095036
266.070142,187.830581,279.056290,229.663373,178.080585,261.009246,165.094438,219.176454
268.023265,188.138588,279.942949,229.171536,177.360579,258.970746,165.440895,217.937798
252.027557,199.898530,258.658001,240.467038,173.832939,254.330692,167.202495,213.762184
266.559147,194.014586,275.964009,234.006946,175.983109,257.519100,166.578247,217.526740
269.482761,194.450141,278.706483,233.626356,175.423735,257.943443,166.200012,218.767228
266.768277,199.191473,273.162106,238.471369,172.780151,254.811156,166.386321,215.531261
267.194072,198.946212,274.569152,238.792883,173.903877,257.424662,166.528798,217.577990
254.917581,202.452542,261.153688,243.365422,173.684775,256.697789,167.448667,215.784910
253.534139,206.135575,256.603824,246.801130,171.206157,253.247468,168.136473,212.581913
267.198652,204.428028,270.427824,245.480910,172.031234,253.220670,168.802062,212.167789
276.976254,196.877160,283.963820,237.372471,173.951559,256.355358,166.963993,215.860047
282.839614,197.046421,289.336959,237.496674,175.082735,255.848824,168.585390,215.398571
276.138602,205.779614,278.584442,245.730858,172.299057,252.237716,169.853217,212.286472
288.385754,196.723923,294.974104,238.346344,175.130237,257.316248,168.541887,215.693827
256.612802,204.925052,259.301850,246.804957,173.257682,252.329728,170.568634,210.449824
255.386300,205.038223,257.196748,249.162555,173.288183,252.605375,171.477734,208.481043
252.965966,205.022546,255.899892,247.546454,174.281425,253.177700,171.347498,210.653793
253.384784,210.092512,252.063344,252.905457,175.133834,250.530993,176.455274,207.718048
249.646869,202.870616,255.443650,246.329467,178.603362,256.578847,172.806582,213.119996
247.962160,209.361936,248.075289,251.028449,177.112009,251.221121,176.998880,209.554608
245.804445,210.004513,245.375579,252.148164,177.202025,251.454411,177.630891,209.310759
247.784466,209.402989,248.576424,250.593293,176.787608,251.973562,175.995651,210.783258
245.038211,208.134388,246.817492,249.424194,177.402746,252.415448,175.623465,211.125642
241.441572,207.861191,244.179523,247.965756,178.124945,252.475322,175.386994,212.370757
238.379471,205.658780,243.496746,246.199066,179.545872,254.271388,174.428596,213.731102
238.083159,206.921166,241.048497,248.252427,178.477560,252.741619,175.512222,211.410358
235.072128,204.380495,241.217623,244.403615,179.264026,253.916504,173.118531,213.893383
230.512244,201.323909,241.074942,241.387161,181.521459,257.088470,170.958761,217.025217
233.640221,198.662323,246.422944,238.073448,183.578176,258.456709,170.795454,219.045583
229.258429,198.317328,243.177895,237.352524,184.892465,258.136385,170.972999,219.101188
233.140503,196.522295,246.790375,234.442460,187.053129,255.945683,173.403257,218.025518
230.040298,197.445547,243.659961,235.586794,187.507569,255.637965,173.887906,217.496718
221.924570,197.599402,239.239448,235.383478,190.020717,257.938384,172.705839,220.154308
223.540542,198.978949,238.625712,235.789077,189.222646,256.034963,174.137476,219.224836
215.258240,196.167580,237.204164,229.013161,193.694434,258.084385,171.748510,225.238805
216.942436,198.993829,233.766989,235.412549,191.355316,255.005699,174.530763,218.586980
206.007517,199.050155,233.139556,229.722580,199.941167,259.089021,172.809128,228.416597
227.662654,245.581410,186.799677,249.024926,183.276999,207.222571,224.139976,203.779054
202.505355,200.345360,232.335188,226.046949,204.491800,258.362601,174.661967,232.661012
198.445408,202.262671,232.276466,218.727791,212.675132,259.002860,178.844075,242.537740
204.397090,201.381631,233.185083,222.406916,207.747084,257.236833,178.959092,236.211548
211.453109,199.679905,235.736981,226.663878,202.171551,256.870646,177.887679,229.886673
206.202771,202.654145,235.318683,221.412495,212.364386,257.041178,183.248474,238.282828
198.719036,203.285139,232.291165,211.586893,221.810200,253.971706,188.238071,245.669952
193.521634,206.269308,229.087129,207.620311,227.325695,253.990513,191.760200,252.639510
236.462077,245.496466,201.048304,252.347169,192.590646,208.626462,228.004419,201.775759
241.307811,239.749464,205.731290,254.397218,188.779396,213.224391,224.355916,198.576638
245.215094,232.731196,216.481659,257.359211,186.576212,222.468612,215.309647,197.840596
248.578051,229.488582,221.871217,259.084697,186.424707,227.098605,213.131542,197.502490
251.934077,225.944656,229.274100,260.054341,187.138607,232.062604,209.798584,197.952919
253.027161,221.747939,234.982099,258.801033,187.987932,235.914612,206.032994,198.861519
254.176107,214.939243,242.988954,256.329015,191.251739,242.345074,202.438892,200.955301
254.684673,206.396001,252.082780,251.112033,194.367901,247.753776,196.969794,203.037744
255.837272,209.850450,248.596785,253.551577,191.407656,244.076371,198.648143,200.375245
255.948020,209.072705,249.404660,252.751978,191.529623,244.082026,198.072983,200.402753
258.052431,207.948195,252.443596,251.668008,191.347960,243.830020,196.956795,200.110207
258.050283,205.370749,252.311301,249.530644,190.138817,241.450762,195.877799,197.290867
259.188834,204.002526,254.962385,247.547900,189.354021,241.180051,193.580470,197.634676
260.510046,203.735753,256.311397,247.472182,189.524687,241.060731,193.723337,197.324302
260.640958,204.379468,256.412831,247.296697,189.056624,240.660888,193.284750,197.743658
263.138605,204.232709,258.287186,247.304096,188.074925,239.395619,192.926344,196.324232
263.128394,200.254295,260.869922,243.883379,187.548823,240.087891,189.807295,196.458807
264.559176,201.964802,260.591602,244.527675,185.630123,237.540007,189.597697,194.977134
265.408147,201.701633,262.171102,243.900577,185.840661,238.045333,189.077706,195.846390
266.316943,200.693296,263.541348,242.651070,185.261920,237.472722,188.037514,195.514948
269.776383,200.777800,267.109347,243.441916,185.601783,238.346683,188.268819,195.682567
270.193890,199.255888,268.306161,242.660169,186.680199,239.110111,188.567928,195.705829
272.937688,199.515391,271.251274,242.138292,187.316947,238.817355,189.003360,196.194454
273.536334,197.538412,273.580996,242.205057,192.247703,242.286381,192.203042,197.619736
274.311324,197.167668,274.899850,239.989145,193.868440,241.102817,193.279914,198.281340
275.050468,195.228364,277.258951,238.966914,196.309993,243.054256,194.101509,199.315706
277.370052,195.641143,279.895009,239.839914,198.647269,244.481378,196.122313,200.282608
278.434106,194.334524,281.299943,237.724359,198.464802,243.195503,195.598965,199.805667
278.122336,193.500953,281.999016,236.984738,198.984518,244.385671,195.107838,200.901887
279.783723,193.711115,283.526803,236.882484,197.848240,244.311059,194.105159,201.139690
281.157123,192.866605,285.759402,236.295302,198.233875,245.570663,193.631596,202.141966
282.147565,192.772275,287.140127,235.630903,196.660801,246.170756,191.668239,203.312128
284.076381,192.186596,288.337830,234.760309,194.263657,244.176737,190.002208,201.603023
285.805181,193.098083,289.209782,235.461496,189.655763,243.462307,186.251163,201.098894
286.710665,193.350500,290.194771,235.767546,191.700954,243.857759,188.216848,201.440714
288.125538,192.514161,291.928520,234.331172,192.432873,243.379648,188.629890,201.562637
288.602012,193.306215,292.675999,236.395300,195.007407,245.629671,190.933419,202.540586
290.623517,194.207132,293.971696,236.063014,195.105218,243.971643,191.757039,202.115762
293.316130,194.655713,295.864227,236.265266,196.862188,242.327979,194.314091,200.718427
295.000857,195.966279,296.180616,238.090386,196.680568,240.877057,195.500810,198.752950
297.671507,196.838238,298.410856,238.972376,198.887115,240.718770,198.147766,198.584631
299.997355,197.231839,300.669892,239.940085,204.395370,241.456144,203.722833,198.747897
302.575552,197.439074,303.625580,240.139707,208.815699,242.471125,207.765671,199.770492
304.508784,196.979037,305.619915,238.448529,210.732095,240.990948,209.620964,199.521457
308.189094,196.189467,309.122214,237.663346,212.818461,239.830083,211.885341,198.356204
310.156037,196.058231,310.965960,237.381023,215.013034,239.261692,214.203111,197.938900
312.237191,195.043724,313.047044,237.608937,216.751972,239.441065,215.942118,196.875852
314.609036,196.460618,314.755570,237.866609,218.141592,238.208522,217.995058,196.802531
315.314520,194.141111,315.673983,235.470277,219.706258,236.304963,219.346795,194.975797
316.690264,195.084043,315.777680,236.949098,219.488054,234.850155,220.400638,192.985100
317.762127,193.903676,317.507702,235.465398,221.223047,234.875980,221.477472,193.314258
318.961488,192.470238,318.633151,234.565312,221.331424,233.806369,221.659761,191.711295
320.821912,193.571100,319.811552,234.735786,222.830343,232.355445,223.840703,191.190759
323.522260,194.423260,321.365063,235.389940,225.544692,230.344294,227.701888,189.377614
325.509191,195.056649,322.939894,236.539659,226.146204,230.544633,228.715501,189.061623
327.919389,194.439893,325.127717,236.065134,227.308401,229.504706,230.100073,187.879465
329.601368,195.571251,326.404953,237.324078,229.677570,229.919049,232.873985,188.166223
331.071102,196.242601,327.039182,237.452080,232.257380,228.178664,236.289300,186.969185
334.489132,196.872477,330.317193,238.761592,232.804827,229.049866,236.976766,187.160751
334.770775,198.648380,330.592411,240.314396,234.066140,230.634518,238.244505,188.968501
337.465215,199.155715,333.233131,240.816309,236.025079,230.941446,240.257163,189.280852
337.809286,198.276379,334.441927,240.329274,237.019385,232.528225,240.386744,190.475329
340.222913,198.998156,336.514600,241.336063,239.137413,232.806942,242.845726,190.469035
341.856943,198.545229,338.170541,241.436582,241.137646,233.096853,244.824048,190.205501
344.253143,199.765975,340.027594,242.767194,243.451087,233.277026,247.676636,190.275807
347.226726,201.102430,342.130142,243.138343,247.549338,231.671030,252.645921,189.635117
350.576894,202.240637,344.734331,243.863833,248.307260,230.328560,254.149824,188.705364
353.261130,203.211426,346.453320,245.880078,249.924240,230.478803,256.732050,187.810152
355.164805,204.773827,347.483473,246.891606,251.314545,229.352563,258.995877,187.234784
359.430823,206.683658,351.328455,247.682377,254.043357,228.456420,262.145725,187.457700
361.822198,207.476674,353.250328,248.850647,255.776053,228.655902,264.347924,187.281929
364.526721,207.738812,355.640863,249.046487,258.322780,228.112008,267.208638,186.804332
367.083353,209.602144,357.722183,250.647129,261.718659,228.751513,271.079828,187.706528
370.033413,210.947551,360.836565,251.872204,263.727218,230.049176,272.924066,189.124523
372.745688,210.365026,363.450260,252.156236,266.633958,230.621829,275.929386,188.830620
375.013971,209.656344,366.042632,251.518323,268.364682,230.585198,277.336022,188.723219
377.277552,209.655889,368.686128,251.496469,270.821722,231.401275,279.413146,189.560696
379.611313,210.445509,371.122482,253.045464,272.432587,233.379670,280.921418,190.779716
380.807649,208.906730,373.548108,250.570673,274.416658,233.297971,281.676199,191.634028
380.675996,207.111520,373.763635,249.678935,275.858579,233.780505,282.770940,191.213090
383.148328,207.521164,376.381738,249.850930,277.373135,234.023990,284.139725,191.694225
385.819490,206.667003,379.237854,249.919108,279.758013,234.781345,286.339649,191.529240
386.159353,204.789626,379.787695,247.646695,278.819345,232.635501,285.191003,189.778431
388.754622,201.984213,382.611488,245.458582,281.895868,231.226989,288.039002,187.752621
390.580899,199.549497,384.748751,242.483312,282.871902,228.644319,288.704050,185.710503
390.201914,196.974534,384.794444,239.809040,283.879252,227.069406,289.286722,184.234900
391.883593,196.415930,386.520297,238.636539,285.620198,225.819170,290.983494,183.598562
393.645723,192.986227,388.954831,235.595983,287.124736,224.385547,291.815628,181.775792
394.453480,190.303968,390.363581,233.438631,288.741240,223.803107,292.831139,180.668444
394.252870,189.221634,390.850892,230.495731,288.751809,222.080311,292.153787,180.806214
396.015084,187.273474,393.016341,229.458692,291.189953,222.220347,294.188696,180.035129
398.169836,185.982157,396.014923,227.780813,293.011093,222.470492,295.166006,180.671836
399.371750,183.268204,397.718508,226.257259,295.710579,222.334312,297.363821,179.345256
401.120232,181.568298,399.341246,225.438493,298.439798,221.346826,300.218784,177.476631
403.618543,180.558375,401.179590,224.652432,300.702968,219.094819,303.141920,175.000761
403.933827,180.524565,401.585673,223.742071,301.465119,218.302182,303.813272,175.084676
405.434976,179.710691,402.655741,223.059189,302.231721,216.620628,305.010956,173.272130
406.228887,181.070568,402.726787,225.411650,302.414175,217.488866,305.916275,173.147784
407.262005,179.827083,404.283410,223.360720,304.672546,216.545290,307.651141,173.011653
409.033471,180.085427,406.267090,223.346025,305.574319,216.907035,308.340700,173.646437
411.028779,180.153736,407.933171,223.637436,308.645387,216.569131,311.740995,173.085430
410.933198,179.450103,408.139620,223.110823,309.903001,216.825271,312.696580,173.164552
414.195082,178.900754,411.678916,222.578339,311.948431,216.833093,314.464597,173.155508
412.847423,177.940954,410.897002,221.647457,313.285813,217.291517,315.236234,173.585014
414.593176,177.424094,411.967339,221.752640,314.138823,215.957691,316.764660,171.629144
415.666579,177.413974,413.299415,221.671026,313.902430,216.354608,316.269594,172.097556
415.881522,176.862682,414.183974,220.673556,317.225480,216.916687,318.923029,173.105812
416.522466,175.651909,415.812168,220.271256,317.366308,218.704091,318.076606,174.084744
416.350361,175.069631,415.451537,220.506055,317.366560,218.565737,318.265384,173.129313
417.326945,175.740856,416.400813,220.939702,318.712984,218.938062,319.639116,173.739216
418.470928,175.387919,417.877501,220.339731,319.867812,219.045867,320.461238,174.094054
418.497569,174.291531,419.092318,218.506281,321.082955,219.824642,320.488206,175.609891
419.418474,173.025361,420.095186,217.658252,322.049163,219.144800,321.372451,174.511909
418.204515,173.657288,419.149110,218.178518,318.976341,220.303856,318.031746,175.782626
417.901184,172.839370,419.349903,218.248558,318.109746,221.478487,316.661028,176.069299
416.106630,170.531264,418.561624,216.374430,315.602382,221.888105,313.147388,176.044939
416.531459,170.742222,419.104317,217.817800,314.323193,223.544485,311.750335,176.468907
416.453016,169.927010,419.761883,216.215145,314.070641,223.770391,310.761775,177.482256
416.402501,168.776822,419.300384,216.595344,314.555050,222.943088,311.657167,175.124566
416.565649,168.781043,419.467177,216.969811,313.762784,223.334453,310.861255,175.145685
416.973772,168.326589,420.625024,215.842760,314.687331,223.983256,311.036079,176.467084
416.255192,168.821967,419.902078,215.387712,314.931838,223.608658,311.284953,177.042913
417.074956,169.618857,419.612234,217.207515,314.293072,222.822801,311.755795,175.234143
416.447312,168.656478,419.410733,217.785935,316.472824,223.995008,313.509403,174.865551
417.919807,168.602685,420.692247,217.085981,316.029894,223.070932,313.257454,174.587636
417.702695,167.831964,420.360817,216.196474,315.050997,221.984319,312.392876,173.619809
417.905579,168.684907,420.065230,218.304597,316.174003,222.826366,314.014352,173.206675
416.667001,169.399684,418.410537,218.095042,317.928051,221.692816,316.184514,172.997457
416.887670,171.079212,416.801332,219.745803,317.186905,219.569080,317.273243,170.902490
419.026556,171.822548,418.303716,219.723344,316.419483,218.185876,317.142323,170.285079
420.155031,172.760278,418.368445,220.797378,313.906813,216.912262,315.693399,168.875162
423.444767,174.391968,421.083493,222.448576,314.118787,217.192837,316.480060,169.136230
424.997293,177.956349,420.386590,226.173907,315.396748,216.134473,320.007451,167.916916
425.197367,178.510975,420.569798,226.726917,317.916503,216.874672,322.544073,168.658731
426.884203,178.392828,422.370594,227.184501,320.213029,217.734132,324.726638,168.942459
428.423421,181.299637,422.078362,230.055163,320.758284,216.869337,327.103344,168.113810
433.523944,184.066281,425.807803,231.067323,322.708744,214.141596,330.424884,167.140555
433.842841,185.386059,425.651738,232.962125,322.826048,215.258775,331.017150,167.682709
434.469340,187.639311,424.778286,236.011423,319.720104,214.963666,329.411158,166.591554
434.825717,189.092647,425.672685,236.023514,321.039935,215.616755,330.192966,168.685889
436.881945,191.984452,426.151363,237.775206,320.832631,213.094867,331.563213,167.304113
438.549052,193.115174,428.360654,238.549335,320.833140,214.436792,331.021539,169.002631
440.588300,194.904784,429.589601,240.792568,324.047696,215.495561,335.046395,169.607776
442.398374,194.266134,431.720665,240.390066,324.866887,215.653373,335.544597,169.529440
445.107071,194.560342,434.453297,240.689810,326.049048,215.653442,336.702822,169.523975
447.346357,194.228676,437.412960,241.487671,330.499166,219.015395,340.432564,171.756399
450.171229,194.913922,440.479866,241.574351,333.160879,219.284215,342.852242,172.623786
452.194249,194.053199,442.134342,241.115008,331.539090,217.474227,341.598997,170.412418
456.945500,193.987634,446.578737,242.102243,337.518957,218.604246,347.885720,170.489637
459.990771,193.944137,450.277015,241.357761,340.984595,218.966730,350.698351,171.553107
464.368597,193.313291,454.795161,240.912179,345.075691,218.844598,354.649127,171.245710
466.831763,193.397610,458.365534,240.737670,346.835562,220.791811,355.301791,173.451751
470.692154,192.018978,462.093979,239.179081,350.987974,218.922364,359.586149,171.762261
475.903828,192.567223,467.380559,240.209249,354.331684,219.984543,362.854953,172.342517
478.970659,191.202068,471.098713,238.800307,359.767238,220.387958,367.639185,172.789718
481.987912,191.707412,473.247844,240.143933,363.458397,220.333112,372.198465,171.896591
483.555054,193.011042,472.256261,241.431599,362.714673,215.870396,374.013465,167.449839
483.401441,190.454280,474.387118,239.513196,367.422598,219.859017,376.436920,170.800102
483.727999,187.358478,475.969978,236.969090,371.147554,220.577142,378.905576,170.966530
484.671102,186.263030,477.948460,235.335944,372.441696,220.882264,379.164338,171.809351
483.552882,185.486442,478.577810,233.510684,373.724883,222.648444,378.699955,174.624202
483.057761,180.081615,479.801324,230.507827,376.547652,223.839885,379.804089,173.413673
482.957271,178.198897,481.418276,229.972903,377.870263,226.894914,379.409258,175.120908
482.224039,178.598098,479.769492,229.705856,378.352534,224.835114,380.807081,173.727355
479.685574,175.979654,480.224736,226.015811,376.051096,227.138328,375.511935,177.102170
478.514932,174.080172,480.503169,224.254335,381.773364,228.166674,379.785126,177.992511
476.410329,172.749892,480.422236,222.254259,382.960513,230.152701,378.948606,180.648334
475.117669,169.707597,481.078496,220.059116,384.189968,231.529193,378.229141,181.177674
472.793975,168.653769,479.537395,218.472889,383.731393,231.441005,376.987973,181.621884
471.082965,167.581679,478.751958,216.752849,384.192015,231.500912,376.523023,182.329742
468.465845,166.294829,477.012515,216.166755,384.712233,231.984471,376.165564,182.112545
466.596256,165.513341,476.238737,214.415509,382.880053,232.823881,373.237573,183.921714
464.813223,164.774938,473.906793,214.306480,381.598010,231.253587,372.504441,181.722045
467.565829,168.556918,470.755773,219.811915,378.798279,225.535051,375.608335,174.280054
460.241849,163.458478,470.524662,212.496130,381.502464,231.163391,371.219651,182.125740
463.463969,166.738562,467.734758,217.967098,376.987066,225.532495,372.716276,174.303959
461.858181,165.683012,466.538376,217.890317,378.246610,225.805354,373.566415,173.598049
460.719935,164.931915,466.218578,217.059373,380.361588,226.115961,374.862946,173.988503
460.832877,165.887927,465.565889,217.912659,379.113027,225.777811,374.380015,173.753080
459.561249,161.270999,470.684224,211.166014,383.943659,230.502879,372.820684,180.607863
462.838306,164.002381,471.620829,214.060709,384.018756,229.430124,375.236233,179.371797
462.840532,161.280477,474.300602,211.101819,388.786358,230.772089,377.326288,180.950746
462.877873,161.431467,475.483231,209.399199,390.617243,231.700986,378.011886,183.733254
464.391465,159.982474,480.255096,206.401301,396.259122,235.106919,380.395491,188.688091
464.092028,157.923214,482.284380,204.789586,401.530016,236.136409,383.337663,189.270036
461.974256,155.967858,483.805006,201.349408,406.793891,238.395528,384.963142,193.013978
463.436355,154.893931,485.034166,198.409696,408.714209,236.288934,387.116398,192.773169
464.274479,153.656354,488.246847,197.481465,414.569850,237.782836,390.597483,193.957726
466.291043,153.520132,490.275015,195.638879,418.162616,236.702346,394.178643,194.583600
466.661224,153.343758,491.943039,195.997442,422.944432,236.894495,397.662617,194.240811
470.650205,153.270572,494.597231,194.367764,423.783609,235.630330,399.836584,194.533139
470.192910,151.564335,498.143363,192.748887,431.889954,237.712658,403.939501,196.528107
473.072720,153.154020,497.382885,193.643081,428.862935,234.783361,404.552770,194.294299
473.373720,153.866344,496.755457,195.571614,427.451111,234.426560,404.069374,192.721290
470.996375,153.030951,495.214922,194.666149,428.476148,233.487056,404.257601,191.851857
469.370986,152.899986,494.110386,193.604371,429.712404,232.744317,404.973004,192.039933
469.556673,154.161376,492.566159,195.448213,426.256997,232.402842,403.247512,191.116005
467.166090,153.874836,492.081923,195.713033,427.808751,233.989529,402.892918,192.151332
465.783081,154.394391,490.012350,194.576537,427.912669,232.021771,403.683400,191.839625
461.611845,152.691077,489.262837,191.677791,431.065277,232.953909,403.414285,193.967195
457.593517,152.583131,486.732570,189.101033,432.749584,232.176155,403.610531,195.658253
451.977645,151.244669,484.825003,185.592532,436.361580,231.938804,403.514222,197.590942
450.422868,152.841419,482.844868,183.776416,437.731330,231.058500,405.309330,200.123502
448.216956,153.813726,480.446830,182.183853,437.497610,230.976301,405.267736,202.606174
441.573281,151.729751,477.640894,175.441849,440.966184,231.226424,404.898571,207.514327
441.649242,152.536329,475.468162,175.493818,438.799951,229.510148,404.981031,206.552660
437.633041,153.511258,471.800439,171.956100,441.498199,228.088254,407.330801,209.643412
441.945028,154.136178,474.834516,177.983027,439.859136,226.220943,406.969649,202.374093
437.810785,154.311454,470.067297,176.250690,436.845024,225.096265,404.588513,203.157028
434.667780,153.244977,467.793616,175.883122,433.676975,225.805157,400.551139,203.167012
435.285249,155.562257,468.935179,186.592723,432.924515,225.643259,399.274585,194.612793
430.063210,157.624194,465.970076,178.633406,437.267349,227.689265,401.360483,206.680053
414.489034,159.814975,450.036003,164.336125,442.618492,222.655370,407.071523,218.134221
420.084506,161.572099,451.132668,165.866547,443.126070,223.752951,412.077908,219.458503
416.232366,162.819815,447.349642,165.696898,441.931136,224.301102,410.813859,221.424019
413.236702,163.164021,440.933261,163.971727,439.245730,221.837751,411.549172,221.030044
442.588798,219.857712,413.612109,222.089393,409.112752,163.668649,438.089441,161.436968
410.346555,163.453885,438.134528,164.253636,436.469472,222.107285,408.681499,221.307534
407.778952,162.414215,435.257611,162.827755,434.389855,220.487893,406.911196,220.074353
404.871365,162.878116,434.586825,163.938546,432.562367,220.668060,402.846907,219.607630
404.500569,162.846297,431.849171,162.985814,431.560679,219.537161,404.212077,219.397645
435.265570,217.362356,406.298544,221.658349,397.904835,165.061238,426.871860,160.765245
432.966453,218.305445,404.971632,220.925797,399.645014,164.018293,427.639834,161.397940
431.548439,214.586492,400.845462,215.160032,399.878150,163.377399,430.581127,162.803860
431.146582,218.592949,399.443806,219.599485,397.660799,163.440282,429.363575,162.433746
432.610802,218.627993,403.021270,220.765927,399.046049,165.747893,428.635580,163.609959
433.044844,220.210845,399.279615,221.479723,397.147900,164.754138,430.913129,163.485260
433.959424,220.998339,403.257315,223.541905,398.444105,165.444068,429.146214,162.900502
433.760770,221.140708,404.010026,223.685417,398.961001,164.656164,428.711744,162.111455
434.327522,220.060999,404.879453,222.275930,400.590222,165.249509,430.038291,163.034578
436.777779,219.372976,408.374513,223.564923,399.724465,164.955009,428.127731,160.763062
433.445687,216.208561,403.026946,216.645268,402.292486,165.486477,432.711226,165.049771
400.123750,162.403255,435.464631,165.018308,431.622763,216.938863,396.281881,214.323809
434.889459,216.147213,405.098337,217.781892,402.243748,165.758588,432.034871,164.123909
435.994943,215.263341,405.798332,218.028110,401.086542,166.566280,431.283153,163.801511
436.882527,217.330160,405.672331,219.859255,401.386921,166.975312,432.597117,164.446217
435.998817,217.405659,408.957251,219.531536,404.808363,166.756867,431.849928,164.630990
435.163273,216.489254,408.931014,218.608299,404.658746,165.720680,430.891005,163.601635
435.913848,217.230891,408.347837,220.510495,402.040907,167.498936,429.606917,164.219332
443.582705,213.945486,413.083149,220.740838,401.598048,169.192292,432.097604,162.396940
442.351387,215.141250,413.187373,221.016862,402.473023,167.835425,431.637036,161.959814
446.223582,211.859620,414.250767,223.681963,395.826337,173.854200,427.799152,162.031857
449.112703,209.856690,413.141408,225.325297,392.884898,178.220029,428.856194,162.751422
451.541367,205.323160,418.475031,225.386414,392.316611,182.274608,425.382948,162.211354
454.023272,204.747967,422.441164,224.792866,395.011301,181.575245,426.593409,161.530345
453.762861,209.316157,416.977636,226.260101,394.594894,177.667274,431.380119,160.723329
453.129424,211.397737,414.200668,228.682975,392.147088,179.015251,431.075844,161.730013
445.606166,217.505350,411.470957,225.237588,398.878456,169.645961,433.013665,161.913724
437.474817,220.548157,407.434518,223.472396,401.777794,165.361654,431.818093,162.437415
439.677722,221.208864,405.682159,222.585821,403.318725,164.235228,437.314287,162.858271
405.188590,162.211483,435.140250,164.396441,430.911298,222.367396,400.959638,220.182437
406.613047,161.869107,437.230743,164.226736,432.656238,223.634206,402.038542,221.276577
407.324522,161.979311,437.284452,165.504986,430.453456,223.552350,400.493527,220.026675
408.532022,161.059830,438.881005,165.258345,430.742346,224.088682,400.393362,219.890167
410.496548,160.531769,441.503970,165.520987,432.121261,223.833453,401.113839,218.844235
412.512289,159.932041,443.645609,167.018742,430.635695,224.173941,399.502376,217.087240
412.158834,159.706637,443.692115,165.734049,432.446943,224.564798,400.913662,218.537385
414.884947,159.392823,445.430300,167.024816,430.753392,225.765878,400.208039,218.133886
414.076089,158.789586,447.435701,166.639829,434.538873,221.444905,401.179261,213.594662
415.653565,157.907264,450.109462,167.360545,434.984211,222.489980,400.528314,213.036698
415.317544,157.099039,453.860168,169.280751,437.461709,221.165053,398.919085,208.983341
406.282435,157.704250,451.445349,158.726391,450.226169,212.595408,405.063255,211.573268
449.645005,207.763918,403.540160,209.941684,401.180913,159.994768,447.285758,157.817002
413.010408,153.481991,447.092888,165.981024,426.690055,221.615660,392.607575,209.116627
412.973022,152.839802,454.456723,169.130386,432.862228,224.120409,391.378527,207.829825
418.762615,150.425281,457.300070,172.935725,426.828615,225.102279,388.291161,202.591835
