1.874346
0.035895
0.035490
0.035490
0.035430
0.035422
0.035435
0.035459
0.035427
0.035362
0.045762
0.035478
0.035457
0.035427
0.035459
0.035560
0.035429
0.035495
0.035670
0.035802
0.046269
0.035888
0.035658
0.035576
0.035510
0.035599
0.035569
0.035585
0.035690
0.035674
0.045962
0.035597
0.035421
0.035500
0.035469
0.035393
0.035348
0.035369
0.035360
0.035280
0.045673
0.035311
0.035283
0.035315
0.035236
0.035328
0.035239
0.035181
0.035260
0.035233
0.045470
0.035123
0.035131
0.035151
0.035130
0.035178
0.035077
0.035155
0.035158
0.035170
0.045526
0.035423
0.035281
0.035338
0.035323
0.035237
0.035073
0.035067
0.035115
0.035141
0.045379
0.035182
0.035066
0.035127
0.035208
0.035120
0.035158
0.035181
0.035121
0.035185
0.045426
0.035159
0.035056
0.034968
0.034960
0.034964
0.034934
0.034870
0.034899
0.035968
0.045210
0.034845
0.034838
0.034779
0.034764
0.034099
0.034751
0.034829
0.034594
0.034640
0.044933
0.034767
0.034705
0.034651
0.034599
0.034774
0.034611
0.034726
0.034735
0.034603
0.044845
0.034563
0.034425
0.034396
0.034454
0.034445
0.034408
0.034389
0.034483
0.034498
0.044789
0.034600
0.034568
0.034667
0.034813
0.034878
0.034848
0.034672
0.034587
0.034569
0.044983
0.034541
0.034606
0.034590
0.034614
0.034483
0.034442
0.034497
0.034440
0.034643
0.044761
0.034546
0.034483
0.034467
0.034498
0.034551
0.034546
0.034748
0.034660
0.034664
0.044922
0.034727
0.034781
0.034802
0.034806
0.034855
0.034847
0.034803
0.034951
0.034855
0.045127
0.034822
0.034813
0.034786
0.034802
0.034820
0.034751
0.034777
0.034823
0.034887
0.045153
0.034806
0.034847
0.034886
0.034854
0.034828
0.034858
0.034817
0.034842
0.034874
0.045219
0.034931
0.034966
0.035024
0.034944
0.034985
0.035794
0.035118
0.035613
0.035382
0.045784
0.036056
0.035745
0.036194
0.035926
0.035751
0.036179
0.035321
0.035225
0.035182
0.045566
0.035272
0.035170
0.035177
0.035170
0.035289
0.035162
0.035225
0.035163
0.035268
0.045440
0.035173
0.035266
0.035239
0.035058
0.035129
0.034902
0.034865
0.035298
0.035069
0.045511
0.035111
0.035349
0.035136
0.034983
0.034895
0.034825
0.034854
0.034636
0.034666
0.044888
0.034724
0.034736
0.034631
0.034580
0.034726
0.034595
0.034581
0.034684
0.034554
0.044863
0.034610
0.034526
0.034431
0.034509
0.034429
0.034425
0.034366
0.034382
0.034427
0.044724
0.034512
0.034379
0.034449
0.034401
0.034396
0.034369
0.034436
0.034476
0.034434
0.045118
0.034543
0.034587
0.034901
0.034673
0.034609
0.034660
0.034761
0.034350
0.034881
0.045070
0.034790
0.034824
0.034774
0.034797
0.034877
0.034893
0.034814
0.034895
0.034897
0.045105
0.034906
0.034913
0.034899
0.034948
0.034979
0.034977
0.035079
0.035134
0.035089
0.045439
0.035093
0.035063
0.035093
0.035132
0.035072
0.035052
0.035015
0.034969
0.034965
0.045218
0.035007
0.035680
0.035085
0.034983
0.034919
0.035024
0.035012
0.034989
0.034937
0.045342
0.035009
0.035052
0.035007
0.035047
0.035124
0.034991
0.035025
0.035067
0.035121
0.045346
0.035099
0.034975
0.035040
0.035024
0.035034
0.035046
0.035017
0.035054
0.035094
0.045436
0.035181
0.035108
0.035090
0.035037
0.035019
0.035117
0.035232
0.035073
0.035095
0.045412
0.035141
0.035083
0.035165
0.035137
0.035133
0.035105
0.035063
0.035111
0.035169
0.045395
0.035224
0.035204
0.035134
0.035153
0.035131
0.035268
0.035110
0.035200
0.035030
0.045372
0.035130
0.035220
0.035136
0.035209
0.035112
0.035122
0.035164
0.035150
0.035219
0.045545
0.035263
0.035232
0.035203
0.035259
0.035170
0.035252
0.035168
0.035350
0.035159
0.045489
0.035198
0.035273
0.035303
0.035209
0.035324
0.035177
0.035290
0.035177
0.035162
0.045470
0.035271
0.035279
0.035263
0.035216
0.035230
0.035285
0.035333
0.035246
0.035267
0.045575
0.035374
0.035441
0.035385
0.035271
0.035357
0.035322
0.035324
0.035352
0.035475
0.045718
0.035627
0.035351
0.035389
0.035331
0.035253
0.035392
0.035443
0.035276
0.035198
0.045484
0.035281
0.035164
0.035326
0.035238
0.035275
0.035421
0.035262
0.035372
0.035451
0.045792
0.035583
0.035352
0.035369
0.035434
0.035496
0.035578
0.035483
0.035455
0.035281
0.045477
0.035317
0.035290
0.035244
0.035210
0.035131
0.035103
0.035144
0.035249
0.035175
0.045518
0.035254
0.035059
0.035079
0.035017
0.034897
0.034849
0.034684
0.034758
0.034725
0.045216
0.034873
0.034821
0.034924
0.034958
0.034894
0.034737
0.034487
0.034494
0.034520
0.044661
0.034368
0.034436
0.034392
0.034369
0.034409
0.034515
0.034399
0.034374
0.034331
0.044733
0.034458
0.034351
0.034357
0.034347
0.034364
0.034476
0.034375
0.034315
0.034328
0.044671
0.034533
0.034347
0.034521
0.034612
0.034719
0.034591
0.034694
0.034629
0.034560
0.044981
0.034821
0.034438
0.034369
0.034299
0.034404
0.034302
0.034346
0.034446
0.034478
0.044767
0.034726
0.034739
0.034976
0.034794
0.035589
0.034587
0.034600
0.034672
