262.000000,90.000000,331.000000,90.000000,331.000000,126.000000,262.000000,126.000000
325.419688,90.373039,326.311465,129.675423,267.889003,131.001038,266.997225,91.698654
323.992161,92.954896,327.037785,131.616369,269.310380,136.163946,266.264755,97.502472
323.678701,96.365782,324.745376,135.163622,269.242911,136.689559,268.176236,97.891720
325.414205,99.439950,324.483403,139.160816,268.438893,137.847493,269.369695,98.126627
323.266297,100.642676,325.999057,138.095192,270.355319,142.155294,267.622558,104.702777
323.886679,104.699635,321.094079,145.854998,267.592108,142.224618,270.384708,101.069255
321.536721,104.318724,325.386183,142.526336,269.383245,148.168699,265.533782,109.961087
320.012154,104.930323,323.403064,141.568010,267.672498,146.726014,264.281588,110.088327
319.694170,104.533440,324.081860,142.436575,267.227158,149.018109,262.839469,111.114975
323.104703,104.573466,327.721531,141.481137,265.138958,149.309671,260.522131,112.402000
320.866501,105.428155,323.914927,142.668177,263.673716,147.599454,260.625290,110.359432
318.249065,103.508695,324.004761,140.985963,264.041133,150.195076,258.285437,112.717808
318.251736,104.562615,322.830139,141.650882,267.197738,148.518485,262.619336,111.430218
315.522493,102.113868,321.565765,139.123716,266.050993,148.188624,260.007721,111.178776
314.356982,101.752096,320.673491,138.858946,265.775685,148.203920,259.459176,111.097069
314.355777,98.933107,323.459676,137.048447,267.791219,150.344932,258.687319,112.229591
311.105825,96.229168,322.213519,131.161958,266.523565,148.869876,255.415871,113.937087
308.903758,96.513149,320.630378,130.489091,264.341876,149.916774,252.615256,115.940831
307.889091,96.253078,317.952864,127.319959,263.585821,144.931561,253.522048,113.864680
304.748808,93.394513,319.334589,128.300373,265.780392,150.678556,251.194612,115.772696
304.964846,93.287249,316.357976,125.050554,261.028347,144.896651,249.635217,113.133346
302.475762,90.616118,317.879947,126.937739,264.123947,149.735932,248.719763,113.414311
301.386031,89.710433,317.439097,124.463176,263.324110,149.460093,247.271045,114.707350
300.908601,89.160262,314.100878,121.578835,258.887996,144.046931,245.695720,111.628358
299.318945,88.823619,311.898713,119.264189,255.927342,142.394730,243.347574,111.954160
298.364328,87.757963,310.080704,117.703763,253.041084,140.020669,241.324708,110.074869
296.594100,85.389416,309.706068,114.930555,251.092697,140.946365,237.980729,111.405225
294.743081,85.577261,307.571343,116.134367,252.762566,139.143790,239.934304,108.586684
290.861562,85.142525,304.308262,113.253426,253.073879,137.761121,239.627179,109.650220
290.521582,83.631930,305.404954,116.027639,253.309150,139.961711,238.425778,107.566001
284.648474,82.285597,301.605482,113.319670,252.394311,140.208640,235.437302,109.174567
284.397365,82.429096,299.956372,112.888431,251.498339,137.641396,235.939332,107.182061
277.811207,79.832631,298.305111,104.398867,258.621191,137.504405,238.127287,112.938169
275.867769,79.431875,296.982616,105.157443,257.850767,137.275802,236.735920,111.550234
251.901376,77.781830,286.650280,83.118082,279.891028,127.133360,245.142124,121.797109
272.894433,79.170906,295.724786,103.369048,257.935907,139.021928,235.105554,114.823786
270.207185,80.454951,293.536248,104.300343,253.680379,143.293206,230.351316,119.447814
268.294464,82.288521,290.814151,105.837137,248.911467,145.908933,226.391780,122.360317
266.846957,82.608687,289.968693,105.669824,249.436998,146.308025,226.315263,123.246888
263.033898,84.507761,286.199472,101.503962,253.359356,146.264563,230.193782,129.268362
262.331790,84.062305,282.559184,96.921290,252.142739,144.766857,231.915345,131.907873
261.349300,83.618257,285.713098,97.279087,256.849086,148.757434,232.485288,135.096604
262.295093,84.659528,283.340913,97.334139,252.969676,147.764688,231.923856,135.090077
261.034916,84.732182,283.340072,96.830555,255.902689,147.415463,233.597533,135.317089
259.765161,86.078884,283.075160,96.469115,260.253761,147.667862,236.943762,137.277632
259.997673,87.166566,282.101238,96.307899,258.998598,152.169634,236.895033,143.028302
257.316622,87.136188,278.488603,92.637355,267.715485,134.099151,246.543504,128.597985
258.294615,88.269213,278.461138,93.155301,267.162061,139.790385,246.995538,134.904297
257.082812,88.041751,278.036374,92.369559,267.965897,141.126886,247.012335,136.799078
256.600818,88.362398,278.422584,92.786034,268.799234,140.257947,246.977468,135.834311
257.845568,88.873096,280.197989,93.734670,270.395145,138.805945,248.042724,133.944372
254.841816,88.146606,278.655124,93.349200,270.170893,132.183210,246.357585,126.980616
257.236599,87.390182,279.993978,93.436423,267.626666,139.985607,244.869287,133.939366
254.813241,86.596198,281.057847,92.938173,271.809133,131.211557,245.564527,124.869581
256.746054,86.308261,280.733958,91.768786,271.850417,130.793883,247.862513,125.333358
251.128682,83.179410,281.518859,91.930283,270.679709,129.572661,240.289532,120.821788
258.334376,84.572910,283.182905,93.584939,265.158848,143.281997,240.310319,134.269968
255.044402,86.306514,280.260721,91.417999,272.396898,130.212336,247.180579,125.100851
251.923919,87.241192,279.869648,90.411660,275.388720,129.908290,247.442991,126.737822
279.790742,129.336091,252.230406,129.681511,251.745859,91.020485,279.306194,90.675065
254.484392,90.638314,279.911520,92.182254,277.584087,130.512700,252.156960,128.968759
262.796834,89.715206,285.729446,95.771146,273.250539,143.026225,250.317927,136.970285
259.800079,91.664577,283.708907,95.185336,276.832424,141.882265,252.923596,138.361506
260.135747,92.211584,283.873526,96.472637,276.771773,136.035602,253.033993,131.774550
262.129168,91.502401,283.527243,96.045309,273.911421,141.337901,252.513346,136.794993
257.816803,93.532949,283.827222,95.260232,281.236298,134.275861,255.225878,132.548578
266.337832,92.464169,289.468958,101.165327,272.468234,146.359989,249.337108,137.658831
262.557157,94.424489,290.713010,99.921817,282.696072,140.982436,254.540220,135.485107
266.219999,94.121718,287.828500,102.531999,270.257021,147.678332,248.648520,139.268052
265.736173,94.744119,286.733750,102.428090,269.626042,149.177413,248.628465,141.493442
265.963685,95.223513,287.116721,102.768432,272.969998,142.430374,251.816962,134.885456
266.958021,95.516747,287.803355,102.908772,271.592775,148.622224,250.747441,141.230199
264.061545,95.422754,285.130346,101.951901,271.834628,144.855641,250.765827,138.326493
266.634339,95.711891,287.157587,102.673679,271.768371,148.040857,251.245124,141.079069
265.669612,95.372485,285.953778,102.341399,270.574105,147.106454,250.289939,140.137539
265.120584,95.834642,285.055319,102.150922,270.700137,147.457140,250.765402,141.140860
266.358082,95.413344,287.475748,104.340568,269.477311,146.916507,248.359645,137.989283
261.854525,94.725322,285.180470,102.037885,271.135707,146.838510,247.809761,139.525947
249.798224,96.204611,281.617803,100.390687,275.683113,145.501988,243.863534,141.315912
260.004756,96.185652,283.175184,102.895438,270.551688,146.487261,247.381259,139.777474
261.973377,95.608841,284.006295,102.579762,270.304829,145.885842,248.271911,138.914921
254.539607,94.434837,284.051321,102.011344,272.737071,146.082171,243.225357,138.505664
263.401905,95.174073,283.857363,101.402948,270.056130,146.725827,249.600672,140.496951
259.250550,96.655850,281.918814,101.149517,272.854001,146.876876,250.185738,142.383208
263.766707,94.474847,284.429763,101.413282,269.139508,146.948535,248.476452,140.010100
265.042561,94.117860,284.430282,100.550745,269.379758,145.910696,249.992037,139.477810
265.166588,94.919577,284.544429,101.349160,269.618610,146.333435,250.240769,139.903851
262.328881,94.766097,283.898633,98.679458,275.751144,143.586975,254.181392,139.673614
267.962169,94.034169,286.468404,100.596856,270.314097,146.150664,251.807862,139.587977
267.712787,93.821015,286.550206,99.806961,271.639759,146.729261,252.802340,140.743316
266.760922,94.175516,286.904285,99.732564,275.601816,140.702116,255.458453,135.145068
265.938757,93.957706,286.929001,99.329306,276.269732,140.981822,255.279488,135.610222
267.008377,94.253432,286.835024,99.802499,275.360681,140.799971,255.534035,135.250904
268.026013,93.633941,288.343995,100.119965,273.518798,146.561068,253.200815,140.075044
267.953941,93.363168,288.829554,100.677125,272.668067,146.805495,251.792454,139.491538
268.351492,92.891524,288.794576,101.352963,270.294141,146.050553,249.851057,137.589114
270.987916,92.495644,292.351155,104.036489,269.269465,146.762968,247.906226,135.222123
270.330193,92.457774,291.139845,102.271938,269.789734,147.542058,248.980081,137.727894
270.366177,91.932255,290.030168,99.918735,270.543157,147.898874,250.879166,139.912394
268.575816,91.771586,288.692590,99.446879,268.471145,152.446842,248.354371,144.771549
268.444616,90.996672,288.236062,98.383436,268.774781,150.526285,248.983334,143.139521
267.470870,92.061340,287.830971,98.569558,271.078336,150.977966,250.718234,144.469748
267.143706,91.382988,289.474785,98.219656,273.947436,148.937699,251.616357,142.101030
264.773643,92.339886,287.151521,97.279947,275.744473,148.952501,253.366596,144.012441
263.117197,92.233282,285.790764,96.450897,276.262079,147.676362,253.588512,143.458747
261.932956,92.487407,286.577388,96.841108,277.869985,146.129973,253.225553,141.776272
259.811553,89.169998,285.192039,92.193113,279.378356,141.001739,253.997870,137.978624
283.472102,140.858373,259.100087,143.739049,253.524586,96.567407,277.896600,93.686731
282.138096,140.341345,254.974104,141.471684,252.996011,93.934697,280.160004,92.804358
285.000913,138.419344,259.298283,143.978160,249.359793,98.024973,275.062423,92.466156
285.358220,139.766641,257.846952,145.660012,247.493733,97.329407,275.005000,91.436035
286.438409,138.137693,258.767246,146.388289,244.672478,99.116717,272.343641,90.866122
285.408943,138.409118,253.514315,144.679787,244.227375,97.443440,276.122003,91.172771
284.363606,136.323898,250.894987,143.116923,241.952270,99.056969,275.420889,92.263944
283.803147,148.559366,250.885499,153.376370,242.703191,97.461461,275.620839,92.644457
284.939671,147.260235,251.439026,153.758111,240.789728,98.854276,274.290373,92.356399
286.087340,149.452351,253.277717,156.421713,241.131114,99.239226,273.940738,92.269864
286.558877,149.529388,255.110174,157.666570,240.438589,100.963606,271.887291,92.826425
285.337008,150.981998,250.393106,158.821572,237.218266,100.096405,272.162167,92.256831
288.913087,150.654675,252.142769,161.303518,235.246605,102.961281,272.016922,92.312438
290.233867,149.057859,258.547799,161.838870,235.382217,104.407872,267.068285,91.626862
290.276841,150.674443,255.439361,164.037549,232.981918,105.491228,267.819399,92.128122
291.411348,147.176007,258.040621,163.604210,230.898372,108.469966,264.269099,92.041763
290.269678,143.645222,254.502069,161.801462,227.640782,108.885001,263.408391,90.728760
292.072239,136.860392,261.963121,159.235998,226.896872,112.050067,257.005990,89.674461
292.422003,135.365225,265.044949,159.717479,225.063636,114.770076,252.440690,90.417822
290.293770,131.666940,260.181371,160.885858,219.813129,119.283201,249.925528,90.064283
291.820375,125.544730,268.668716,159.458291,218.030660,124.889375,241.182319,90.975814
285.033103,124.846918,263.997377,154.544819,218.308298,122.182163,239.344024,92.484262
284.920388,125.243397,259.852067,160.477842,212.872808,127.053414,237.941129,91.818970
279.782645,117.440105,261.632233,158.078854,211.962651,135.895017,230.113063,95.256268
278.847277,121.110189,257.664618,158.291121,210.600148,131.477628,231.782807,94.296696
277.905726,130.845456,249.629140,161.092971,208.492519,122.636813,236.769106,92.389298
276.843857,130.527296,245.532837,164.884495,203.495793,126.574541,234.806813,92.217342
276.175965,125.882739,255.955020,158.559247,206.459722,127.930463,226.680667,95.253956
276.661394,134.031159,249.767318,164.302035,204.568339,124.145127,231.462415,93.874251
272.924478,126.922740,255.213794,156.566270,204.325734,126.162929,222.036418,96.519399
269.461623,130.904239,243.870794,162.957179,199.851423,127.812440,225.442253,95.759500
265.298890,138.632424,227.070666,167.711692,193.311975,123.331799,231.540200,94.252531
266.617544,129.944058,238.641381,166.779891,192.929443,132.062485,220.905606,95.226651
264.464552,136.024560,229.670854,168.536760,191.607791,127.802675,226.401488,95.290475
260.443835,134.564262,225.535035,168.008154,185.720878,126.450059,220.629678,93.006168
259.680354,134.110965,228.083409,167.706623,185.325298,127.492330,216.922243,93.896671
258.201425,133.026835,226.454992,168.307206,184.205659,130.289872,215.952093,95.009501
257.972804,133.458909,229.954617,168.308800,184.242422,131.557673,212.260608,96.707781
256.376483,133.687120,227.865028,167.612412,182.043855,129.103434,210.555310,95.178143
255.740111,134.929540,225.026547,168.731864,182.238795,129.853935,212.952359,96.051610
255.256584,134.342021,234.185022,160.035732,187.670545,121.888939,208.742107,96.195228
251.575905,135.583957,231.688773,159.394788,186.155781,121.365009,206.042913,97.554178
250.031482,134.023783,231.832525,158.040118,187.170569,124.196443,205.369526,100.180108
249.260844,143.924667,228.206942,166.211401,185.825611,126.174472,206.879514,103.887737
247.447233,143.841825,221.577670,171.626644,178.023088,131.074356,203.892651,103.289537
248.397884,145.656323,223.574754,172.358800,180.469327,132.287176,205.292457,105.584699
244.399189,137.805928,223.706649,166.336861,181.123168,135.452472,201.815708,106.921540
239.295071,135.721042,214.144414,166.179118,176.746523,135.297931,201.897180,104.839854
241.286728,131.612016,223.738288,161.097604,176.643251,133.068846,194.191692,103.583258
241.132336,138.750196,219.139119,165.950205,175.171981,130.399525,197.165198,103.199516
241.387382,141.586184,219.007608,168.258614,177.093789,133.090399,199.473562,106.417968
239.884543,148.635401,217.667583,169.789363,178.089202,128.222148,200.306162,107.068185
239.598715,147.782948,218.210067,168.322287,175.738892,124.094913,197.127540,103.555574
239.729661,145.791113,220.408077,166.539306,175.635661,124.845362,194.957245,104.097169
238.695293,144.737000,217.622485,166.133559,174.484261,123.648060,195.557068,102.251500
238.352127,143.086591,215.823847,167.211108,173.884303,128.046561,196.412582,103.922044
237.710130,141.329535,218.852151,162.300775,175.805922,123.592293,194.663901,102.621053
235.227592,143.048524,211.769225,164.709778,172.972948,122.694792,196.431316,101.033537
233.992087,140.160620,214.836152,159.210401,174.062937,118.209979,193.218872,99.160198
232.743691,139.237557,212.156158,160.179983,170.936145,119.658491,191.523677,98.716065
231.342888,134.276580,211.984973,157.010991,167.959607,119.524236,187.317521,96.789825
229.012654,132.625931,207.897838,156.650184,166.464704,120.234777,187.579520,96.210523
228.548233,131.599930,207.233599,155.926964,163.868017,117.931313,185.182651,93.604279
224.826348,131.366183,202.536523,154.471186,162.188979,115.547162,184.478805,92.442159
224.491336,130.601783,200.764847,155.077944,159.854693,115.420814,183.581181,90.944653
222.877996,131.718476,196.748654,155.004898,158.825052,112.451398,184.954394,89.164975
221.563486,130.312304,196.444585,153.260836,157.740345,110.896122,182.859245,87.947591
220.344015,130.107203,194.008625,153.436174,156.015729,110.547111,182.351119,87.218140
218.162955,128.085540,191.330487,150.379283,155.267079,106.973821,182.099547,84.680077
217.663983,126.717221,192.950849,149.074576,155.243668,107.394215,179.956802,85.036860
216.971648,130.802310,190.597108,150.348906,155.946323,103.594040,182.320863,84.047443
216.739525,130.392016,191.277523,149.774649,156.449355,104.022615,181.911357,84.639982
214.179706,129.101708,190.338308,146.822264,156.640202,101.484524,180.481600,83.763968
212.630488,128.619716,190.675620,144.106146,159.431068,99.811235,181.385937,84.324805
209.220171,132.133722,187.320789,144.951979,159.853096,98.024732,181.752478,85.206475
206.808010,130.548636,183.238374,143.308884,158.335309,97.310078,181.904946,84.549830
205.867503,132.425528,181.664410,144.550383,157.607158,96.528373,181.810251,84.403518
202.800179,134.144026,178.570522,144.550255,157.758064,96.090940,181.987721,85.684711
201.550910,133.459340,177.686758,143.297401,157.843890,95.164621,181.708041,85.326560
198.761852,135.631256,174.444957,144.054241,157.322824,94.623176,181.639719,86.200191
196.649535,135.884216,172.296472,143.159877,157.506604,93.655289,181.859667,86.379628
195.060213,136.856981,170.244034,142.409123,158.963492,91.988950,183.779671,86.436808
192.940803,137.218104,168.282773,140.958475,160.679398,90.833955,185.337427,87.093585
191.478554,137.247206,166.053028,139.194668,162.279820,89.932711,187.705346,87.985248
188.594098,138.151273,163.777984,139.703039,160.724509,90.871330,185.540624,89.319564
161.568164,88.951976,190.055780,89.792060,188.608968,138.854066,160.121352,138.013981
187.168717,136.802288,161.947362,138.158887,159.367600,90.196967,184.588955,88.840368
184.088734,137.627561,160.734586,137.657210,160.674284,90.157248,184.028432,90.127599
163.448034,87.397524,189.761761,89.898287,185.296112,136.887086,158.982385,134.386322
166.088498,86.524276,187.429912,90.610930,178.234938,138.629111,156.893525,134.542456
168.378095,86.853880,190.880098,93.878284,176.378104,140.334033,153.876101,133.309629
166.703097,86.684700,187.847666,92.072948,175.747742,139.555490,154.603172,134.167242
165.161853,87.345844,188.056540,92.469210,177.321869,140.439031,154.427181,135.315666
188.987081,138.468913,151.877802,138.553441,151.768361,90.506691,188.877640,90.422163
162.291216,87.411218,184.735930,90.302779,178.216774,140.905408,155.772060,138.013847
163.682864,88.144962,185.440449,92.874184,174.820441,141.733323,153.062856,137.004100
162.474517,87.988957,184.140768,91.428067,176.243554,141.180199,154.577303,137.741089
169.096183,87.535271,191.209706,96.590818,173.098613,140.817865,150.985090,131.762319
174.191166,88.850152,190.866507,103.379535,168.435178,129.123921,151.759837,114.594537
166.597935,88.370792,187.242057,94.939796,172.990658,139.727044,152.346536,133.158040
168.322149,85.896710,190.527434,101.247413,172.443043,127.407064,150.237758,112.056361
167.891968,88.253365,189.177984,95.544148,176.191277,133.459864,154.905261,126.169081
174.474830,88.228434,194.831830,103.307237,175.189705,129.824909,154.832704,114.746105
169.977747,88.612534,193.002172,98.191404,178.129715,133.939854,155.105290,124.360983
172.360444,88.551287,194.744000,101.343835,174.275923,137.157524,151.892367,124.364976
175.847234,89.382543,195.991070,105.845793,169.738860,137.967045,149.595024,121.503795
174.469491,89.596748,192.457885,103.613577,167.539078,135.592942,149.550685,121.576114
173.206941,88.488235,191.761335,101.316558,169.259194,133.862790,150.704800,121.034467
169.143381,88.061606,188.967748,97.122415,172.161410,133.893417,152.337043,124.832609
169.236956,87.824598,187.613654,96.380512,170.654610,132.805752,152.277912,124.249838
167.588370,87.638829,187.923385,95.087339,172.435213,137.371260,152.100197,129.922750
170.233564,87.513998,188.086986,96.324094,169.986242,133.004761,152.132821,124.194665
169.348190,88.248546,189.220944,96.854754,173.237987,133.761297,153.365233,125.155089
167.751108,87.982617,188.381912,96.562424,172.146278,135.602253,151.515473,127.022446
170.149490,87.744952,192.257335,99.361396,173.339127,135.365601,151.231281,123.749157
168.978723,88.307115,189.292307,97.848261,171.748911,135.199044,151.435327,125.657899
171.664868,88.078207,194.952887,101.965927,174.304041,136.591536,151.016021,122.703816
169.719922,87.014423,193.625820,98.712461,178.242099,130.150355,154.336201,118.452317
171.802314,88.249285,195.191408,101.644105,174.831281,137.195528,151.442187,123.800708
173.521252,87.345212,196.275626,105.336645,169.630085,139.036160,146.875712,121.044727
176.547725,86.841215,193.466256,106.857210,166.974498,129.249383,150.055967,109.233388
170.634321,87.589852,188.240345,97.483212,167.554228,134.295807,149.948204,124.402447
170.772802,86.717752,189.127187,96.776002,169.187148,133.162764,150.832763,123.104514
169.213520,87.211580,188.913893,96.969040,169.863613,135.431674,150.163240,125.674214
169.248805,87.318400,195.342320,101.146747,177.075244,135.615958,150.981729,121.787611
163.469330,87.525392,194.815637,96.008728,182.583850,141.205729,151.237543,132.722393
170.420411,87.329407,195.950695,104.342573,171.425222,141.145970,145.894938,124.132804
171.558238,85.905674,194.043833,101.336045,169.763689,136.717790,147.278094,121.287418
165.258277,86.188297,188.591845,94.187612,171.843278,143.042270,148.509710,135.042954
161.972361,86.523178,183.578136,91.627454,170.028602,148.980964,148.422828,143.876688
161.531171,86.697586,183.982874,91.316397,172.264778,148.277197,149.813076,143.658386
166.957710,84.848288,186.307162,93.973471,164.957677,139.243887,145.608225,130.118704
166.583059,84.203755,187.351740,94.194769,166.523016,137.492188,145.754336,127.501174
169.030191,83.047396,188.550137,94.548586,165.151163,134.261579,145.631217,122.760389
167.600278,83.989310,188.369751,96.247683,161.712653,141.413045,140.943180,129.154672
161.627166,84.599551,187.596358,92.924177,171.804052,142.189263,145.834860,133.864636
164.578480,81.891861,190.677114,93.067230,173.509157,133.160784,147.410523,121.985416
155.689564,84.959707,187.967032,91.088433,178.048174,143.326968,145.770705,137.198242
155.190478,85.350120,188.596776,91.591673,178.776733,144.150916,145.370435,137.909363
159.276761,82.612764,193.042769,93.081272,177.130636,144.405605,143.364628,133.937096
155.918424,82.319309,192.115096,91.630140,178.626329,144.068908,142.429657,134.758077
159.386011,80.843367,196.043753,94.739231,176.981479,145.026132,140.323737,131.130269
163.330397,79.415939,197.378547,96.207423,172.645145,146.359429,138.596994,129.567944
167.399975,76.634931,199.654881,99.272810,167.149208,145.587547,134.894302,122.949668
171.733234,75.527779,201.568016,99.621936,164.449991,145.583627,134.615209,121.489471
173.547321,76.184986,200.012680,99.986243,160.110574,144.354639,133.645215,120.553382
174.336797,76.914752,198.347571,101.484887,156.795137,142.091342,132.784363,117.521207
175.956743,75.588908,199.682409,99.942403,156.347513,142.160134,132.621847,117.806639
174.192478,74.197261,199.158910,97.537148,156.254706,143.431324,131.288274,120.091437
177.676708,75.542857,200.617976,101.138947,154.010171,142.912600,131.068903,117.316510
178.491313,74.861333,202.908032,101.890328,154.941084,145.221406,130.524366,118.192412
178.366085,74.075711,202.757838,100.962206,154.124913,145.082584,129.733160,118.196088
179.134718,73.253793,203.084888,101.237428,152.878955,144.206850,128.928785,116.223216
180.112602,73.133792,203.305227,100.339758,152.603198,143.562378,129.410573,116.356411
179.761310,73.027509,200.154903,97.633127,147.607311,141.185545,127.213719,116.579927
179.860181,72.107551,200.580368,96.033735,148.672715,140.986005,127.952528,117.059821
183.358943,72.214213,203.752173,99.099658,147.379466,141.859656,126.986236,114.974212
182.562995,72.217801,201.556473,97.621086,145.056062,139.865200,126.062584,114.461915
184.567213,71.937068,203.686128,98.118668,145.997856,140.245091,126.878941,114.063491
183.090556,70.243603,203.711511,98.048745,145.894471,140.927238,125.273516,113.122097
185.167501,71.503208,203.956054,99.643232,143.985511,139.684410,125.196958,111.544386
182.502912,69.238324,203.991810,96.295185,146.823281,141.699147,125.334383,114.642285
184.364520,70.563689,204.472084,98.170887,145.184495,141.352706,125.076931,113.745508
185.991826,69.693210,205.270072,98.367165,149.309612,135.990839,130.031366,107.316884
188.955848,71.299285,203.666492,100.104062,149.897576,127.563929,135.186933,98.759153
190.179037,72.299661,204.684007,105.151429,150.243933,129.188236,135.738964,96.336467
191.908909,72.369756,206.305042,109.488303,150.151344,131.267068,135.755210,94.148522
189.223883,70.313319,207.822219,106.431078,151.793387,135.282343,133.195051,99.164584
186.450206,69.757191,206.121629,104.496091,149.968337,136.293734,130.296914,101.554833
192.541119,73.552282,204.100708,111.382894,146.273915,129.052552,134.714326,91.221940
189.497639,71.443799,206.180828,107.465956,150.687235,133.167085,134.004046,97.144928
190.154531,72.418594,204.298903,109.458240,147.504779,131.146276,133.360408,94.106631
190.332945,73.927467,204.022852,110.415176,147.042047,131.793935,133.352140,95.306227
190.129109,72.735275,203.736658,107.930696,146.418400,130.091561,132.810852,94.896140
191.624599,74.279037,204.257723,110.798940,146.648861,130.727248,134.015737,94.207345
189.753470,73.162809,203.186274,109.776465,146.740221,130.485370,133.307418,93.871714
191.082238,74.338121,203.905752,110.407659,147.225049,130.558895,134.401535,94.489357
187.967725,75.615379,199.242027,111.997066,145.438124,128.670329,134.163822,92.288643
186.710573,74.937767,200.490714,110.644401,146.176396,131.605741,132.396256,95.899107
184.719568,74.342586,199.256357,110.935924,147.415794,131.529708,132.879005,94.936370
188.660181,74.406098,200.903632,110.098968,144.814837,129.338678,132.571385,93.645808
187.044676,75.920546,199.092588,113.582081,145.953710,130.581190,133.905798,92.919655
189.583514,77.082078,198.303612,118.073686,145.600116,129.285241,136.880017,88.293633
191.060384,76.071730,202.425609,110.905148,146.692138,129.089508,135.326914,94.256089
181.874916,75.774121,199.331992,110.858458,149.936940,135.436183,132.479864,100.351847
181.104502,77.331112,199.170274,108.605369,152.025499,135.838846,133.959727,104.564589
187.440156,74.927276,203.630131,108.379515,150.389244,134.146658,134.199269,100.694420
179.643550,76.519631,199.606681,107.690609,154.883104,136.333363,134.919973,105.162385
181.327689,77.747883,198.737667,110.961474,153.068979,134.900194,135.659001,101.686603
181.479569,78.684269,198.738555,114.439906,154.160099,135.957603,136.901114,100.201966
176.274841,76.648963,200.714492,106.113477,159.857033,140.003126,135.417382,110.538612
178.629966,78.980180,199.305122,111.507061,155.789431,139.167068,135.114274,106.640187
181.916901,77.750140,201.347395,109.987891,156.302866,137.137348,136.872373,104.899597
178.982703,77.984116,200.055263,109.709278,159.024054,136.963121,137.951494,105.237960
178.530846,78.638312,200.517464,107.802505,158.521027,139.463234,136.534409,110.299042
176.027330,78.049423,199.450677,106.580018,159.507844,139.372703,136.084497,110.842108
179.547755,78.918160,199.093157,106.910293,158.524847,135.236963,138.979445,107.244829
178.287652,79.975933,198.626718,107.172765,156.057764,139.007825,135.718698,111.810993
180.587151,80.012485,198.917481,107.591003,156.738572,135.625625,138.408242,108.047108
178.608471,79.287923,199.067410,105.943068,158.891539,136.779731,138.432599,110.124586
182.172269,76.737090,202.744906,104.755891,157.756973,137.788011,137.184336,109.769211
178.549862,79.969412,198.782463,107.952427,155.984911,138.896404,135.752311,110.913390
179.211575,80.285231,199.640068,109.146313,156.150767,139.928975,135.722273,111.067893
182.032884,80.714038,200.330840,113.443833,154.849177,138.870863,136.551221,106.141068
178.937611,80.583277,200.041745,110.503893,155.160822,142.160094,134.056688,112.239479
178.668203,78.961373,202.929017,109.113375,158.288391,145.031983,134.027577,114.879981
177.696340,79.245143,201.378577,107.442286,157.874414,143.980594,134.192177,115.783452
182.179705,77.495702,206.620608,112.988146,158.874821,145.866979,134.433918,110.374536
181.059384,78.332830,206.444198,110.489474,155.247436,150.904769,129.862623,118.748125
183.998463,77.565562,205.724981,108.573430,152.039716,146.189490,130.313198,115.181622
181.653195,77.822418,203.267335,109.076681,150.525766,145.550542,128.911626,114.296278
188.133190,78.664271,207.524012,112.123349,150.238015,145.322787,130.847192,111.863709
189.846062,77.012941,208.317335,112.242939,145.987339,144.922883,127.516066,109.692885
193.007119,78.426114,208.480605,111.524211,144.454778,141.456527,128.981292,108.358430
194.021356,78.145304,210.550678,114.684677,146.345781,143.729056,129.816459,107.189683
170.703191,70.216416,210.862924,107.417262,166.712468,155.079362,126.552736,117.878516
202.135090,80.220348,211.208386,120.339964,150.720350,134.019702,141.647054,93.900086
206.991170,85.079473,211.419585,123.323938,153.455317,130.035755,149.026902,91.791289
210.627450,85.973124,212.202342,124.722383,153.508612,127.107881,151.933719,88.358622
214.585583,89.088190,212.932164,126.460487,153.136489,123.815017,154.789908,86.442720
217.306064,85.128544,211.441190,130.138677,153.416079,122.577936,159.280952,77.567803
217.860421,81.174076,211.997013,128.966787,154.201176,121.876155,160.064584,74.083444
223.389459,90.988367,206.508146,136.199971,151.372044,115.613004,168.253357,70.401401
225.813486,89.654529,206.636943,135.988801,152.487251,113.577661,171.663794,67.243389
224.303003,93.749773,205.476516,136.450372,153.702040,113.623256,172.528527,70.922657
227.013317,87.538691,209.711274,133.671698,157.811641,114.206900,175.113684,68.073893
221.933501,87.169286,219.493089,127.199132,161.163884,123.643103,163.604296,83.613257
222.672972,90.262298,218.480061,125.938629,162.803362,119.395147,166.996273,83.718816
224.478147,88.466262,222.093657,123.105642,165.223033,119.190808,167.607523,84.551428
226.645704,91.915623,219.775547,126.871904,165.884614,116.280412,172.754771,81.324132
229.475671,92.679630,221.991610,127.509638,168.295348,115.971710,175.779409,81.141702
231.836515,104.413787,208.240033,135.834255,162.501378,101.484946,186.097860,70.064479
235.408887,95.752416,223.556105,128.573609,172.119906,109.998355,183.972687,77.177161
236.681953,101.375950,222.794108,130.931971,173.086253,107.575140,186.974099,78.019119
237.869358,103.782243,219.739258,133.354563,174.970051,105.907607,193.100151,76.335286
237.891160,103.957855,219.873830,132.717718,176.334593,105.441481,194.351924,76.681618
238.086500,106.610797,218.212336,133.423262,178.738430,104.164076,198.612594,77.351612
238.738445,110.270826,217.504718,133.464285,181.201913,100.228886,202.435640,77.035427
237.847063,116.596827,214.449225,134.541830,184.451609,95.429027,207.849446,77.484024
237.023812,121.081378,212.455785,135.893019,186.971050,93.621561,211.539077,78.809920
237.146738,122.198412,214.497754,134.955870,190.217430,91.849740,212.866414,79.092282
238.645122,124.928071,216.231967,137.284872,191.714504,92.814327,214.127659,80.457526
238.135410,126.391902,216.370287,137.143907,193.772852,91.400258,215.537976,80.648253
237.255059,127.377784,217.509411,136.271746,196.921536,90.564229,216.667183,81.670266
233.519584,132.117109,213.554879,134.851160,208.499464,97.935290,228.464169,95.201239
238.153160,131.038856,220.004046,138.297643,202.394767,94.269237,220.543881,87.010450
236.771602,132.623558,218.642772,137.989356,205.862416,94.809777,223.991247,89.443979
237.042955,133.454009,218.516180,138.680969,205.448779,92.364033,223.975554,87.137072
236.996057,134.798121,218.342734,139.616613,206.028811,91.947010,224.682134,87.128519
237.992090,136.853014,217.804384,141.115579,207.409708,91.885909,227.597414,87.623344
235.940032,137.539865,216.790533,141.007541,208.481197,95.121005,227.630696,91.653330
236.728840,138.681525,215.645151,141.612626,209.110236,94.606368,230.193926,91.675267
236.531127,139.424104,216.366877,142.061030,210.399097,96.426149,230.563347,93.789223
234.643212,142.815189,214.150479,144.232211,211.047689,99.360192,231.540422,97.943170
234.452251,144.503604,214.265185,144.636068,213.965397,98.949552,234.152462,98.817087
213.830025,98.344790,234.572209,98.357123,234.544825,144.411803,213.802641,144.399470
234.855493,144.980087,212.369186,145.764942,210.652315,96.576145,233.138622,95.791290
234.625948,145.417923,212.084923,146.274428,210.119173,94.540928,232.660198,93.684423
210.599600,96.036617,236.160228,97.615988,233.097205,147.188114,207.536578,145.608743
233.992918,146.981059,208.399617,147.132722,208.086663,94.321149,233.679964,94.169486
211.519507,93.103962,236.057078,94.603270,232.753516,148.669103,208.215946,147.169794
211.679318,94.618288,237.382553,97.207659,231.911463,151.516106,206.208228,148.926735
209.065457,96.299210,238.311059,99.918873,231.963534,151.204639,202.717932,147.584976
213.763827,96.770253,243.120703,104.828314,229.421998,154.735002,200.065123,146.676941
210.053499,93.715244,239.831198,98.672445,230.563387,154.343794,200.785689,149.386593
212.863836,94.420075,241.494350,100.571316,229.665041,155.629997,201.034527,149.478756
214.129567,95.014892,242.328281,102.466537,228.123584,156.220334,199.924870,148.768690
216.055933,97.069576,244.114668,106.910330,226.073286,158.351344,198.014551,148.510591
217.952720,96.313938,244.113417,105.717609,224.535284,160.183320,198.374587,150.779650
218.119964,98.695546,244.603411,109.435018,223.817337,160.693302,197.333889,149.953831
217.544711,103.160804,244.559498,117.519732,219.757713,164.181638,192.742926,149.822709
219.256714,104.487915,245.230227,122.346793,215.815604,165.126697,189.842091,147.267819
222.086218,106.029819,246.588516,126.741594,213.153793,166.295305,188.651494,145.583529
221.427370,100.174867,248.544610,119.117350,215.589879,166.293918,188.472640,147.351435
224.137540,108.710563,245.680074,132.041069,208.072693,166.766347,186.530158,143.435842
222.220352,105.007944,246.587817,127.261632,210.425575,166.858763,186.058109,144.605075
220.091915,105.806443,244.970530,128.573962,208.867750,168.024337,183.989136,145.256818
224.596515,108.186505,246.192784,135.497198,204.056285,168.817156,182.460017,141.506462
227.184724,110.155509,244.857493,138.734142,198.468988,167.420376,180.796219,138.841743
227.197737,110.738318,244.794623,139.933836,198.498873,167.837469,180.901987,138.641951
228.292939,111.558076,242.893259,141.821844,194.646673,165.097717,180.046352,134.833950
223.149017,110.006041,242.132373,135.941575,201.657220,165.567116,182.673864,139.631581
230.066516,113.866766,240.401478,145.601277,190.595926,161.821425,180.260964,130.086914
232.358066,115.926129,239.338083,146.845982,187.956563,158.445127,180.976546,127.525275
225.669213,114.215131,235.650725,147.032845,191.745945,160.386489,181.764434,127.568775
230.447471,118.134849,232.954253,151.603603,183.680810,155.294143,181.174028,121.825390
231.269390,115.864429,237.263681,148.379001,188.256210,157.413874,182.261919,124.899302
232.155453,118.589164,236.399811,150.834465,187.798198,157.231757,183.553841,124.986457
233.763285,118.238607,234.817148,150.763205,180.762183,152.514695,179.708320,119.990098
233.257240,119.933387,233.369177,152.693612,185.192375,152.858225,185.080438,120.098000
234.139279,121.814084,230.428583,154.049128,181.615517,148.430074,185.326213,116.195030
233.136919,119.109326,232.852482,151.996117,181.495028,151.551928,181.779465,118.665138
237.039639,128.829849,221.228328,162.088253,176.182135,140.672933,191.993446,107.414529
183.653955,114.574077,231.657214,121.275336,225.835918,162.975136,177.832660,156.273877
194.306834,108.741510,235.401655,129.790445,213.417212,172.711703,172.322390,151.662768
232.149298,151.537108,183.049206,158.517154,173.944799,94.473556,223.044890,87.493510
231.909148,153.368939,181.090731,155.409654,178.369778,87.651765,229.188195,85.611050
181.988552,79.754535,229.466197,81.211663,227.225862,154.208542,179.748217,152.751414
226.384977,115.047058,229.125717,151.041823,178.236566,154.916663,175.495826,118.921897
225.549879,113.787718,229.821152,151.379171,178.132904,157.252170,173.861631,119.660717
229.623968,119.624188,225.034765,161.561336,173.591863,155.931914,178.181066,113.994766
221.304469,109.933418,228.913540,147.822764,176.409733,158.366762,168.800662,120.477416
229.882961,122.961638,220.682514,161.126119,165.216801,147.754803,174.417248,109.590322
230.837570,126.874142,217.193451,160.475237,165.264486,139.388871,178.908605,105.787776
228.132205,118.449060,221.330219,153.394792,164.196719,142.274084,170.998706,107.328352
229.401906,125.786566,215.976931,156.921817,161.490242,133.428110,174.915217,102.292860
225.940619,118.131120,220.068507,152.502920,164.544829,143.017201,170.416941,108.645400
227.441937,124.758936,215.076105,156.424881,165.241176,136.963900,177.607007,105.297955
225.434459,124.290552,214.411293,154.764391,156.461042,133.802304,167.484208,103.328465
223.629025,120.097056,215.507623,152.452747,157.161296,137.807595,165.282698,105.451904
221.096445,114.733154,217.550819,151.876810,157.192378,146.115169,160.738003,108.971513
218.724085,112.919757,217.409097,148.666411,161.160684,146.597240,162.475672,110.850585
221.790937,119.761523,212.087285,151.487821,159.860917,135.514116,169.564570,103.787818
220.779573,117.903211,211.406739,151.495109,159.619230,137.045322,168.992064,103.453424
217.553501,114.951209,211.864819,150.633404,152.394494,141.152267,158.083177,105.470072
218.679345,114.184932,211.420250,148.280116,158.053875,136.918055,165.312970,102.822871
217.606601,113.810845,209.809905,147.931389,158.141653,136.124964,165.938348,102.004420
217.203493,135.635762,175.379975,154.825110,150.206852,99.959849,192.030370,80.770502
219.153095,133.668510,180.292395,158.938151,147.640611,108.724887,186.501311,83.455246
222.027809,128.824875,184.400102,154.211179,150.143884,103.436441,187.771592,78.050137
219.152498,130.249412,183.294473,157.866568,143.092283,105.668177,178.950308,78.051021
218.568078,134.652046,174.246175,156.304594,139.390853,84.957142,183.712756,63.304593
218.115847,135.195668,171.529917,156.575904,144.078750,96.761871,190.664680,75.381635
225.844104,123.197393,183.657617,157.305498,138.992242,102.061289,181.178729,67.953184
224.250634,125.526743,185.769134,157.614149,144.575842,108.212224,183.057342,76.124817
220.355469,128.249885,186.471565,156.270092,148.414269,110.248670,182.298173,82.228463
220.159273,129.729912,183.280245,155.187671,145.093608,99.869129,181.972636,74.411371
212.131379,139.464115,163.946429,147.709999,150.167122,67.190413,198.352071,58.944528
218.193018,131.661777,176.618751,152.577431,142.971828,85.697088,184.546095,64.781433
222.920677,122.244717,185.114821,155.855048,138.060358,102.926850,175.866214,69.316519
220.502942,127.966794,180.837916,156.491691,138.636698,97.809186,178.301725,69.284289
217.965516,128.176588,178.857232,155.025396,139.702719,97.992482,178.811004,71.143673
213.935161,128.956064,169.152208,149.749759,140.725384,88.527495,185.508337,67.733799
209.599407,131.526633,162.295672,144.932520,144.532872,82.255071,191.836607,68.849185
158.054024,56.190379,203.869097,56.244085,203.776400,135.322155,157.961327,135.268450
201.103750,130.609178,154.506077,134.719961,149.237326,74.996182,195.835000,70.885399
201.164528,131.892279,154.571442,137.025506,148.069355,78.007598,194.662441,72.874371
190.848681,93.518218,201.732274,122.411349,155.058754,139.992537,144.175161,111.099406
188.112285,93.029162,201.170347,118.085974,156.068086,141.590486,143.010024,116.533674
184.726218,92.724452,197.242755,120.034488,148.474835,142.385447,135.958298,115.075411
183.900806,92.883016,196.712531,116.708945,150.409309,141.607204,137.597584,117.781274
181.981370,94.978241,194.376221,116.904888,150.944594,141.456227,138.549743,119.529580
178.610268,94.354411,192.328229,115.673869,151.239819,142.112121,137.521859,120.792663
177.416795,93.088917,191.906251,117.048376,149.977197,142.404922,135.487742,118.445463
173.810921,92.688066,188.229894,111.373006,148.039646,142.387400,133.620674,123.702460
170.950403,92.118431,186.848788,109.593613,150.026083,143.093780,134.127698,125.618598
167.573680,90.650430,185.860687,108.660514,151.810373,143.234388,133.523365,125.224304
158.845226,91.967981,180.840120,105.327723,155.434708,147.154078,133.439814,133.794335
163.837008,92.888087,180.916301,108.678741,146.340214,146.076502,129.260921,130.285848
155.014543,96.140029,173.941629,108.228954,149.332030,146.759095,130.404944,134.670169
154.777904,93.988283,172.572755,103.734531,147.563516,149.396789,129.768666,139.650542
152.462890,94.286074,170.534908,103.785675,147.973356,146.706719,129.901337,137.207118
153.794383,94.568051,173.380426,109.182371,143.939984,148.638312,124.353942,134.023992
150.375462,93.946469,174.792631,108.980684,150.972186,147.667627,126.555017,132.633412
148.496514,97.630603,167.483751,110.693653,143.571727,145.449952,124.584490,132.386901
145.823400,99.041251,164.941894,109.367908,144.472984,147.263496,125.354489,136.936838
149.458247,100.577718,167.866699,114.586855,142.961566,147.312991,124.553115,133.303854
146.931755,101.063474,164.416325,113.717727,140.689602,146.501295,123.205032,133.847042
140.822060,102.303345,165.728386,114.890391,149.000865,147.989587,124.094539,135.402542
134.997692,101.943017,160.143187,109.330901,149.821878,144.460636,124.676383,137.072752
134.214645,99.103890,157.988009,105.026487,148.363789,143.658204,124.590424,137.735606
130.753005,100.144889,153.846285,103.483281,148.160585,142.814024,125.067305,139.475631
150.296255,141.708645,128.895892,142.210602,127.958904,102.263256,149.359268,101.761299
130.982171,99.361045,154.056996,104.895105,144.971225,142.779146,121.896401,137.245086
131.842644,95.420545,157.719586,101.687479,148.232146,140.862295,122.355203,134.595362
126.961170,100.627353,151.391689,101.477688,150.055448,139.868503,125.624929,139.018167
132.428977,92.764652,158.517693,101.022939,145.907066,140.861114,119.818350,132.602827
156.579689,134.438945,133.656617,145.857039,118.086489,114.598304,141.009561,103.180211
150.656229,138.461405,122.246154,140.367705,119.597140,100.888770,148.007214,98.982470
126.927972,95.995514,150.627519,100.724073,142.648074,140.717058,118.948528,135.988498
150.098435,139.199167,120.855085,140.582322,118.915076,99.565675,148.158426,98.182521
124.123405,96.229453,152.140393,101.538808,144.721842,140.685832,116.704854,135.376477
123.340851,97.889945,147.726798,100.957483,142.800145,140.122793,118.414198,137.055254
125.633968,96.397545,149.699089,103.024638,138.591706,143.359136,114.526585,136.732042
128.913297,89.719209,154.514398,98.231498,139.215284,144.244288,113.614183,135.731999
125.630321,89.270839,153.251110,98.410770,137.496755,146.020287,109.875967,136.880356
125.211796,89.757512,152.445548,98.069496,137.109353,148.317686,109.875601,140.005702
124.747729,90.995797,153.017016,101.585062,135.809460,147.522654,107.540173,136.933389
123.525066,89.872418,155.627243,105.408683,133.913908,150.274377,101.811730,134.738112
125.484944,88.237782,156.381140,102.994956,133.662860,150.558836,102.766664,135.801662
128.507043,87.488271,159.680043,111.183333,126.958292,154.231762,95.785291,130.536701
131.611047,87.460181,160.648900,111.500480,124.432346,155.245818,95.394493,131.205519
126.140603,89.079008,156.246727,109.377526,126.216043,153.918093,96.109919,133.619575
129.221627,87.397324,158.242558,109.534071,121.853385,157.239711,92.832454,135.102964
126.164433,87.290649,157.215422,110.341680,121.563161,158.367209,90.512172,135.316178
130.777772,86.464182,158.838010,113.549658,117.457421,156.419467,89.397183,129.333990
121.780231,89.117462,153.098811,114.441483,119.219378,156.340665,87.900797,131.016644
122.040983,92.456911,151.534774,117.770436,118.120921,156.702240,88.627130,131.388715
122.144616,91.892333,150.687219,119.355443,115.126012,156.314454,86.583409,128.851344
130.178389,91.629473,151.335192,128.335989,105.346568,154.842787,84.189766,118.136271
114.928250,91.886049,146.846434,115.160182,116.620287,156.612369,84.702103,133.338236
141.142122,93.306010,152.559135,135.985005,95.163246,151.338919,83.746233,108.659925
137.218701,92.036117,152.067562,132.424232,97.219505,152.589352,82.370644,112.201237
133.132055,89.100516,152.303332,126.867401,98.634601,154.110795,79.463324,116.343910
135.277758,89.794132,152.300897,130.491911,95.746840,154.147442,78.723701,113.449663
133.657007,88.983817,152.043721,128.467225,95.714059,154.698938,77.327344,115.215530
131.468371,89.007965,151.029657,130.917613,93.927762,157.569866,74.366476,115.660218
130.242637,87.388444,150.242275,128.266011,90.833545,157.332152,70.833906,116.454585
130.629306,88.360611,148.143757,130.805685,88.385561,155.464188,70.871110,113.019114
126.630600,87.287095,147.094746,128.833050,87.509099,158.182943,67.044954,116.636988
130.636378,89.026293,145.985667,132.246188,82.323930,154.855277,66.974641,111.635382
128.819302,89.246271,143.866070,132.776362,80.923911,154.533176,65.877142,111.003085
127.794698,90.023349,141.660068,133.689987,78.253717,153.823265,64.388346,110.156627
124.605916,88.836599,142.046423,132.135813,78.540909,157.715223,61.100402,114.416009
124.573028,90.000981,139.540143,132.364436,75.099958,155.131315,60.132843,112.767861
124.106415,91.396510,138.177098,133.349798,68.837636,156.605511,54.766953,114.652223
120.966364,91.522584,135.771216,131.065966,69.078647,156.035342,54.273795,116.491960
120.487523,92.333085,134.269086,131.787006,68.705951,154.688721,54.924388,115.234800
122.355233,95.523407,133.219246,139.288913,66.388135,155.878554,55.524123,112.113047
122.046623,96.429103,130.944871,141.422226,62.239155,155.010092,53.340907,110.016969
120.855062,96.553467,129.314016,140.491406,61.859997,153.477689,53.401043,109.539750
119.878406,95.437642,129.447111,140.047960,62.837184,154.335478,53.268479,109.725160
118.463782,97.425539,127.216312,142.203144,56.676251,155.991376,47.923721,111.213772
114.608385,97.725569,125.767991,142.286955,50.880106,161.041292,39.720500,116.479906
112.224138,95.367190,125.251130,141.064888,58.313657,160.146678,45.286665,114.448980
112.447385,96.076243,124.581297,141.703940,49.357256,161.708497,37.223345,116.080800
107.046683,94.566141,124.118893,141.768991,61.181760,164.531938,44.109549,117.329088
96.705025,89.579884,125.023449,132.514106,66.328563,171.227902,38.010138,128.293679
96.027158,91.894029,120.367164,133.777918,62.555600,167.373982,38.215594,125.490093
91.811631,88.691773,120.773413,130.945482,65.148279,169.072385,36.186496,126.818677
89.358286,88.029001,119.326563,130.881314,64.154210,169.465471,34.185932,126.613158
96.609644,92.597260,115.099454,144.520581,54.417982,166.129154,35.928172,114.205832
96.328636,88.861794,112.022351,143.452855,52.105332,160.677664,36.411618,106.086602
78.245356,86.807183,113.405641,125.668080,65.576844,168.942278,30.416558,130.081380
87.966455,86.027546,110.277307,132.998025,52.467486,160.457535,30.156635,113.487056
68.832092,84.484340,110.664650,116.720923,71.815434,167.134518,29.982877,134.897935
71.665697,85.809704,107.070370,118.578864,62.504312,166.729218,27.099640,133.960058
73.718956,86.730838,103.019324,123.379860,54.471268,162.193334,25.170901,125.544312
63.214504,89.763823,98.433601,115.353112,61.627089,166.010717,26.407993,140.421428
63.733343,92.389923,96.679156,112.966861,66.437293,161.387221,33.491481,140.810284
62.603743,95.891673,92.192239,115.094181,61.712068,162.060047,32.123572,142.857540
61.666388,96.523513,86.758762,109.296421,58.320967,165.162462,33.228593,152.389554
60.454184,97.830966,85.680999,110.638238,57.093338,166.948092,31.866523,154.140820
51.993977,104.550414,81.058000,112.709320,66.294264,165.301361,37.230241,157.142454
47.656578,104.378306,77.253855,108.325896,69.609315,165.641258,40.012038,161.693668
47.722955,102.545766,77.429672,105.662719,70.994673,166.992716,41.287955,163.875763
47.069051,109.390885,76.312586,111.242291,72.609774,169.729362,43.366239,167.877956
47.949780,103.239900,76.425071,105.260262,71.896674,169.084191,43.421383,167.063829
77.995615,168.404716,47.157222,168.979536,45.971085,105.344756,76.809478,104.769936
80.455606,170.140658,47.115550,170.788711,45.919145,109.237837,79.259201,108.589784
46.292278,113.327595,84.823897,114.207581,83.527701,170.963615,44.996082,170.083629
82.778639,173.959945,46.601161,176.965159,42.004951,121.634898,78.182429,118.629684
45.601746,115.181432,86.729809,115.806513,85.811481,176.229222,44.683418,175.604142
46.453391,114.371601,86.934061,117.105984,82.832486,177.826991,42.351815,175.092607
56.549345,117.471184,95.229576,130.008882,76.253601,188.551935,37.573370,176.014237
46.512207,116.480074,89.725801,121.575982,82.181211,185.554550,38.967617,180.458642
44.815021,116.210932,90.719958,121.850013,82.684268,187.264549,36.779331,181.625468
47.825081,114.860397,94.947153,126.513881,79.069280,190.717705,31.947208,179.064220
36.111487,123.239805,88.595294,124.543670,87.043074,187.024392,34.559268,185.720527
37.123746,120.056734,90.250729,125.303297,84.044429,188.148630,30.917446,182.902068
41.694126,118.428668,96.067061,127.455755,85.626092,190.344933,31.253157,181.317845
63.628495,114.434661,109.041323,142.306585,68.468269,208.413866,23.055441,180.541942
60.846285,115.918543,102.665017,141.873869,64.844400,202.809737,23.025667,176.854411
62.124241,116.235627,97.673783,138.601451,59.687384,198.979244,24.137842,176.613420
65.246518,113.462910,103.160240,138.750069,59.088334,204.828270,21.174612,179.541111
60.850378,115.943588,101.156586,138.921468,63.648576,204.715425,23.342368,181.737544
76.647808,115.161790,108.984297,147.459269,48.861297,207.654886,16.524809,175.357407
73.042345,122.176979,105.004449,157.963488,43.579843,212.823815,11.617739,177.037306
75.618969,122.531613,106.164593,158.104797,41.585583,213.556852,11.039959,177.983668
76.524217,125.729058,105.599251,162.557100,37.523173,216.301862,8.448138,179.473819
78.439998,128.108630,105.198750,164.288309,35.665929,215.715285,8.907177,179.535606
81.429204,130.614677,106.369394,168.710855,33.693609,216.289064,8.753418,178.192886
82.393453,130.759139,106.721716,168.020186,35.110642,214.776067,10.782378,177.515020
84.458419,131.870879,108.511141,172.782491,35.712537,215.582186,11.659816,174.670575
85.635183,131.879416,109.462951,170.249525,34.521332,216.788134,10.693564,178.418026
89.867881,135.789292,111.148323,173.465648,35.795610,216.026532,14.515169,178.350176
91.735288,134.948984,112.569001,176.421623,34.575679,215.601443,13.741965,174.128803
91.840050,134.335441,112.932963,177.043448,35.803577,215.136619,14.710665,172.428612
91.342183,134.392809,113.367925,176.823975,45.604720,211.999414,23.578978,169.568248
95.014974,136.776262,114.670628,178.411467,46.094996,210.785487,26.439341,169.150281
99.027779,138.553689,115.423593,181.866792,33.008382,213.064382,16.612568,169.751279
97.246514,138.130458,115.129799,180.557138,45.874483,209.748971,27.991198,167.322291
100.122201,140.420828,114.642018,185.075227,42.460933,208.545616,27.941117,163.891216
101.347348,139.952670,116.889292,185.248482,47.988622,208.889749,32.446678,163.593938
103.477813,143.165284,116.055737,188.029227,33.278603,211.236383,20.700679,166.372440
100.226147,142.666411,115.078369,187.181157,45.687735,210.333150,30.835513,165.818403
103.410257,143.316409,116.440308,188.539154,46.093816,208.808122,33.063765,163.585377
104.568107,145.468750,116.585034,191.358944,45.200288,210.051940,33.183361,164.161746
107.127661,147.256519,117.171050,192.754957,34.504873,211.002804,24.461485,165.504365
101.386159,148.263630,113.137611,194.222522,37.871598,213.467653,26.120147,167.508760
109.488067,149.349261,118.408145,195.834491,37.877394,211.287586,28.957315,164.802355
101.709393,144.247035,117.271219,190.842047,42.848630,215.697742,27.286804,169.102729
104.786125,149.172480,116.679007,196.951550,39.447087,216.175660,27.554205,168.396591
101.763646,148.859965,115.342499,196.582916,40.816247,217.788248,27.237394,170.065297
99.903569,152.140665,109.020619,202.096794,41.080285,214.495982,31.963235,164.539853
113.053923,152.468887,120.648536,200.760768,39.314841,213.551695,31.720228,165.259814
113.426378,149.151903,123.682128,199.173883,41.409135,216.041893,31.153384,166.019913
114.021277,149.241945,124.264467,199.011285,44.771772,215.371937,34.528581,165.602597
114.186449,149.355723,124.531717,201.068046,45.284261,216.921834,34.938992,165.209511
117.843545,151.846625,125.072947,202.855092,44.018397,214.342909,36.788995,163.334442
116.345030,148.718720,128.457758,199.379336,50.731881,217.963246,38.619154,167.302630
122.964344,152.945308,127.510176,203.588049,46.196480,210.886990,41.650649,160.244249
125.764204,154.862358,128.249270,205.368968,45.916579,209.419966,43.431512,158.913357
127.388115,155.503733,129.981076,203.955232,48.753562,208.302255,46.160601,159.850755
126.308920,153.694812,130.339376,202.199522,50.653068,208.820986,46.622611,160.316277
126.098421,153.747921,132.559687,200.924701,53.247998,211.787119,46.786733,164.610339
127.104457,152.573925,134.968178,197.896787,56.145809,211.572825,48.282087,166.249963
128.191719,154.245391,135.285933,200.482972,57.137910,212.473193,50.043696,166.235613
131.575566,156.013333,136.993828,203.221644,58.534946,212.226642,53.116684,165.018331
131.021883,153.484308,140.622351,200.022606,64.587949,215.707876,54.987482,169.169579
133.045219,153.548041,140.756121,201.763472,66.825793,213.586855,59.114891,165.371424
131.925107,151.738174,142.245617,200.735971,70.038338,215.945143,59.717828,166.947346
130.310185,149.360692,143.444964,195.333649,73.847017,215.218246,60.712237,169.245290
132.362101,149.925688,144.179370,198.476982,76.332049,214.990857,64.514780,166.439563
123.303352,147.151660,143.268777,185.229657,85.858873,215.331375,65.893448,177.253377
128.024445,149.631505,142.756088,191.685791,83.524698,212.434584,68.793055,170.380297
126.890463,150.532684,142.833058,191.042314,85.675635,213.536660,69.733040,173.027030
126.147414,149.371469,143.598796,188.214610,88.260624,213.076853,70.809242,174.233712
122.759222,150.630722,141.230496,188.791156,90.693704,213.253112,72.222431,175.092678
123.527323,152.713789,138.710974,194.476788,88.489645,212.735609,73.305994,170.972609
118.974636,151.982478,142.661896,182.045241,103.885289,212.598374,80.198029,182.535611
118.220089,156.046323,139.385521,188.315519,97.833406,215.569637,76.667973,183.300442
118.554514,155.153740,140.192617,187.349794,99.947550,214.397423,78.309446,182.201369
117.598148,154.740897,142.432375,184.659691,104.181765,216.409779,79.347537,186.490985
118.172803,157.063790,139.898803,187.132385,101.239181,215.065814,79.513181,184.997219
113.013946,152.484308,144.636750,175.988357,116.155373,214.307756,84.532568,190.803706
112.466968,151.255185,145.641145,174.048528,117.420815,215.121318,84.246638,192.327975
112.338578,152.523895,144.073043,176.387438,115.376377,214.549136,83.641913,190.685594
112.912047,151.293058,146.415900,175.155164,117.840291,215.277062,84.336439,191.414956
141.684145,200.441576,99.736580,214.114827,85.427364,170.216212,127.374929,156.542961
104.577936,147.507046,144.541077,167.064708,123.142693,210.789085,83.179553,191.231423
112.975514,146.502381,148.209775,178.264988,113.198719,217.102753,77.964458,185.340146
127.917933,158.981167,142.097938,198.506745,91.505198,216.657151,77.325194,177.131573
128.787712,159.753536,140.732700,198.321111,102.165125,210.266099,90.220137,171.698524
135.442250,155.677811,152.813166,189.351996,111.506166,210.660320,94.135250,176.986134
152.447840,184.369383,122.822506,215.911894,87.654420,182.881349,117.279754,151.338838
159.085681,183.264301,135.091727,222.654218,86.407560,192.998769,110.401513,153.608852
160.706583,175.866702,141.837073,221.660024,88.998624,199.887512,107.868135,154.094190
163.931266,179.269178,146.875338,223.042884,86.553034,199.538983,103.608963,155.765276
170.740674,179.837046,149.685191,226.847573,89.008813,199.671310,110.064296,152.660783
174.604489,174.816513,165.336854,221.164655,89.943877,206.089301,99.211512,159.741159
177.994254,173.794560,169.530030,227.369641,99.621083,216.324861,108.085307,162.749780
185.699148,176.415987,178.864158,225.875633,107.565187,216.022595,114.400177,166.562949
190.288026,179.206187,184.366284,223.672989,112.276165,214.072591,118.197907,169.605788
195.644611,180.856830,189.631815,226.966442,117.265341,217.529693,123.278137,171.420082
202.621363,182.707579,197.150605,226.639088,122.854671,217.387072,128.325428,173.455563
206.897625,182.801342,201.716488,227.528294,126.319626,218.794377,131.500763,174.067425
215.928604,186.423432,207.918741,230.503685,133.371253,216.957593,141.381116,172.877340
216.143563,184.167690,212.560249,227.815119,139.597383,221.825101,143.180698,178.177672
220.448397,182.174743,219.942806,231.734664,146.873692,230.989242,147.379282,181.429321
226.331010,184.279181,225.474383,226.270445,151.489777,224.761150,152.346403,182.769887
233.153176,185.265484,231.202641,226.985537,155.980121,223.468664,157.930655,181.748611
236.178431,184.677637,235.807795,228.608365,162.380721,227.988873,162.751357,184.058145
246.548891,184.397849,246.900893,228.539675,167.840906,229.170126,167.488904,185.028300
255.872604,186.663833,254.128241,230.629242,171.526563,227.351954,173.270926,183.386545
263.472029,189.858370,257.602970,240.495946,174.557346,230.870690,180.426405,180.233114
267.678165,188.597443,262.993031,237.608393,180.597811,229.731936,185.282945,180.720986
260.514081,184.768174,261.512301,231.137639,186.607781,232.750148,185.609561,186.380683
266.372077,186.045443,264.004704,230.983128,189.576663,227.062167,191.944036,182.124482
280.549312,187.114884,279.195937,232.428011,195.233378,229.920287,196.586753,184.607160
278.077029,187.533527,275.591778,231.267657,199.230598,226.928332,201.715848,183.194201
280.414267,187.304143,278.757333,236.224007,204.055378,233.693824,205.712312,184.773960
289.018300,185.432532,290.027907,229.592867,210.405484,231.413219,209.395877,187.252883
287.622967,186.455504,288.990670,229.220097,214.497508,231.602548,213.129805,188.837955
297.628122,187.125493,297.630279,231.750493,219.536529,231.754268,219.534372,187.129268
305.156599,186.302502,306.913847,230.934589,224.311179,234.186810,222.553931,189.554723
308.787155,185.696825,311.181773,230.998163,228.016630,235.394253,225.622012,190.092915
311.700324,185.721060,314.022619,226.749139,231.282661,231.432433,228.960366,190.404354
315.263080,187.194181,315.972827,227.552524,235.256141,228.972018,234.546394,188.613675
317.561758,187.234280,318.493541,229.849094,239.075023,231.585599,238.143240,188.970785
320.105916,185.710644,322.243681,226.321083,243.685783,230.456432,241.548018,189.845993
320.727849,188.681518,320.524515,233.871164,245.658085,233.534297,245.861420,188.344651
328.792904,186.713257,330.936136,229.930980,252.886219,233.801593,250.742987,190.583870
334.411820,186.995987,337.612660,229.328273,254.872283,235.584460,251.671443,193.252174
340.846162,188.471669,342.145041,231.764689,256.870911,234.323087,255.572032,191.030068
341.178526,186.813385,343.921599,231.247024,261.890266,236.311159,259.147193,191.877520
344.742842,184.983904,350.034758,229.511693,265.631338,239.542640,260.339421,195.014851
348.753330,184.600075,352.700045,227.204118,270.927769,234.779265,266.981054,192.175223
355.023334,184.712015,359.085678,227.514462,274.797782,235.514155,270.735438,192.711708
355.794341,184.309823,361.189940,223.360709,277.701838,234.896130,272.306239,195.845243
358.995109,184.515789,363.527989,225.924679,282.045980,234.844216,277.513100,193.435326
364.980163,184.396494,368.891034,230.229943,284.530917,237.428212,280.620046,191.594763
370.002157,185.029469,372.978073,230.820892,288.229768,236.328557,285.253852,190.537135
366.419649,186.166039,366.960731,232.381622,289.481666,233.288731,288.940584,187.073148
