1.796625
0.034936
0.034560
0.034453
0.034333
0.034356
0.034191
0.034316
0.034172
0.034382
0.044589
0.034363
0.034224
0.034254
0.034240
0.034237
0.034163
0.034267
0.034265
0.034215
0.044502
0.034320
0.034206
0.034290
0.034296
0.034273
0.034278
0.034316
0.034312
0.034194
0.044421
0.034271
0.034273
0.034362
0.034088
0.034107
0.034585
0.034049
0.034131
0.034118
0.044323
0.034259
0.034146
0.034165
0.034183
0.034101
0.034964
0.034002
0.034035
0.033905
0.044201
0.033956
0.033897
0.034012
0.033955
0.033853
0.033998
0.034148
0.033943
0.034051
0.044214
0.033872
0.034090
0.034061
0.033879
0.033932
0.034213
0.034124
0.034228
0.034291
0.044259
0.034266
0.034093
0.033930
0.033869
0.033997
0.033870
0.034124
0.034274
0.034020
0.044436
0.034366
0.034118
0.034126
0.034285
0.033944
0.034008
0.033874
0.034250
0.033855
0.044094
0.033864
0.034014
0.033883
0.034004
0.033925
0.033937
0.034247
0.034476
0.034194
0.044271
0.034045
0.033933
0.033983
0.034035
0.033963
0.034021
0.034136
0.033957
0.033885
0.044120
0.033884
0.034116
0.033999
0.034213
0.033984
0.034030
0.034156
0.034185
0.034076
0.044410
0.034228
0.034165
0.034330
0.034395
0.034438
0.034431
0.034379
0.034393
0.034401
0.044655
0.034359
0.034570
0.034356
0.034209
0.034462
0.034393
0.034344
0.034564
0.034329
0.044566
0.034457
0.034350
0.034552
0.034329
0.034282
0.034237
0.034337
0.034270
0.034439
0.044569
0.034393
0.034194
0.034262
0.034277
0.034160
0.034267
0.034187
0.034220
0.034237
0.044540
0.034393
0.034305
0.034258
0.034240
0.034220
0.034152
0.034128
0.034033
0.034063
0.044337
0.034283
0.034111
0.034180
0.034241
0.034159
0.034229
0.034237
0.034284
0.034113
0.044325
0.034217
0.034124
0.034019
0.034100
0.034049
0.033991
0.033941
0.033892
0.033911
0.044221
0.034066
0.034060
0.033970
0.033948
0.034011
0.033914
0.034013
0.033997
0.033954
0.044340
0.034014
0.033901
0.034154
0.033850
0.033973
0.033857
0.034071
0.034096
0.033879
0.044114
0.034055
0.033859
0.033810
0.034057
0.034037
0.034286
0.033957
0.034068
0.033916
0.044146
0.033816
0.034070
0.034075
0.033866
0.034280
0.033968
0.033864
0.033909
0.034254
0.044202
0.034199
0.034133
0.033983
0.033996
0.034012
0.034174
0.034058
0.034014
0.034146
0.044261
0.034118
0.034171
0.034051
0.034235
0.034081
0.034048
0.034084
0.034188
0.034059
0.044468
0.034152
0.034220
0.034266
0.034241
0.034108
0.034278
0.034191
0.034168
0.034279
0.044477
0.034306
0.034328
0.034391
0.034441
0.034336
0.034259
0.034333
0.034325
0.034291
0.044552
0.034327
0.034267
0.034768
0.034559
0.034416
0.034531
0.034325
0.034256
0.034216
0.044575
0.034429
0.034302
0.034357
0.034562
0.034331
0.034398
0.034315
0.034225
0.034257
0.044514
0.034408
0.034367
0.034296
0.034194
0.034323
0.034351
0.034285
0.034356
0.034237
0.044508
0.034161
0.034114
0.034127
0.034279
0.034175
0.034262
0.034292
0.034301
0.034161
0.044326
0.034153
0.034168
0.034233
0.034168
0.034225
0.034469
0.034576
0.034560
0.034516
0.044734
0.034431
0.034501
0.034598
0.034590
0.034499
0.034487
0.034626
0.034268
0.034498
0.044774
0.034432
0.034380
0.034386
0.034214
0.034299
0.034199
0.034100
0.034167
0.034226
0.044356
0.034188
0.034234
0.034058
0.034068
0.033992
0.033974
0.033983
0.033998
0.034044
0.044200
0.034113
0.033790
0.033990
0.033960
0.033864
0.033895
0.033889
0.033806
0.033755
0.044027
0.033926
0.033900
0.033797
0.033983
0.033973
0.033966
0.033895
0.033944
0.033971
0.044276
0.034002
0.034020
0.034033
0.034126
0.034036
0.034122
0.034206
0.034259
0.034047
0.044316
0.034169
0.034172
0.034235
0.034256
0.034180
0.034138
0.034069
0.034086
0.034135
0.048218
0.034186
0.034183
0.034149
0.034216
0.034134
0.034049
0.034191
0.034088
0.034051
0.044489
0.034621
0.034216
0.034315
0.034528
0.034061
0.034467
0.034304
0.034352
0.034306
0.044950
0.034719
0.034713
0.034593
0.034641
0.034603
0.034529
0.034238
0.034337
0.034351
0.044449
0.034105
0.034207
0.034289
0.034263
0.034368
0.034351
0.034514
0.034504
0.034513
0.044722
0.034868
0.034785
0.034723
0.034509
0.034600
0.034611
0.034597
0.034576
0.034554
0.044814
0.034635
0.034483
0.034533
0.034496
0.034446
0.034240
0.034177
0.034151
0.034054
0.044286
0.034142
0.034182
0.033981
0.034021
0.034014
0.033997
0.034016
0.033981
0.033846
0.044131
0.034191
0.034211
0.033915
0.034356
0.034168
0.034252
0.034110
0.034226
0.033912
0.044133
0.034144
0.033995
0.033986
0.034105
0.033968
0.033947
0.034152
0.033926
0.033900
0.044091
0.033833
0.033964
0.033998
0.033991
0.033942
0.033993
0.034016
0.034150
0.034128
0.044406
0.034152
0.034270
0.034343
0.034196
0.034311
0.034113
0.034225
0.034152
0.034165
0.044548
0.034319
0.034325
0.034311
0.035214
0.034367
0.034440
0.034464
0.034465
0.034511
0.044755
0.034610
0.034424
0.034413
0.034482
0.034428
0.034418
0.034316
0.034436
0.034533
0.044734
0.034482
0.034578
0.034433
0.034641
0.034781
0.034717
0.034458
0.034528
0.034606
0.044960
0.034741
0.034836
0.034748
0.034638
0.034412
0.034400
0.034443
0.034396
0.034248
0.044482
0.034278
0.034220
0.034301
0.034341
0.034293
0.034180
0.034249
0.034253
0.034313
0.044494
0.034257
0.034336
0.034301
0.034410
0.034420
0.034525
0.034574
0.034678
0.034654
0.045037
0.034820
0.034773
0.034803
0.034889
0.034851
0.034826
0.034808
0.034670
0.034594
0.044999
0.034706
0.034661
0.034700
0.034672
0.034621
0.034632
0.034585
0.034530
0.034557
0.044873
0.034652
0.034609
0.034665
0.034515
0.034516
0.034591
0.034620
0.034569
0.034629
0.045017
0.034582
0.034557
0.034558
0.034891
0.034729
0.034756
0.034740
0.034905
0.034647
0.044809
0.034674
0.034679
0.034528
0.034536
0.034467
0.034526
0.034453
0.034452
0.034465
0.044791
0.034516
0.034495
0.034389
0.034297
0.034279
0.034343
0.035294
0.034298
0.034257
0.044416
0.034106
0.034149
0.034157
0.034281
0.034295
0.034283
0.034204
0.034278
0.034263
0.044687
0.034505
0.034427
0.034403
0.034219
0.034317
0.034400
0.034460
0.034508
0.034556
0.044785
0.034542
0.034468
0.034544
0.034523
0.034504
0.034623
0.034806
0.034603
0.034424
0.044880
0.034600
0.034646
0.034586
0.034715
0.034974
0.034671
0.034548
0.034636
0.034536
0.044894
0.034585
0.034475
0.034471
0.034500
0.034546
0.034472
0.034491
0.034655
0.034482
0.044881
0.034415
0.034576
0.034530
0.034516
0.034535
0.034509
0.034586
0.034551
0.034512
0.044808
0.034613
