259.900000,150.230000,283.580000,109.990000,380.260000,166.880000,356.580000,207.120000
382.893161,163.844496,365.588966,203.072425,260.514155,156.721902,277.818350,117.493972
385.545410,166.144199,368.577187,204.768861,263.432272,158.577587,280.400496,119.952924
386.361475,169.560929,367.455710,209.822180,261.050976,159.856944,279.956740,119.595694
388.372327,172.881141,369.105593,212.725173,262.613361,161.230446,281.880095,121.386414
390.962184,174.860644,372.433910,214.786554,263.007342,164.005357,281.535616,124.079447
393.658893,174.661936,376.252585,213.753459,266.495617,164.881903,283.901924,125.790379
394.842683,177.375399,376.833136,215.730009,269.729695,165.439201,287.739241,127.084590
395.133057,176.497324,376.638192,216.948977,269.730252,168.069690,288.225117,127.618037
397.849945,174.586637,381.428443,215.067551,271.761967,170.580209,288.183469,130.099295
401.986907,175.942381,385.623210,215.740847,275.071915,170.286134,291.435612,130.487668
403.706726,176.467091,387.071269,216.609782,279.280710,171.940499,295.916167,131.797808
405.720877,177.044626,386.989804,219.237844,281.876878,172.574469,300.607951,130.381252
409.393107,178.173026,391.575037,218.736825,284.425382,171.670225,302.243451,131.106427
410.228146,177.626316,393.810983,216.556243,286.753683,171.409043,303.170846,132.479116
413.455578,179.728050,396.542717,218.683792,294.103542,174.209234,311.016403,135.253491
419.063211,182.335018,401.012108,221.224904,300.315080,174.485439,318.366183,135.595553
421.335416,182.357884,403.663741,222.098069,301.175897,176.523748,318.847572,136.783564
424.647197,180.771156,408.486005,221.269789,307.239424,180.866809,323.400616,140.368177
430.108452,181.371278,415.270458,222.885177,309.664925,185.139405,324.502918,143.625506
434.526286,183.067189,417.986519,224.412907,314.984908,183.208576,331.524674,141.862859
437.811595,183.036854,422.570372,223.670946,316.182929,183.766654,331.424152,143.132561
443.045909,186.089754,425.651673,226.162321,318.548629,179.672273,335.942865,139.599705
445.887756,189.253061,429.982198,226.351752,320.912048,179.589413,336.817606,142.490722
449.380510,193.358343,433.490837,228.466418,326.733631,180.148839,342.623304,145.040765
447.999264,176.386493,431.154279,223.640497,327.786144,186.792092,344.631130,139.538088
443.558752,175.764860,428.976604,223.765437,331.475432,194.145447,346.057581,146.144870
436.223553,176.580758,421.844713,220.363432,333.497531,191.348987,347.876371,147.566313
438.444321,170.935823,428.954727,218.434655,333.957063,199.455466,343.446658,151.956635
432.559088,175.046907,423.999961,210.713990,332.058147,188.650463,340.617274,152.983380
444.403560,185.190380,428.864899,219.896717,340.328324,180.257274,355.866986,145.550937
440.551381,182.798967,423.438074,219.543055,341.264930,181.271477,358.378238,144.527388
450.334681,186.413787,430.424200,226.583434,342.553098,183.029256,362.463579,142.859609
463.429495,192.096514,438.886806,238.099788,341.048857,185.903366,365.591546,139.900092
464.548543,190.762249,445.295762,230.256987,342.748022,180.267310,362.000803,140.772572
466.653891,190.631776,445.747835,230.880220,342.251836,177.121790,363.157892,136.873346
462.439196,189.619618,442.195119,225.960376,348.005808,173.491033,368.249885,137.150275
462.873420,186.315174,444.271795,223.045309,347.044967,173.805713,365.646592,137.075578
468.287686,191.436759,450.084164,225.260892,345.905837,169.194045,364.109358,135.369913
469.438690,193.629195,448.897100,227.733128,347.241146,166.503388,367.782736,132.399455
469.885664,192.981533,448.572872,228.633213,345.507106,167.019871,366.819897,131.368191
471.187826,197.105568,447.912343,232.796053,348.111172,167.710905,371.386655,132.020420
473.081260,199.980052,448.068546,235.445366,348.765665,165.409769,373.778379,129.944454
477.100669,203.912185,451.808304,239.245885,351.696155,167.584183,376.988520,132.250483
475.207632,205.122959,449.516724,240.367946,350.431760,168.142564,376.122667,132.897577
475.519331,206.469842,449.758485,241.663744,352.145211,170.213850,377.906057,135.019949
476.673845,206.606272,451.356812,242.274171,353.270091,172.652330,378.587124,136.984431
479.617340,214.094252,453.396779,247.395990,356.053238,170.751274,382.273798,137.449536
482.984453,212.666547,458.085917,248.792418,357.067278,179.168734,381.965814,143.042863
483.100385,214.779647,458.202478,250.246138,356.577340,178.904058,381.475247,143.437567
484.288327,216.568108,458.651166,252.000177,356.948005,178.412029,382.585166,142.979960
484.253699,217.945164,458.509247,252.425763,357.771812,177.211580,383.516263,142.730982
484.546265,220.998928,458.558495,254.291243,360.639921,177.856626,386.627691,144.564311
485.503932,220.841541,459.840078,254.574168,359.939605,178.569677,385.603459,144.837050
486.286018,221.965610,459.365090,255.749091,361.263057,177.574858,388.183985,143.791376
485.916952,222.861697,459.306083,255.503691,367.029677,180.276812,393.640546,147.634818
485.043595,217.733762,458.093716,252.478316,365.230999,180.448641,392.180877,145.704087
480.796924,215.443427,454.882528,248.792888,374.969670,186.696127,400.884066,153.346667
477.505352,211.954934,449.998150,246.430017,381.642381,191.889876,409.149583,157.414793
475.572682,204.565529,452.964512,241.472673,364.387367,187.213066,386.995537,150.305922
471.794445,199.326608,450.491268,237.232268,365.685385,189.570922,386.988562,151.665263
466.813597,194.210133,446.680499,232.402986,371.589466,192.819267,391.722565,154.626414
465.771110,188.636901,451.286383,227.926954,356.990255,193.163610,371.474981,153.873557
463.095337,187.469749,446.092894,227.155421,357.977248,189.404234,374.979691,149.718562
460.589734,182.473315,445.784317,223.193409,349.160366,188.061910,363.965783,147.341816
453.342013,179.091538,435.120875,219.072709,355.158533,182.630433,373.379671,142.649262
443.700951,173.392137,425.084882,214.212142,352.439110,181.081850,371.055179,140.261845
440.915304,172.463982,424.482194,211.889856,354.317503,182.644490,370.750613,143.218616
432.551295,167.928735,418.735887,206.796421,354.604205,184.000997,368.419614,145.133311
426.193597,163.338061,420.368832,202.622123,356.612732,193.168816,362.437497,153.884754
423.802361,162.117321,415.784059,201.597766,361.118827,190.495502,369.137129,151.015057
416.670352,156.791081,419.182121,196.143294,364.558900,199.629779,362.047131,160.277566
401.933688,147.361483,424.445397,174.517299,382.634062,209.178184,360.122353,182.022368
399.172500,147.632190,418.940437,167.682204,378.462105,207.591058,358.694169,187.541043
397.047132,148.373023,414.975692,165.443087,374.564929,207.886208,356.636369,190.816145
390.393974,145.653768,409.759143,161.332751,372.672317,207.138824,353.307148,191.459841
386.909667,144.266731,406.742977,161.739734,368.483126,205.167845,348.649815,187.694842
380.985336,141.191920,403.362859,159.109071,367.248602,204.213764,344.871080,186.296614
373.321484,138.125283,397.554078,152.069809,370.122223,199.740485,345.889629,185.795959
368.377467,138.918487,391.715864,147.704734,371.633013,201.049641,348.294616,192.263394
368.462175,124.403388,390.521307,131.599199,371.288867,190.557243,349.229735,183.361432
356.371890,137.911223,378.811829,140.879594,373.491163,181.102126,351.051224,178.133755
354.133060,134.868260,377.571063,137.287228,372.274357,188.608374,348.836354,186.189405
356.430547,125.323068,377.782418,129.705001,364.961207,192.178996,343.609336,187.797063
351.169796,124.812052,375.987935,130.990017,364.239672,178.185166,339.421533,172.007201
349.387580,124.518898,375.363867,130.547468,362.741548,184.935318,336.765262,178.906748
348.972702,124.017736,375.617209,131.071932,362.404587,180.977516,335.760081,173.923320
345.434814,126.270961,372.224978,129.672189,365.812826,180.178237,339.022662,176.777009
368.347539,168.114866,342.981318,169.032471,341.516369,128.535522,366.882590,127.617916
369.296802,166.822706,344.093070,169.166751,340.381665,129.260842,365.585397,126.916796
368.665086,168.080302,343.072694,170.031524,339.749520,126.444482,365.341912,124.493260
367.534079,171.505507,343.536010,173.192497,340.216447,125.970489,364.214517,124.283499
365.701572,170.574463,341.169337,171.343021,339.703165,124.543065,364.235400,123.774508
365.490682,166.660644,339.119914,168.172366,336.578467,123.838902,362.949235,122.327179
339.863527,119.123142,364.529314,120.480844,362.383269,159.468701,337.717482,158.110998
338.779143,121.062858,364.069275,121.750525,362.971061,162.139243,337.680929,161.451576
343.767479,120.656702,368.602391,129.706186,355.933114,164.475064,331.098201,155.425580
341.400254,122.671862,367.000570,131.103632,355.758211,165.237387,330.157894,156.805618
341.153905,121.648599,366.694411,129.114613,355.591107,167.097930,330.050601,159.631916
339.771454,121.415715,366.146834,127.510067,357.836353,163.476495,331.460973,157.382142
340.480478,121.038230,366.146332,129.268352,353.856015,167.596026,328.190162,159.365904
341.491023,122.837041,364.484274,131.113623,352.191116,165.265363,329.197865,156.988781
336.495753,126.052189,361.065417,130.117060,355.274367,165.120417,330.704703,161.055546
335.704752,124.851136,360.927582,132.187940,350.637000,167.565416,325.414169,160.228612
335.182199,123.996486,360.566922,130.366958,351.308502,167.259421,325.923780,160.888949
336.984500,123.062972,361.461385,132.503549,348.399764,166.368829,323.922879,156.928252
331.920102,124.741571,357.990191,130.769090,349.712398,166.572013,323.642309,160.544494
329.882355,126.164116,356.343225,130.492222,350.091516,168.713479,323.630646,164.385373
336.857569,126.750617,361.344659,136.577753,348.338155,168.987138,323.851064,159.160001
359.122247,169.263477,328.560431,172.095042,325.319483,137.114650,355.881299,134.283085
360.532661,141.993357,352.821290,171.954392,319.455591,163.366728,327.166962,133.405693
331.792330,131.244576,358.507705,137.169873,350.180260,174.715806,323.464885,168.790509
332.273428,133.208567,355.691649,139.535367,346.338988,174.153607,322.920767,167.826806
332.277344,131.244304,357.078101,135.685725,349.853391,176.028290,325.052633,171.586869
333.166036,124.035627,358.126449,128.242815,349.887373,177.123624,324.926960,172.916436
334.602885,126.991404,360.123509,136.866532,344.643578,176.871835,319.122954,166.996707
334.567806,124.945505,359.606615,132.196951,347.071972,175.478320,322.033163,168.226874
335.109788,124.275458,359.339064,129.940836,348.967066,174.299050,324.737789,168.633673
337.240031,124.055233,360.538998,132.648983,344.694271,175.606455,321.395303,167.012705
334.935968,124.827149,360.434086,133.449966,345.978187,176.196809,320.480070,167.573993
334.080771,127.995935,358.740856,136.085738,345.625570,176.064967,320.965485,167.975164
335.970846,128.009438,359.876290,135.501878,346.966238,176.692796,323.060795,169.200355
335.310154,128.177922,359.115172,135.983560,345.425285,177.733900,321.620266,169.928262
336.376546,130.388012,357.903805,136.411790,345.752389,179.837467,324.225131,173.813689
336.259846,130.196197,358.589511,135.848142,347.563588,179.409292,325.233922,173.757348
339.031659,129.542396,363.173021,140.325428,343.581315,184.187901,319.439954,173.404870
341.697090,128.343016,366.067860,141.581639,341.828127,186.204175,317.457358,172.965552
343.162164,128.282421,367.407817,143.616075,339.935020,187.056204,315.689366,171.722550
347.087996,127.059902,370.092609,147.878236,334.082518,187.669999,311.077905,166.851665
350.272731,128.173225,370.817589,151.129663,330.479847,187.229912,309.934990,164.273474
352.857686,129.028881,371.034800,156.243224,326.188630,186.197059,308.011516,158.982716
356.632642,129.653779,372.119901,157.176265,323.647462,184.452333,308.160203,156.929846
361.520517,130.769842,374.152290,159.949965,320.213276,183.299607,307.581502,154.119484
362.107625,127.920159,377.371702,158.531266,319.167484,187.554511,303.903407,156.943404
363.181566,129.951338,375.562016,160.000871,317.341046,183.987994,304.960595,153.938461
367.413260,133.865224,375.833623,164.537708,320.425264,179.748686,312.004901,149.076202
367.251023,131.046797,375.851571,162.212590,318.794197,177.958208,310.193649,146.792416
367.839644,129.363254,379.022091,161.846506,317.877146,182.895817,306.694699,150.412566
373.237085,132.339719,379.016330,164.766239,319.916382,175.299380,314.137136,142.872859
374.785130,131.280098,379.862748,164.746047,319.424242,173.916074,314.346624,140.450124
375.752362,133.762750,378.484934,167.830419,317.363528,172.732975,314.630956,138.665306
374.995991,132.798306,377.701372,166.868145,316.576072,171.721915,313.870692,137.652076
374.557518,133.028947,377.398577,170.797240,306.583026,176.124225,303.741968,138.355931
372.958452,132.985057,376.161947,166.509430,300.319923,173.756681,297.116428,140.232308
372.018296,132.025601,375.301250,166.180687,298.592287,173.553879,295.309333,139.398793
372.174274,132.613592,373.731344,168.003834,296.569012,171.398757,295.011943,136.008514
368.800764,130.891593,372.637025,165.248392,292.277055,174.221341,288.440795,139.864542
367.641835,131.930508,370.766190,165.765729,287.386538,173.465032,284.262183,139.629811
368.286287,133.059896,370.200009,166.755595,294.072688,171.079191,292.158966,137.383491
366.584208,134.244159,369.364961,167.069294,307.295616,172.327445,304.514863,139.502310
363.949448,130.986636,369.505930,160.698091,289.901653,175.585268,284.345171,145.873812
364.657230,131.273356,370.779438,159.571802,291.987688,176.617950,285.865480,148.319505
362.842189,129.164629,371.955508,156.388071,296.567513,181.624955,287.454194,154.401512
363.100164,129.912875,373.192592,155.561155,300.435225,184.190697,290.342797,158.542417
363.179767,128.860301,374.189431,154.457612,305.588639,183.963512,294.578975,158.366201
363.236739,129.213567,375.006264,157.048950,304.658659,186.793748,292.889135,158.958365
366.362184,133.561143,374.673254,163.212673,314.831076,179.985924,306.520005,150.334394
365.051460,133.597190,373.170930,160.557320,311.620444,179.094222,303.500974,152.134092
362.893587,136.322119,370.640079,163.006930,309.507603,180.753439,301.761111,154.068628
363.170162,135.133262,371.827481,161.818770,312.370298,181.107885,303.712978,154.422377
362.612836,134.917723,370.832351,163.357946,304.635282,182.489576,296.415767,154.049354
360.806861,134.693758,370.071772,161.799942,305.509771,183.867275,296.244860,156.761091
359.651083,134.573853,369.356299,162.315836,308.031916,183.769471,298.326700,156.027488
360.742267,133.357227,370.670736,161.625288,310.301656,182.828460,300.373187,154.560399
363.038111,132.501006,372.916318,159.708581,314.682561,180.851411,304.804354,153.643836
363.784876,132.183219,372.999099,159.155362,315.621993,178.756527,306.407770,151.784383
369.504727,135.069577,374.545722,159.659754,310.418397,172.805877,305.377402,148.215699
363.540636,134.659971,370.313106,157.448344,306.863124,176.305025,300.090654,153.516652
366.763325,132.936874,373.530918,156.773421,310.689113,174.615257,303.921520,150.778710
374.646080,129.774238,381.458200,154.193426,309.532592,174.258216,302.720472,149.839028
371.490349,125.565235,380.954957,146.801611,320.342798,173.815179,310.878190,152.578802
382.302288,125.295646,390.203004,149.869287,325.697196,170.608666,317.796480,146.035025
417.608915,109.504416,428.284054,137.540846,347.241249,168.398670,336.566110,140.362240
419.490063,104.200493,431.763830,130.518202,355.487079,166.091321,343.213313,139.773612
420.249429,103.357007,433.759695,134.591582,348.101239,171.642463,334.590973,140.407888
412.043201,104.057800,427.215876,135.829118,353.408659,171.076409,338.235984,139.305090
407.155707,100.432237,426.586182,129.289394,356.572096,176.432186,337.141621,147.575029
403.824712,101.231627,424.571043,133.975505,355.557022,177.702386,334.810692,144.958507
396.459136,103.505942,419.176603,131.140259,354.696530,184.147684,331.979062,156.513367
396.853326,101.766440,421.131950,130.140796,353.979308,187.600206,329.700684,159.225850
400.996917,99.888080,424.657246,130.147442,348.752407,189.498776,325.092078,159.239415
397.631751,94.059167,427.036319,125.636992,351.851021,195.647868,322.446453,164.070043
408.705106,92.257382,435.533520,127.839016,347.727230,194.044616,320.898817,158.462983
410.319422,85.937662,439.453190,123.552839,346.310846,195.693598,317.177078,158.078421
441.130966,113.820708,440.936743,137.569913,363.356004,136.935452,363.550227,113.186246
443.530020,109.783135,445.668982,132.259713,365.502520,139.888677,363.363558,117.412099
444.215277,110.682645,445.039082,135.017663,367.023876,137.658684,366.200071,113.323666
449.484884,108.492978,450.633453,132.254297,367.808284,136.257879,366.659715,112.496560
450.689204,103.075738,454.731701,127.936719,376.961452,140.582477,372.918956,115.721496
458.544503,100.991531,461.794506,125.978978,381.956567,136.363134,378.706564,111.375687
459.436529,103.724081,460.204049,128.795669,389.070707,130.973284,388.303187,105.901696
459.541479,99.321118,462.285125,125.246658,381.198863,133.827848,378.455217,107.902309
461.237937,99.334423,463.520258,124.732080,380.977870,132.149622,378.695550,106.751964
466.322757,101.706279,466.419665,126.831092,386.334324,127.139987,386.237415,102.015174
469.919072,100.146495,470.195820,124.379289,384.607651,125.356740,384.330903,101.123946
475.965418,99.023908,476.425977,123.217441,391.222664,124.839409,390.762105,100.645876
478.430967,97.318491,478.949843,120.343895,387.371531,122.407608,386.852654,99.382204
479.725617,94.869927,480.508271,120.634084,391.648220,123.333442,390.865566,97.569285
481.741210,93.147032,482.439815,121.294614,395.789416,123.445222,395.090811,95.297640
476.645118,81.986941,483.232697,118.946115,404.966211,132.896282,398.378632,95.937108
478.332018,79.674613,483.488101,122.923030,402.757722,132.547718,397.601639,89.299300
475.682009,77.294339,482.117977,123.772728,404.251585,134.555065,397.815616,88.076676
484.338544,89.460812,480.218888,131.540885,396.058742,123.301574,400.178398,81.221501
482.949537,98.198402,476.419398,133.887145,388.519346,117.803653,395.049485,82.114910
479.972639,104.213614,473.344402,138.023144,389.855564,121.655455,396.483801,87.845926
482.153338,96.062761,468.135768,141.221045,388.603268,116.533384,402.620838,71.375101
478.550871,112.699228,466.581934,143.753796,389.290566,113.964442,401.259503,82.909874
478.873889,115.921905,465.957089,147.642857,387.315562,115.619957,400.232362,83.899006
477.654794,114.897163,468.063567,143.325400,389.019202,116.657111,398.610429,88.228874
479.352882,115.432509,468.752338,148.542585,383.328341,121.193182,393.928885,88.083106
478.781910,111.085798,471.979778,143.318593,377.383534,123.355814,384.185666,91.123020
479.904616,112.673170,472.892038,145.175266,376.740004,124.429724,383.752582,91.927627
480.751629,112.350313,475.316541,144.590711,372.147267,127.198430,377.582354,94.958032
482.213202,113.270789,476.774081,146.051781,370.980877,128.498255,376.419998,95.717262
484.535891,115.088365,479.340840,148.731292,364.328975,130.971465,369.524026,97.328539
485.341502,117.575305,479.633199,151.705403,364.831958,132.504746,370.540262,98.374648
483.781283,109.131808,482.270879,147.075716,358.540743,142.150485,360.051147,104.206577
488.943943,131.755960,477.803429,156.926815,390.784188,118.412469,401.924702,93.241614
488.222374,132.528392,477.753009,158.123636,400.967277,126.715541,411.436642,101.120297
489.830642,134.760418,478.285359,162.945813,404.216762,132.605882,415.762046,104.420487
494.309290,135.526563,483.736528,162.533372,407.112558,132.536233,417.685320,105.529424
492.728520,135.284926,483.759168,160.652169,409.469385,134.384781,418.438737,109.017538
493.578935,136.637011,483.792045,163.553589,407.623856,135.858773,417.410746,108.942194
493.460001,137.098757,482.879832,165.237945,408.743894,137.363269,419.324062,109.224081
495.094326,139.429350,483.815469,167.770067,410.022658,138.402479,421.301515,110.061761
497.321652,137.300149,488.884802,166.618167,412.657955,144.682358,421.094805,115.364340
497.788108,136.517620,486.728404,170.426234,412.023490,146.060325,423.083193,112.151711
501.293462,137.125780,493.678285,164.808392,419.104718,144.294039,426.719894,116.611427
500.855943,133.602430,492.431022,173.557177,419.370913,158.151607,427.795835,118.196860
503.754276,137.052336,495.128201,165.132248,421.418432,142.488801,430.044507,114.408889
505.258186,134.750822,498.491952,162.390406,424.598370,144.301086,431.364604,116.661502
507.228029,136.392152,498.882263,163.860617,425.985182,141.712237,434.330948,114.243772
506.058291,137.171783,492.509596,176.505266,423.807113,152.840211,437.355808,113.506728
506.880516,137.782345,496.099116,165.990068,427.207179,139.658572,437.988579,111.450850
506.085854,135.719934,498.443934,161.420347,427.767799,140.405066,435.409719,114.704653
505.215466,135.226364,496.867709,161.212749,426.649181,138.656045,434.996937,112.669661
506.293899,139.647841,495.933442,162.834244,426.374234,131.752872,436.734691,108.566469
505.815930,140.326796,495.151306,164.227274,429.185987,134.792911,439.850611,110.892434
505.596673,138.933486,495.759690,166.053519,432.635476,143.157094,442.472459,116.037061
503.310135,136.970928,494.105407,169.701234,431.051434,151.968596,440.256162,119.238289
504.581025,141.278727,493.100289,171.683376,428.965482,147.466197,440.446219,117.061548
501.814217,144.971135,489.762090,172.912362,427.997275,146.270817,440.049402,118.329591
499.939119,150.091969,486.555704,175.094736,427.003659,143.217876,440.387073,118.215109
499.724181,154.681202,484.376059,177.065319,429.659329,139.547688,445.007451,117.163571
499.868751,158.854784,482.460900,181.931569,432.461200,144.214557,449.869051,121.137772
497.721456,168.641824,480.008249,185.008896,436.251384,137.653179,453.964591,121.286108
494.972176,173.600677,474.773649,188.622089,439.445515,141.118146,459.644042,126.096734
492.870030,177.601671,472.273130,190.548693,442.542931,143.252108,463.139831,130.305086
490.034414,180.355084,468.454891,192.260600,444.643859,149.101555,466.223382,137.196039
488.697406,181.546843,464.874738,195.625661,438.423624,150.867921,462.246293,136.789102
485.619484,187.419112,456.211235,198.172135,438.588224,149.975282,467.996473,139.222258
484.776494,188.875295,455.216177,198.751974,438.077235,147.456130,467.637552,137.579451
480.765163,200.962259,448.811369,202.360589,446.298428,144.936381,478.252222,143.538051
448.300130,137.786402,476.890309,138.238289,475.918752,199.707174,447.328573,199.255286
452.855786,141.695726,479.446946,146.465860,468.986127,204.779808,442.394966,200.009674
453.733387,140.710076,479.662533,147.222082,465.424418,203.914621,439.495273,197.402615
472.179590,219.725363,441.126942,220.262393,439.692192,137.300840,470.744840,136.763811
458.682676,137.395703,479.648554,145.284849,460.268695,196.787984,439.302817,188.898838
436.459805,155.343882,469.792409,157.025587,466.499071,222.301937,433.166467,220.620232
472.889152,207.720597,436.572199,226.065940,417.353268,188.019608,453.670221,169.674265
476.556732,206.098960,460.616810,229.207563,415.239917,197.907353,431.179838,174.798750
470.773242,193.161369,463.361727,220.761708,409.096655,206.189916,416.508170,178.589577
469.256888,191.479226,462.058567,221.037214,405.181833,207.185900,412.380154,177.627912
471.048570,189.689708,463.251675,222.526744,402.594372,208.124146,410.391267,175.287110
471.366900,187.400308,464.226306,223.115359,400.518376,210.378083,407.658971,174.663032
472.726705,185.133294,466.040482,224.792369,397.908224,213.305781,404.594447,173.646706
468.061371,178.152855,466.725993,220.381746,397.968695,218.207476,399.304074,175.978585
467.598271,176.292145,467.267130,223.626924,395.979812,223.128219,396.310952,175.793440
467.965002,185.277949,455.470705,231.536996,385.503896,212.639373,397.998193,166.380325
462.158995,177.026884,457.743716,227.040702,387.099197,220.804121,391.514476,170.790303
465.035764,188.059263,446.966861,233.342649,379.041781,206.239295,397.110684,160.955909
460.972305,195.003029,433.637313,234.440302,376.613149,194.915381,403.948141,155.478108
461.491660,193.713580,431.385187,235.445586,374.003679,194.049186,404.110152,152.317179
463.921701,197.145562,432.396690,236.206323,374.586764,189.549307,406.111775,150.488546
462.044971,191.273922,431.525110,235.452250,369.451763,192.569914,399.971623,148.391586
459.881580,182.206563,433.958289,236.248092,365.119674,203.226757,391.042965,149.185228
461.973606,185.630487,432.218681,237.732736,363.183200,198.307459,392.938126,146.205210
460.119214,184.756976,430.276396,239.016052,359.533550,200.107061,389.376368,145.847985
460.264720,179.313391,430.596035,241.470730,356.293010,206.004715,385.961695,143.847377
449.890395,163.530125,439.973420,239.011660,359.673914,228.461687,369.590889,152.980151
437.210605,150.984548,457.881038,223.418430,381.377837,245.250123,360.707404,172.816241
448.235086,153.616477,460.827308,228.264981,370.370886,243.523790,357.778664,168.875287
455.911019,175.301590,425.208124,243.677779,345.157952,207.732927,375.860847,139.356738
446.125183,165.975695,435.589848,238.050929,348.752218,225.357753,359.287553,153.282520
442.801346,163.979968,434.943435,240.577966,346.490985,231.503949,354.348897,154.905951
447.684781,171.660813,427.517005,243.352035,339.491075,218.589070,359.658850,146.897848
444.189937,165.002031,433.000729,242.132152,340.799206,228.756547,351.988413,151.626426
416.033319,150.789569,427.229582,189.179809,349.576598,211.826794,338.380335,173.436555
428.361085,175.157273,451.389541,188.870110,413.347478,252.755503,390.319022,239.042667
400.656800,148.310123,410.722998,168.955585,342.150568,202.389744,332.084370,181.744281
396.917131,147.424576,407.380491,166.634826,340.830696,202.882896,330.367336,183.672645
393.059143,148.426079,403.579720,167.203081,340.126402,202.755376,329.605825,183.978373
389.269055,149.762795,400.189221,169.435110,338.098477,203.901884,327.178311,184.229569
387.061799,147.773623,399.330229,167.728367,336.045182,206.636819,323.776751,186.682074
384.613996,150.163302,396.093916,169.210888,332.420558,207.586618,320.940639,188.539032
381.961540,152.001535,393.096597,171.385014,331.279015,206.896819,320.143958,187.513340
379.083632,154.428927,389.497813,173.547348,329.626967,206.160176,319.212787,187.041754
376.971801,156.977383,386.666954,175.860470,326.144241,206.934679,316.449088,188.051593
377.990838,154.951102,387.626353,172.125490,323.900334,207.878323,314.264818,190.703934
375.096870,155.816171,385.180057,173.862106,323.308280,208.433031,313.225093,190.387096
373.082707,157.452338,382.352148,175.350714,319.499709,207.901541,310.230268,190.003164
371.552584,157.519339,381.245872,176.069056,319.676600,208.242522,309.983312,189.692805
371.918747,158.206424,381.268926,176.244812,320.245445,207.876268,310.895266,189.837881
371.038101,156.725557,380.799917,174.894145,319.859447,207.636904,310.097631,189.468317
372.508667,155.714046,381.949155,173.705334,318.405457,207.048338,308.964969,189.057050
365.393665,159.363363,374.240854,177.212967,316.725463,205.720575,307.878275,187.870971
368.127007,155.515505,377.192401,172.674210,315.644870,205.191383,306.579476,188.032678
365.897027,155.620589,375.093680,173.116345,314.999560,204.704851,305.802906,187.209094
363.536139,156.321648,372.534254,173.853040,312.479913,204.676370,303.481798,187.144979
362.078698,155.448428,371.177542,173.258847,312.551578,203.209208,303.452734,185.398788
