1.933321
0.040417
0.036789
0.036739
0.036795
0.037142
0.036917
0.036946
0.036704
0.036780
0.047307
0.036806
0.036572
0.036661
0.036621
0.036693
0.038234
0.036453
0.036434
0.036746
0.047071
0.036625
0.036692
0.036928
0.036829
0.036927
0.036837
0.036824
0.036771
0.036798
0.047463
0.036808
0.036611
0.036520
0.036489
0.036501
0.036446
0.036506
0.036507
0.036476
0.046887
0.036605
0.036564
0.036494
0.037783
0.037064
0.036741
0.036604
0.036648
0.036643
0.048323
0.037050
0.048593
0.037395
0.037638
0.037805
0.037853
0.037929
0.037715
0.037444
0.048514
0.037880
0.038064
0.037987
0.038048
0.037999
0.035681
0.035755
0.035813
0.035769
0.046731
0.036078
0.046628
0.048197
0.046341
0.048738
0.048317
0.048141
0.047835
0.047694
0.047489
0.036975
0.037016
0.037036
0.037140
0.037384
0.037405
0.037634
0.037611
0.037577
0.048401
0.037972
0.037734
0.038176
0.037555
0.037605
0.037368
0.037395
0.048417
0.037722
0.049515
0.037340
0.047834
0.036768
0.036770
0.036653
0.036472
0.047375
0.047374
0.047703
0.048023
0.048180
0.048444
0.048777
0.046361
0.046264
0.046154
0.048351
0.046199
0.046522
0.046345
0.046337
0.046104
0.048323
0.048362
0.047921
0.049158
0.047892
0.047808
0.047834
0.047858
0.047851
0.037579
0.047638
0.047671
0.047557
0.047392
0.036926
0.036944
0.037263
0.047889
0.037826
0.037697
0.037926
0.038111
0.035647
0.035712
0.038321
0.046154
0.035974
0.046127
0.035925
0.036036
0.037443
0.036140
0.035970
0.036118
0.036363
0.036849
0.036645
0.047325
0.035949
0.036655
0.046948
0.046755
0.046896
0.046390
0.046420
0.046266
0.046595
0.046169
0.046431
0.035950
0.036088
0.035914
0.035803
0.038246
0.038194
0.038137
0.035821
0.046407
0.037391
0.036085
0.035915
0.035798
0.036123
0.035883
0.038344
0.037965
0.037724
0.047821
0.037232
0.037006
0.036859
0.036947
0.036950
0.047141
0.036690
0.037028
0.036968
0.047513
0.037058
0.036860
0.036615
0.036371
0.036221
0.036161
0.035901
0.046417
0.047199
0.045974
0.046446
0.045750
0.045797
0.034572
0.035322
0.045682
0.035141
0.045683
0.045573
0.045583
0.045582
0.045610
0.048358
0.045485
0.045687
0.035145
0.045516
0.045408
0.035146
0.045379
0.045477
0.034925
0.045321
0.045269
0.034908
0.045284
0.046313
0.034987
0.035007
0.045335
0.034893
0.034807
0.045359
0.045379
0.035106
0.034804
0.034845
0.034945
0.035045
0.045386
0.034911
0.034890
0.034882
0.034876
0.034799
0.034845
0.034827
0.034787
0.034833
0.045309
0.034836
0.034831
0.034825
0.045204
0.034830
0.037451
0.035370
0.034884
0.034909
0.045394
0.034873
0.034820
0.034829
0.034771
0.034882
0.034839
0.034893
0.034915
0.034974
0.045263
0.034917
0.034871
0.035172
0.035137
0.035101
0.034913
0.045614
0.045636
0.045636
0.045758
0.045475
0.045906
0.045633
0.045702
0.035351
0.035619
0.035463
0.035671
0.035586
0.046227
0.039818
0.036038
0.036333
0.036524
0.047153
0.037078
0.036884
0.036541
0.037263
0.047338
0.037307
0.037066
0.036937
0.036793
0.037316
0.037838
0.037107
0.036986
0.047427
0.047087
0.037147
0.037121
0.037480
0.037626
0.038108
0.037827
0.037796
0.037755
0.037736
0.048041
0.037778
0.037956
0.038836
0.036655
0.036067
0.038206
0.037961
0.038041
0.038008
0.048648
0.038502
0.038487
0.038355
0.038136
0.038272
0.037767
0.037932
0.038520
0.038683
0.048988
0.038696
0.038099
0.037807
0.037776
0.037839
0.037741
0.037760
0.038243
0.037991
0.048300
0.037692
0.037519
0.038026
0.037697
0.037878
0.037939
0.037701
0.038785
0.037982
0.048142
0.037931
0.037846
0.037835
0.037850
0.037915
0.037920
0.037783
0.037736
0.037660
0.048031
0.037755
0.037646
0.037736
0.037663
0.038166
0.038218
0.035858
0.035917
0.035761
0.046158
0.038156
0.038079
0.035703
0.038278
0.035691
0.038105
0.038188
0.035653
0.037871
0.048103
0.038315
0.038691
0.037807
0.037500
0.037287
0.037305
0.037430
0.037536
0.037857
0.048353
0.038051
0.037777
0.037937
0.038201
0.037882
0.038140
0.037451
0.037362
0.037323
0.047482
0.036958
0.036766
0.036644
0.036519
0.036555
0.036617
0.036754
0.036620
0.036673
0.047465
0.037145
0.037790
0.037789
0.038151
0.038297
0.036974
0.035704
0.035751
0.038185
0.048701
0.038064
0.038015
0.038094
0.038129
0.038098
0.038064
0.038265
0.037969
0.038060
0.048442
0.035653
0.037947
0.038083
0.037962
0.038050
0.037947
0.038259
0.037803
0.038186
0.046257
0.035877
0.036070
0.036074
0.035994
0.035959
0.035941
0.036054
0.035970
0.036185
0.047083
0.036192
0.035949
0.035980
0.036059
0.036106
0.035996
0.036069
0.035969
0.036119
0.046355
0.036113
0.035960
0.036036
0.035975
0.036083
0.036068
0.036219
0.036146
0.036172
0.046396
0.036122
0.035873
0.035839
0.035990
0.036002
0.035933
0.035905
0.035906
0.035928
0.046338
0.035941
0.035882
0.036030
0.035727
0.036499
0.035798
0.035873
0.035836
0.035865
0.046136
0.035755
0.035681
0.035723
0.035763
0.035723
0.035640
0.038091
0.038172
0.035662
0.048476
0.035961
0.038002
0.035608
0.038113
0.038059
0.038234
0.038201
0.038083
0.035666
0.048609
0.038117
0.038352
0.038297
0.038190
0.037811
0.037991
0.038005
0.037955
0.038782
0.048327
0.038033
0.037951
0.037722
0.037568
0.037708
0.038076
0.038781
0.035718
0.038207
0.048267
0.037753
0.037759
0.038211
0.038037
0.038151
0.037997
0.037932
0.037708
0.037771
0.048076
0.037990
0.037446
0.037572
0.037446
0.037392
0.037612
0.037588
0.037553
0.037370
0.047504
0.036962
0.037861
0.037079
0.037019
0.036896
0.036816
0.036728
0.036824
0.037273
0.047554
0.037241
0.037246
0.037080
0.037182
0.037488
0.037315
0.037493
0.037652
0.037689
0.048028
0.037612
0.037438
0.037394
0.037352
0.037400
0.037297
0.037430
0.037478
0.037442
0.048125
0.037429
0.037365
0.037489
0.037705
0.037827
0.038286
0.037547
0.037460
0.037290
0.047816
0.037291
0.037291
0.037397
0.037606
0.037590
0.037853
0.038024
0.038093
0.038598
0.046225
0.035981
0.035990
0.036044
0.036141
0.036000
0.036011
0.036161
0.035996
0.036018
0.046343
0.036213
0.036411
0.036768
0.036474
0.036530
0.036552
0.036593
0.036611
0.036701
0.047756
0.037871
0.036582
0.036567
0.036173
0.036225
0.036163
0.036345
0.036206
0.036310
0.046636
0.036489
0.036502
0.036307
0.036322
0.036201
0.036273
0.036249
0.036277
0.036337
0.046945
0.036404
0.036434
0.036308
0.036778
0.036386
0.036344
0.036233
0.036049
0.046483
0.046355
0.035955
0.046524
0.036031
0.035909
0.048856
0.046622
0.046415
0.046499
0.046448
0.046245
0.036087
0.035790
0.035935
0.035832
0.035733
0.035927
0.036078
0.035682
0.035582
0.046209
0.036034
0.036016
0.036041
0.035992
0.035829
0.035779
0.035678
0.035677
0.035705
0.045990
0.035761
0.035588
0.038764
0.037995
0.038110
0.037926
0.037988
0.035605
0.035492
0.046131
0.035707
0.035553
0.035721
0.035661
0.035827
0.039087
0.036400
0.035860
0.035760
0.046146
0.035667
0.035587
0.035665
0.035751
0.035575
0.035513
0.037947
0.038165
0.038271
0.048310
0.038271
0.037941
0.037939
0.038522
0.037922
0.038055
0.038093
0.038075
0.038187
0.048296
0.038118
0.038090
0.037990
0.037846
0.037821
0.037851
0.037983
0.038021
0.037732
0.048106
0.037864
0.037785
0.037911
0.037795
0.037842
0.038675
0.037888
0.037913
0.037847
0.048387
0.037796
0.038218
0.037843
0.037717
0.037961
0.037940
0.037721
0.037911
0.038064
0.048444
0.038255
0.035637
0.035627
0.035668
0.035706
0.035601
0.035716
0.035686
0.035769
0.046118
0.035708
0.035793
0.035883
0.035833
0.036029
0.035725
0.046355
0.046499
0.035780
0.045902
0.048430
0.048110
0.047863
0.047723
0.047921
0.047757
0.047991
0.047935
0.047967
0.048018
0.037591
0.037551
0.037484
0.037567
0.037715
0.038054
0.037911
0.037495
0.048298
0.048271
0.038180
0.037828
0.037864
0.037922
0.037908
0.037621
0.037683
0.037729
0.037700
0.048111
0.037600
0.037844
0.037893
0.037824
0.038080
0.037653
0.037417
0.037382
0.037610
0.047860
0.037272
0.037384
0.037272
0.037455
0.037221
0.038489
0.037705
0.037787
0.037486
0.047873
0.037429
0.037487
0.037312
0.037389
0.037429
0.037520
0.037167
0.037243
0.037137
0.047770
0.037274
0.037345
0.037339
0.037309
0.037558
0.037642
0.037586
0.037786
0.037870
0.048003
0.037476
0.037344
0.037363
0.037493
0.037201
0.037078
0.037421
0.037536
0.037389
0.047626
0.036902
0.036954
0.036768
0.036712
0.036949
0.037046
0.037310
0.036890
0.036869
0.047293
0.037075
0.037038
0.036971
0.036822
0.036981
0.037277
0.037026
0.036923
0.037358
0.047886
0.037525
0.037254
0.037536
0.037264
0.037233
0.036890
0.037274
0.037406
0.037485
0.047330
0.037024
0.036978
0.037246
0.037189
0.037002
0.037138
0.037111
0.037166
0.037456
0.047873
0.037403
0.037309
0.037430
0.037279
0.037342
0.037108
0.037786
0.036793
0.036986
0.047239
0.037121
0.037001
0.037137
0.037481
0.037630
0.037838
0.037767
0.037678
0.037490
0.047966
0.037737
0.037369
0.037194
0.037095
0.037011
0.036953
0.036811
0.036730
0.036726
0.047172
0.036787
0.036777
0.036856
0.036678
0.036796
0.036681
0.036642
0.036608
0.036875
0.047231
0.036930
0.036796
0.036809
0.036854
0.037038
0.036977
0.037105
0.037852
0.037206
0.047520
0.036952
0.036966
0.037022
0.037019
0.037213
0.037159
0.037107
0.037110
0.037100
0.047692
0.037142
0.037122
0.037105
0.037045
0.037350
0.037302
0.037202
0.037283
0.037397
0.047805
0.037394
0.037609
0.037700
0.037760
0.037549
0.037635
0.037467
0.037455
0.037428
0.047806
0.037377
0.037570
0.037466
0.037644
0.037889
0.037801
0.037713
0.037743
0.038579
0.048221
0.037990
0.038221
0.038073
0.038171
0.038042
0.037746
0.037713
0.037918
0.038335
0.048174
0.037825
0.037918
0.038212
0.038266
0.035822
0.036158
0.036233
0.035995
0.035949
0.046311
0.035857
0.035814
0.035850
0.035850
0.035826
0.035800
0.035970
0.036052
0.036183
0.046578
0.036294
0.036322
0.036234
0.036351
0.036473
0.036400
0.036585
0.036590
0.037227
0.047078
0.036734
0.036575
0.036693
0.036553
0.036607
0.036605
0.036583
0.036515
0.036419
0.046862
0.036623
0.036654
0.036720
0.036628
0.036747
0.036693
0.036696
0.036764
0.035911
0.046226
0.036063
0.035882
0.037043
0.036141
0.036054
0.035818
0.036847
0.035786
0.037082
0.046166
0.036921
0.036879
0.036030
0.035878
0.036150
0.035881
0.037025
0.036090
0.035905
0.046187
0.036431
0.036847
0.035929
0.036725
0.035887
0.035715
0.036643
0.036729
0.036646
0.047143
0.036580
0.036569
0.036429
0.036482
0.036505
0.036539
0.036629
0.036856
0.036702
0.046987
0.036601
0.036639
0.035898
0.036643
0.036642
0.036601
0.036587
0.036553
0.036458
0.047486
0.036685
0.036676
0.036876
0.036552
0.036624
0.036606
0.036515
0.036560
0.036559
0.047592
0.036770
0.037641
0.037910
0.036761
0.036876
0.036747
0.036822
0.036261
0.035828
0.046920
0.037064
0.035930
0.036841
0.035930
0.035878
0.035950
0.035803
0.035846
0.046945
0.046773
0.035852
0.035722
0.036754
0.035743
0.036764
0.035722
0.037177
0.035919
0.036716
0.047512
0.036620
0.036611
0.036764
0.036594
0.036631
0.036683
0.036659
0.036746
0.036680
0.047501
0.036587
0.036558
0.036690
0.039355
0.035828
0.036595
0.036751
0.036732
0.036794
0.047725
0.036767
0.035822
0.036726
0.035783
0.035826
0.036681
0.036731
0.036800
0.035928
0.047785
0.035899
0.035874
0.035949
0.035800
0.035806
0.035831
0.035853
0.035847
0.035794
0.046839
0.035841
0.035792
0.035815
0.035785
0.035713
0.036524
0.036739
0.036691
0.035682
0.047671
0.036868
0.035895
0.035827
0.036557
0.036594
0.036784
0.035967
0.035850
0.035749
0.046722
0.036798
0.036916
0.038479
0.038186
0.036774
0.036657
0.036864
0.036750
0.035828
0.047025
0.036048
0.035841
0.035850
0.036824
0.036666
0.036722
0.036704
0.036635
0.036646
0.047583
0.036721
0.036599
0.036653
0.036571
0.036677
0.036654
0.036677
0.036958
0.036573
0.047581
0.036509
0.036216
0.036157
0.047173
0.035814
0.035981
0.035927
0.035895
0.035851
0.046800
0.036053
0.035844
0.035901
0.035824
0.036159
0.036149
0.036047
0.036011
0.036116
0.047284
0.036256
0.036136
0.037223
0.036403
0.036419
0.036236
0.036392
0.036426
0.036431
0.047433
0.036373
0.036228
0.036437
0.036366
0.036388
0.036458
0.036423
0.036562
0.036619
0.047410
0.036642
0.036523
0.036824
0.035888
0.036965
0.035830
0.035970
0.036169
0.035921
0.046855
0.035989
0.035971
0.035863
0.036073
0.035888
0.036298
0.036317
0.036070
0.036033
0.046648
0.036182
0.036116
0.036604
0.036305
0.047113
0.036095
0.036930
0.035939
0.036952
0.046869
0.036081
0.036036
0.037065
0.036327
0.036225
0.035879
0.035819
0.036741
0.047466
0.047494
0.047377
0.046817
0.046922
0.046837
0.046919
0.046684
0.036445
0.036249
0.046575
0.046487
0.046506
0.046572
0.046571
0.046782
0.036630
0.036216
0.036242
0.036206
0.036288
0.046707
0.046697
0.046726
0.036449
0.036395
0.036349
0.036453
0.036311
0.036095
0.036161
0.046556
0.036287
0.036162
0.036099
0.036161
0.036253
0.046741
0.036183
0.035987
0.046680
0.047067
0.037454
0.036645
0.047351
0.037114
0.046585
0.046786
0.036805
0.036199
0.046557
0.046655
0.036795
0.036065
0.047464
0.046467
0.046488
0.046780
0.046245
0.046289
0.046342
0.046454
0.047287
0.047089
0.046821
0.046685
0.036282
0.036139
0.036110
0.036150
0.036042
0.046350
0.036098
0.035875
0.035988
0.035980
0.035948
0.035948
0.035977
0.035841
0.036020
0.046473
0.035946
0.035763
0.035617
0.038838
0.037931
0.038326
0.039049
0.037784
0.038930
0.048735
0.037733
0.037937
0.038003
0.037824
0.037684
0.037677
0.048055
0.037360
0.037280
0.047531
0.036721
0.047297
0.046745
0.046681
0.046453
0.046435
0.035919
0.045937
0.045920
0.045738
0.045860
0.045857
0.045782
0.045831
0.045956
0.035509
0.035470
0.035393
0.035496
0.045758
0.035364
0.035423
0.035183
0.035087
0.035421
0.035673
0.035268
0.035846
0.035041
0.045461
0.035079
0.034961
0.034890
0.034876
0.045378
0.045226
0.046165
0.035374
0.045736
0.045174
0.034851
0.045132
0.045181
0.034888
0.034945
0.045419
0.034822
0.034760
0.034810
0.045200
0.034817
0.034810
0.034818
0.035013
0.034801
0.034798
0.034789
0.045235
0.034802
0.045219
0.034958
0.034840
0.034979
0.034823
0.035324
0.034862
0.034868
0.034908
0.034861
0.045062
0.034850
0.034838
0.034874
0.034780
0.034671
0.034928
0.034840
0.034897
0.034710
