1.828956
0.036110
0.035521
0.035582
0.035491
0.035681
0.035631
0.035463
0.035504
0.035423
0.045004
0.035729
0.035726
0.035778
0.035095
0.035883
0.035799
0.036041
0.046597
0.036381
0.046832
0.036510
0.036578
0.036865
0.036818
0.036525
0.036452
0.036337
0.036208
0.036095
0.046541
0.035944
0.035781
0.035703
0.035663
0.035690
0.035694
0.035683
0.035582
0.035695
0.046062
0.037905
0.036630
0.035953
0.035785
0.035823
0.035795
0.035813
0.036637
0.036001
0.046377
0.036187
0.036110
0.036142
0.036085
0.036034
0.036083
0.035956
0.035857
0.035920
0.046141
0.035819
0.035771
0.035859
0.035829
0.035877
0.035882
0.035905
0.035883
0.036007
0.046380
0.036033
0.035987
0.036046
0.036116
0.036138
0.036239
0.036189
0.036221
0.036179
0.046498
0.036226
0.036149
0.036210
0.036047
0.036214
0.036157
0.036111
0.036052
0.036102
0.046498
0.036168
0.036063
0.036133
0.036042
0.035980
0.036006
0.035918
0.036453
0.035829
0.046197
0.035624
0.035625
0.035583
0.035529
0.035617
0.035529
0.035552
0.035682
0.035692
0.046248
0.035949
0.035958
0.036014
0.035984
0.036035
0.035993
0.036188
0.036126
0.036007
