214.380000,155.660000,245.780000,152.200000,253.620000,223.400000,222.220000,226.860000
270.274197,231.828939,240.077978,235.895029,229.235072,155.371779,259.431291,151.305689
269.400889,234.842065,239.713463,238.365930,230.274541,158.846040,259.961967,155.322176
264.407145,233.402192,232.662395,236.685210,224.426051,157.044872,256.170802,153.761853
265.460836,239.019846,235.374813,241.931253,227.739238,163.026399,257.825262,160.114993
265.235018,244.073530,235.650013,246.376181,229.654432,169.343526,259.239437,167.040876
264.000467,252.678075,233.746429,255.266725,227.110070,177.706374,257.364108,175.117723
250.313772,258.454669,218.564604,259.477058,216.017599,180.382640,247.766767,179.360251
239.364197,200.902265,268.407269,209.305683,248.799294,277.072849,219.756222,268.669431
254.899742,226.764223,281.294441,234.454494,261.088630,303.805270,234.693932,296.114999
300.733055,339.972219,266.272157,341.614313,262.577445,264.077292,297.038344,262.435198
327.256269,350.208754,288.212553,377.629947,238.382643,306.679540,277.426358,279.258346
307.508010,345.172960,267.061983,375.289559,222.207472,315.050795,262.653500,284.934195
298.252550,341.486126,258.619169,373.358860,210.455927,313.468418,250.089308,281.595684
277.017599,298.814931,281.107345,367.857972,207.343412,372.227358,203.253667,303.184317
250.928233,285.709600,267.295940,345.758446,174.820717,370.964714,158.453010,310.915868
235.808664,282.039512,243.487594,348.267700,142.846719,359.936663,135.167789,293.708474
221.136843,273.884036,227.581671,340.693696,123.958526,350.689755,117.513698,283.880096
195.804658,263.764752,210.470209,326.029691,110.426544,349.593442,95.760993,287.328503
178.429399,268.078844,200.263888,315.393134,124.149595,350.518182,102.315106,303.203892
177.488878,274.105463,180.073719,328.489382,65.788671,333.921292,63.203831,279.537373
166.806726,260.250964,175.474216,317.568069,62.477636,334.655407,53.810146,277.338301
160.926863,255.829347,169.410908,314.363530,58.368119,330.458261,49.884075,271.924078
142.851735,250.061196,152.594576,307.575149,45.654569,325.690746,35.911728,268.176792
147.605112,241.942426,154.260677,295.305017,52.057749,308.052117,45.402184,254.689526
144.402501,242.760628,145.432644,287.707158,29.608894,290.361759,28.578751,245.415229
200.390100,264.157707,186.162243,298.746809,98.482890,262.680846,112.710747,228.091744
247.747223,279.931478,226.573443,314.397630,158.344528,272.482189,179.518308,238.016036
277.469394,285.973008,250.418069,322.700601,186.461400,275.593983,213.512724,238.866391
293.496708,288.808092,276.316390,320.159315,209.695041,283.651140,226.875359,252.299917
299.508084,290.714014,283.788043,320.060485,216.353598,283.937838,232.073639,254.591367
310.571033,289.978565,284.970841,327.218002,223.275654,284.805744,248.875846,247.566307
315.747955,294.824996,290.603742,330.398300,230.966144,288.244766,256.110358,252.671463
321.369534,296.884738,302.352508,332.110491,236.933252,296.793157,255.950278,261.567404
327.191528,299.244867,309.400570,333.487492,242.019921,298.479478,259.810879,264.236853
339.317740,302.533354,322.031277,337.493019,255.389415,304.540698,272.675878,269.581033
347.234544,307.625356,326.221569,342.630937,261.957593,304.054877,282.970569,269.049297
364.033056,309.589428,345.652407,344.928446,278.287404,309.890333,296.668053,274.551315
385.204813,315.678627,368.937922,350.159113,298.846444,317.091990,315.113335,282.611504
403.778843,318.656428,387.095557,353.050294,317.761889,319.418908,334.445176,285.025042
414.294474,327.829588,396.513693,362.593107,327.538456,327.313779,345.319237,292.550260
415.429823,333.574733,395.828988,368.189006,329.263078,330.495091,348.863913,295.880818
411.030254,335.238073,393.270862,370.012524,322.066034,333.648055,339.825425,298.873604
431.896540,344.497343,412.494189,380.574490,341.449961,342.366784,360.852312,306.289637
458.371155,365.460423,435.991090,401.375895,364.712691,356.960074,387.092756,321.044602
453.089170,362.471067,430.111248,398.816838,357.419706,352.860993,380.397628,316.515222
450.308394,354.920959,426.152039,391.297438,353.967461,343.362171,378.123817,306.985691
461.363427,360.922848,437.572625,397.508390,364.982263,350.304417,388.773065,313.718875
483.960936,371.466896,458.843947,407.593574,384.332674,355.789784,409.449663,319.663106
501.630470,375.305007,475.902980,412.367884,398.835727,358.871041,424.563217,321.808163
515.634989,377.164477,489.001548,414.995256,410.938035,360.037361,437.571477,322.206582
529.313273,397.679189,500.616055,434.472685,422.281514,373.375383,450.978732,336.581886
534.329449,400.169899,505.817079,437.159446,426.380509,375.927963,454.892880,338.938415
504.418055,393.784170,472.506487,428.749715,401.428986,363.880297,433.340554,328.914752
478.945696,377.956308,444.419243,410.532468,379.792343,342.036440,414.318797,309.460279
467.213500,349.227933,436.229922,382.889193,369.459226,321.429965,400.442804,287.768706
453.545181,333.819383,424.228730,367.808298,358.443733,311.066780,387.760184,277.077865
444.772672,320.642934,417.994730,354.755319,350.329180,301.638418,377.107122,267.526033
423.321793,315.847092,396.891597,349.222202,330.141378,296.361808,356.571574,262.986699
407.125353,303.334670,384.009248,337.988513,315.260495,292.129144,338.376600,257.475300
388.543001,298.731982,366.185802,333.509293,296.631181,288.794896,318.988380,254.017585
372.516183,293.223553,351.264192,329.069028,280.142218,286.902380,301.394209,251.056905
365.287212,282.592768,344.311569,319.169134,271.739414,277.550795,292.715057,240.974429
348.874629,274.728130,327.130393,310.636884,254.733711,266.797698,276.477947,230.888944
327.260000,257.886131,306.493886,295.146354,234.339169,254.932609,255.105283,217.672387
314.035138,247.521809,291.724639,284.085945,219.167681,239.813548,241.478180,203.249412
302.663741,238.393801,278.549445,275.411979,207.360641,229.038333,231.474937,192.020155
284.792656,232.820597,261.403585,269.275007,189.652047,223.239376,213.041118,186.784966
258.638696,218.975440,232.462557,257.300800,164.392141,210.808851,190.568280,172.483491
237.576210,210.168520,207.212942,246.872811,140.281590,191.504500,170.644857,154.800209
216.839176,202.922336,186.505269,239.839838,118.263826,183.768072,148.597732,146.850569
211.637985,196.546587,180.076173,234.065384,114.558274,178.949980,146.120087,141.431183
201.854047,185.367105,170.900784,221.766877,104.167869,165.019229,135.121131,128.619457
193.485900,177.861279,159.706284,216.112109,94.291821,158.344069,128.071437,120.093239
182.550033,188.155984,145.071536,225.439042,82.755568,162.796411,120.234065,125.513353
195.568227,207.988304,154.302496,245.937525,93.162085,179.453847,134.427816,141.504626
211.550622,240.616285,167.592771,275.941965,112.862844,207.838252,156.820695,172.512572
212.899103,234.245986,169.122441,272.886236,112.728562,208.995973,156.505224,170.355722
211.154940,214.595968,171.863825,254.790308,109.024786,193.363353,148.315901,153.169013
207.041928,217.261267,168.927025,256.026742,105.648087,193.809767,143.762991,155.044292
211.930040,229.681788,175.633002,271.073296,107.041360,210.923918,143.338398,169.532411
212.976466,253.348636,174.557897,292.684308,108.998445,228.653360,147.417014,189.317688
230.027418,260.846365,195.851790,304.006049,128.029430,250.301491,162.205058,207.141807
258.907980,276.907833,222.284342,315.971588,162.839498,260.239965,199.463136,221.176210
285.260320,295.676867,242.578685,325.946293,183.318823,242.386472,226.000458,212.117046
302.135215,302.542720,259.209869,332.932147,208.262889,260.969068,251.188234,230.579641
311.646663,307.810579,267.601835,338.763461,218.896564,269.457629,262.941392,238.504747
315.924225,312.111285,272.264929,342.919628,222.798013,272.818787,266.457309,242.010444
316.436753,313.790536,274.464548,346.229786,222.561748,279.074257,264.533953,246.635008
314.095635,316.126637,271.071573,347.503261,221.134129,279.028344,264.158191,247.651720
312.595963,316.075624,268.910753,348.136310,219.483862,280.788278,263.169072,248.727592
311.141534,314.695543,270.585332,348.320213,215.825156,282.271542,256.381357,248.646873
318.833098,319.009276,277.385671,353.026813,223.724204,287.644956,265.171631,253.627419
320.097312,327.062341,276.567406,359.017737,227.302838,291.909132,270.832744,259.953736
322.852162,328.211633,279.713599,359.749401,231.530898,293.843264,274.669460,262.305495
325.126496,322.202437,285.673557,354.872905,233.867528,292.311816,273.320467,259.641348
327.553815,317.893600,290.377391,351.527101,235.783883,291.182760,272.960307,257.549259
339.125662,304.982295,307.836306,340.199754,246.862796,286.027136,278.152152,250.809678
357.370946,294.878074,331.568709,330.929274,265.662610,283.759558,291.464847,247.708359
359.152544,276.325920,338.859680,311.750809,270.332844,272.495760,290.625709,237.070871
354.952489,263.265294,338.178363,298.208084,267.719950,264.384847,284.494076,229.442057
346.304542,255.993621,331.606022,290.826720,260.797754,260.947763,275.496274,226.114663
338.595096,257.750994,323.568013,290.739618,255.391524,259.683648,270.418606,226.695024
333.269193,258.630410,317.241217,290.754993,251.412155,257.910780,267.440131,225.786198
318.872026,256.810596,302.473569,290.809956,237.613251,259.526745,254.011708,225.527385
305.678081,259.605523,288.827346,293.184997,223.800427,260.553414,240.651162,226.973940
298.153386,269.342091,281.723005,303.129233,215.221329,270.790071,231.651710,237.002929
295.659969,280.255381,276.371812,315.926637,210.799651,280.470466,230.087808,244.799211
293.251805,303.602468,267.143822,340.321646,204.771518,295.973839,230.879502,259.254661
290.644280,322.035805,260.009387,358.968225,199.120804,308.462051,229.755696,271.529631
288.400221,324.957703,259.454426,362.717720,193.644110,312.269333,222.589906,274.509316
289.055865,326.184437,258.807599,364.779989,193.746525,313.790057,223.994790,275.194504
293.002578,345.712450,259.727493,383.422136,196.523935,327.651218,229.799020,289.941532
294.662990,350.067198,262.263484,389.507326,196.342126,335.353867,228.741631,295.913738
296.295542,355.166135,263.031962,394.836696,197.659347,340.022065,230.922926,300.351503
297.286191,357.715212,264.104554,396.485916,198.362926,340.221402,231.544562,301.450698
299.996609,356.643889,263.650648,395.053361,199.815188,334.647397,236.161149,296.237925
291.183768,362.457476,247.677391,394.760422,197.428363,327.083836,240.934740,294.780890
284.990542,350.115858,248.848845,385.595122,190.934164,326.599117,227.075862,291.119853
281.450638,327.620184,249.142617,364.033145,189.360144,310.990124,221.668165,274.577163
