1.919400
0.038284
0.034810
0.034634
0.034661
0.034509
0.034603
0.034584
0.034646
0.034716
0.045261
0.034793
0.034672
0.034702
0.034695
0.034535
0.035740
0.034600
0.034530
0.034760
0.045152
0.034735
0.034641
0.034548
0.034554
0.034616
0.034692
0.034617
0.034493
0.034443
0.044849
0.034498
0.034431
0.034491
0.034558
0.034529
0.034625
0.034606
0.034512
0.034477
0.044843
0.034499
0.034532
0.034564
0.034620
0.034472
0.034549
0.035802
0.034804
0.034575
0.045580
0.034693
0.034805
0.034515
0.034463
0.034551
0.034464
0.034577
0.034419
0.034487
0.045446
0.034444
0.034410
0.034330
0.034390
0.034449
0.034536
0.034329
0.034409
0.034403
0.045429
0.034429
0.034412
0.034898
0.034503
0.034354
0.034350
0.034448
0.036040
0.034429
0.045314
0.034511
0.034476
0.034397
0.034533
0.034627
0.034503
0.034406
0.034413
0.034534
0.045495
0.034525
0.034488
0.034457
0.034499
0.034397
0.034429
0.034466
0.034501
0.034378
0.045291
0.034446
0.034466
0.034528
0.034625
0.034455
0.034455
0.034474
0.034544
0.036120
0.045555
0.034482
0.034497
0.034386
0.034411
0.034542
0.034493
0.034559
0.034521
0.034446
0.045497
0.034460
0.034549
0.034513
0.034568
0.034752
0.034502
0.034544
0.034466
0.034818
0.045388
0.034561
0.034400
0.034668
0.034433
0.034861
0.034412
0.034374
0.034433
0.034460
0.046925
0.034502
0.034518
0.034493
0.034436
0.034621
0.034508
0.034571
0.034423
0.034477
0.045327
0.034481
0.034695
0.034455
0.034406
0.034523
0.034593
0.034358
0.034364
0.034442
0.045288
0.034480
0.034460
0.034448
0.034514
0.034465
0.034451
0.034489
0.034600
0.034540
0.046468
0.034701
0.034566
0.034522
0.034524
0.034499
0.034551
0.034432
0.034419
0.034511
0.045709
0.034548
0.034514
0.034503
0.034546
0.034432
0.034522
0.034488
0.034790
0.034400
0.045318
0.034557
0.034781
0.034602
0.034428
0.044568
0.045451
0.033292
0.044202
0.044324
0.044166
0.034845
0.043972
0.043780
0.043796
0.043677
0.034612
0.033630
0.033105
0.033126
0.044749
0.034370
0.034478
0.034411
0.034514
0.034498
0.034456
0.034495
0.034431
0.034441
0.044804
0.034508
0.034463
0.034363
0.034420
0.034559
0.034411
0.034405
0.034483
0.034540
0.044698
0.035723
0.034508
0.034424
0.034443
0.034512
0.034540
0.034454
0.034531
0.034599
0.044900
0.034503
0.034702
0.034716
0.034720
0.034550
0.034466
0.034440
0.034495
0.034405
0.044766
0.034493
0.034425
0.034413
0.034519
0.034511
0.034613
0.034469
0.034494
0.034513
0.044830
0.034482
0.035429
0.034615
0.034609
0.034521
0.034485
0.034462
0.034557
0.034458
0.044862
0.034512
0.034564
0.034479
0.034534
0.034585
0.034548
0.034443
0.034449
0.034519
0.044883
0.034453
0.034502
0.034479
0.034393
0.034433
0.034430
0.034430
0.034483
0.034472
0.044870
0.034601
0.034661
0.034683
0.034879
0.035133
0.034754
0.034705
0.034689
0.034565
0.045043
0.034741
0.034695
0.034609
0.034706
0.034528
0.034576
0.034487
0.034746
0.034577
0.045013
0.034481
0.034501
0.034786
0.034534
0.034656
0.034776
0.034786
0.034580
0.034636
0.044927
0.034727
0.034710
0.034872
0.037925
0.034967
0.034634
0.034559
0.034602
0.034568
0.045061
0.034615
0.034496
0.034580
0.034620
0.034626
0.034605
0.034638
0.034515
0.034608
0.045066
0.034971
0.034977
0.034893
0.034951
0.034716
0.035002
0.034909
0.034818
0.034772
0.045166
0.034818
0.034735
0.034813
0.034913
0.034575
0.034717
0.034616
0.034781
0.034928
0.045223
0.037136
0.035023
0.034953
0.035030
0.035078
