1.827167
0.035462
0.035194
0.034803
0.035583
0.034897
0.035154
0.034765
0.034655
0.035057
0.045449
0.034934
0.034895
0.034738
0.034867
0.034702
0.034686
0.035092
0.034823
0.034734
0.045156
0.034761
0.034870
0.034821
0.034786
0.034737
0.034711
0.034868
0.034753
0.034852
0.045156
0.034905
0.034647
0.034708
0.034724
0.034782
0.034776
0.034924
0.034689
0.035337
0.045994
0.034810
0.034735
0.034737
0.034819
0.034976
0.034985
0.034877
0.034804
0.034903
0.045538
0.036129
0.035105
0.035087
0.034826
0.034996
0.034818
0.034841
0.034914
0.034921
0.045168
0.034954
0.034787
0.035362
0.035116
0.035601
0.034886
0.034763
0.035286
0.034854
0.045308
0.034924
0.034956
0.034868
0.035353
0.035146
0.035950
0.034995
0.035002
0.035060
0.045273
0.035161
0.035073
0.034955
0.034915
0.034908
0.035255
0.034968
0.035071
0.035118
0.045451
0.035205
0.035069
0.035438
0.035418
0.035344
0.035068
0.034997
0.035037
0.035188
0.045401
0.035245
0.035051
0.035164
0.035118
0.035061
0.035035
0.035038
0.034883
0.034958
0.045465
0.035084
0.036098
0.035064
0.035250
0.035119
0.035034
0.035066
0.034962
0.035006
0.045336
0.034967
0.035115
0.035054
0.035151
0.035035
0.035055
0.035021
0.034916
0.035046
0.045350
0.035126
0.035045
0.035083
0.035350
0.035126
0.035142
0.035138
0.035130
0.035191
0.045637
0.035403
0.035185
0.035088
0.035195
0.035152
0.035121
0.035234
0.035356
0.035180
0.045033
0.034857
0.035105
0.035115
0.035165
0.035160
0.035362
0.035312
0.035486
0.035464
0.045653
0.035346
0.035240
0.035377
0.035461
0.035369
0.035332
0.035208
0.035748
0.035193
0.045772
0.035254
0.035168
0.035022
0.035303
0.035203
0.035682
0.035387
0.035314
0.035166
0.045729
0.035506
0.035819
0.036205
0.035241
0.035137
0.035187
0.035125
0.035302
0.035446
0.045735
0.035474
0.035876
0.035598
0.035680
0.035413
0.035260
0.035129
0.035606
0.035188
0.045768
0.035722
0.035645
0.035583
0.035669
0.035703
0.035964
0.035556
0.035540
0.035855
0.046314
0.035839
0.035936
0.035890
0.036145
0.036017
0.035927
0.036103
0.036663
0.036210
0.046437
0.035944
0.035994
0.036131
0.035907
0.035827
0.035990
0.035910
0.035851
0.035647
0.046182
0.035582
0.035690
0.035817
0.035834
0.036057
0.036061
0.036008
0.036098
0.035962
0.046274
0.035685
0.035444
0.035595
0.035617
0.035831
0.035965
0.035767
0.035889
0.035982
0.046378
0.035907
0.035836
0.036606
0.035779
0.035688
0.035735
0.035962
0.035807
0.035883
0.046332
0.036059
0.036092
0.035998
0.036009
0.035821
0.035633
0.035636
0.035655
0.035664
0.046234
0.035832
0.035931
0.035829
0.035815
0.035693
0.035601
0.035511
0.035121
0.035556
0.045899
0.035544
0.035705
0.035817
0.035988
0.035908
0.035939
0.035899
0.035378
0.036905
0.046031
0.035334
0.035565
0.035688
0.035753
0.036036
0.035942
0.036903
0.036043
0.036029
0.047204
0.035938
0.035951
0.036175
0.036132
0.035944
0.036092
0.036185
0.036232
0.036213
0.047030
0.036403
0.036457
0.036258
0.036099
0.036403
0.036736
0.036113
0.035974
0.035873
0.046226
0.036078
0.036032
0.035992
0.039121
0.036171
0.036351
0.036469
0.036297
0.036350
0.046787
0.036629
0.036943
0.037440
0.037088
0.036916
0.036615
0.036905
0.036479
0.036695
0.047295
0.036835
0.036710
0.037157
0.037332
0.037540
0.037373
0.037248
0.036810
0.036601
0.047092
0.036782
0.036985
0.037047
0.036968
0.036993
0.037067
0.037207
0.037147
0.037272
0.047347
0.036886
0.036931
0.037220
0.037243
0.040647
0.037626
0.037273
0.037418
0.037683
0.048342
0.037644
0.037793
0.037404
0.037383
0.037488
0.037476
0.037349
0.037589
0.037309
0.047908
0.037792
0.037668
0.037740
0.038016
0.037486
0.037471
0.037631
0.037990
0.035620
0.048206
0.037650
0.037640
0.037755
0.037673
0.038111
0.035463
0.035515
0.037961
0.035723
0.048346
0.035733
0.035563
0.035670
0.036004
0.035632
0.036577
0.035622
0.035662
0.035583
0.045975
0.035394
0.035555
0.035613
0.035496
0.035754
0.035540
0.035790
0.035456
0.035404
0.046223
0.035638
0.035754
0.035866
0.035677
0.035625
0.035515
0.035625
0.035660
0.035789
0.046037
0.035693
0.035922
0.035891
0.035728
0.035932
0.035780
0.035821
0.035764
0.035843
0.046072
0.035936
0.035717
0.035896
0.035846
0.035806
0.035807
0.035836
0.035994
0.036156
0.046395
0.035910
0.035866
0.035937
0.035846
0.035836
0.035857
0.036005
0.035821
0.035790
0.046186
0.035932
0.035935
0.035826
0.035874
0.036227
0.035767
0.035750
0.035772
0.035891
0.046207
0.035805
0.035829
0.035808
0.035893
0.035775
0.035897
0.035710
0.035774
0.035796
0.046179
0.035871
0.035899
0.035791
0.035823
0.035787
0.035765
0.035760
0.035854
0.036067
0.046299
0.036730
0.036062
0.035874
0.036004
0.036040
0.036175
0.035914
0.035918
0.036044
0.046286
0.035950
0.035921
0.035865
0.035914
0.035775
0.036019
0.035974
0.036073
0.035891
0.046491
0.035877
0.035901
0.036075
0.036140
0.035962
0.036119
0.036227
0.046422
0.036079
0.046494
0.035837
0.035892
0.035833
0.035822
0.035678
0.035723
0.035933
0.035874
0.035764
0.046084
0.035775
0.035752
0.035731
0.036807
0.035600
0.035486
0.035677
0.037658
0.035437
0.048015
0.035575
0.035704
0.035601
0.035613
0.035371
0.037467
0.037440
0.037662
0.035455
0.047783
0.037137
0.037140
0.036675
0.036947
0.037043
0.036801
0.036662
0.036770
0.036687
0.047148
0.036754
0.036747
0.036371
0.036511
0.036086
0.036042
0.036431
0.036581
0.036383
0.046869
0.036275
0.035887
0.035865
0.036077
0.035943
0.037020
0.036068
0.035903
0.035632
0.046016
0.035640
0.035666
0.035444
0.035454
0.035511
0.035303
0.035104
0.035161
0.035159
0.045444
0.034914
0.035014
0.034897
0.034864
0.034924
0.035112
0.034894
0.034860
0.034863
0.045233
0.034855
0.034693
0.034636
0.034692
0.034665
0.034567
0.034645
0.034580
0.034907
0.045154
0.034676
0.034604
0.034565
0.034632
0.034569
0.034590
0.034575
0.034605
0.034508
0.045824
0.034650
0.034612
0.034615
0.034652
0.034875
0.034509
0.034507
0.034632
0.034876
0.045162
0.034603
0.034646
0.034716
0.045079
0.034502
0.034608
0.034732
0.034523
0.034375
0.045096
0.044918
0.034632
0.044945
0.034854
0.045043
0.034543
0.034631
0.034562
0.034400
0.044799
0.034437
0.034516
0.034505
0.034421
0.034352
0.034418
0.034491
0.034399
0.034369
0.044681
0.035024
0.034682
0.035385
0.034505
0.034449
0.034330
0.034518
0.034408
0.034595
0.044703
0.034528
0.034404
0.034342
0.034412
0.034502
0.034379
0.034353
0.035212
0.034519
0.044715
0.034462
0.034464
0.034282
0.034425
0.034456
0.034362
0.034340
0.034340
0.034457
0.044842
0.034461
0.034446
0.034374
0.034512
0.034317
0.034392
0.034918
0.034430
0.034365
0.044657
0.034333
0.034439
0.034261
0.034526
0.034399
0.034441
0.035161
0.034459
0.034580
0.045415
0.034632
0.034452
0.034521
0.034491
0.034472
0.034888
0.034424
0.034304
0.034673
0.045361
0.034511
0.034630
0.034412
0.034752
0.034534
0.034488
0.034618
0.034412
0.034549
0.045392
0.034660
0.034580
0.034327
0.034623
0.034386
0.034437
0.034580
0.034841
0.034575
0.045447
0.034469
0.034593
0.034574
0.034410
0.034407
0.034555
0.034594
0.034431
0.034473
0.045910
0.034417
0.034374
0.034299
0.034472
0.034482
0.034328
0.034492
0.034586
0.034583
0.045367
0.034421
0.034377
0.034276
0.034353
0.034313
0.034404
0.034404
0.034306
0.034431
0.045278
0.034421
0.034563
0.034451
0.034662
0.034542
0.034468
0.034483
0.034301
0.034423
0.045339
0.034465
0.034508
0.034478
0.034567
0.034421
0.034349
0.034562
0.034329
0.034393
0.045235
0.034555
0.034399
0.034359
0.035339
0.034609
0.034379
0.034505
0.034404
0.034654
0.045651
0.034417
0.034455
0.034213
0.034618
0.034389
0.034415
0.034549
0.045436
0.034558
0.045357
0.034512
0.034651
0.034663
0.034761
0.034507
0.034423
0.034494
0.034771
0.034998
0.045442
0.034641
0.034498
0.034363
0.034607
0.034449
0.045468
0.045393
0.034702
0.034555
0.045549
0.034624
0.034634
0.034543
0.034514
0.034501
0.034562
0.036670
0.035335
0.034473
0.045371
0.034505
0.034642
0.034377
