278.670000,66.947000,297.060000,67.968000,293.310000,135.510000,274.920000,134.480000
277.468805,65.755385,296.843274,66.546753,294.205382,131.128318,274.830912,130.336951
275.939660,66.450098,297.573428,67.436636,294.796506,128.331686,273.162738,127.345148
277.718628,66.616369,297.421241,66.966793,296.213397,134.877928,276.510784,134.527504
297.216053,134.463125,274.175380,134.677122,273.552497,67.612306,296.593170,67.398310
275.855039,66.729720,298.293720,68.078250,294.351864,133.668240,271.913184,132.319710
275.648479,67.339641,297.199263,68.125383,295.002394,128.379618,273.451609,127.593876
275.078222,65.075576,295.702328,65.267667,295.110046,128.858659,274.485941,128.666568
276.563383,65.059905,298.197351,66.296321,294.418119,132.422789,272.784151,131.186373
274.782535,65.067592,298.233654,66.411293,294.666737,128.663355,271.215618,127.319654
275.011864,65.299037,297.404996,65.646900,296.430980,128.347668,274.037849,127.999805
275.458176,66.068743,298.166801,66.392837,297.239004,131.401841,274.530379,131.077748
275.669396,65.990116,299.088209,66.612577,297.340531,132.365397,273.921718,131.742936
277.759412,65.070350,299.925099,66.359183,296.242720,129.689717,274.077034,128.400884
277.752129,65.428668,299.236361,65.506832,299.006558,128.670477,277.522325,128.592312
278.250716,64.223312,298.726620,65.216969,295.331625,135.176308,274.855721,134.182651
275.740594,65.383286,298.372505,65.781629,297.169960,134.104380,274.538049,133.706037
296.828795,132.992616,275.899772,133.159391,275.367511,66.364637,296.296534,66.197862
276.194833,65.496400,297.815992,66.582834,294.514085,132.294198,272.892926,131.207765
275.837346,65.499560,296.030556,65.790936,295.106832,129.807709,274.913622,129.516333
276.481071,65.240847,297.052735,65.467815,296.321897,131.708576,275.750232,131.481607
276.855831,64.996467,297.355713,65.066273,297.118660,134.680453,276.618779,134.610646
302.027807,135.115343,278.766615,136.306428,275.170456,66.075521,298.431648,64.884436
276.711392,64.540315,300.430138,66.151968,295.753183,134.982838,272.034437,133.371185
277.208089,63.777251,299.097636,64.696831,296.201938,133.625617,274.312391,132.706037
277.647803,63.492448,297.998439,64.246036,295.655761,127.509968,275.305126,126.756379
278.934310,63.416602,298.617930,64.349811,295.699170,125.913473,276.015550,124.980264
276.012888,64.712511,298.717032,65.267941,297.089720,131.787102,274.385576,131.231672
275.145692,64.866964,298.620551,65.316733,297.343526,131.968563,273.868668,131.518794
275.064370,64.439197,296.629462,64.461968,296.558823,131.357764,274.993731,131.334993
298.794124,131.023460,277.565477,131.975859,274.509864,63.867284,295.738511,62.914886
275.661068,62.311682,297.015088,62.390804,296.777722,126.452864,275.423702,126.373742
297.072475,124.772520,274.854161,124.911692,274.467572,63.194153,296.685886,63.054981
297.509786,124.679823,275.843141,124.709880,275.757594,63.043273,297.424240,63.013216
279.161667,63.765684,299.708415,64.803013,296.160751,135.072891,275.614003,134.035562
300.701667,132.610173,280.120232,133.950014,275.570356,64.058892,296.151790,62.719051
278.233161,62.047931,299.505183,63.076489,296.113133,133.228904,274.841110,132.200347
278.439911,61.936430,298.678743,62.427614,297.098412,127.543856,276.859580,127.052673
279.374796,62.106943,298.533386,62.663300,296.767557,123.470999,277.608967,122.914642
298.374879,123.547803,273.835558,123.887140,273.003636,63.726225,297.542957,63.386888
276.476891,63.555225,298.560140,63.616289,298.364274,134.449352,276.281025,134.388288
277.551417,62.972482,297.238111,63.150646,296.604638,133.147780,276.917944,132.969616
276.054566,61.849591,296.929098,61.989319,296.466249,131.136208,275.591717,130.996480
276.457397,61.661776,297.139514,62.000833,296.021350,130.207814,275.339233,129.868757
274.391656,61.426410,298.449738,61.887532,297.066371,134.061775,273.008290,133.600653
299.036374,131.523413,272.921145,132.237853,271.015971,62.597242,297.131200,61.882802
275.100488,63.122043,300.618698,64.015751,298.224235,132.385292,272.706026,131.491585
273.587835,63.911563,299.867566,64.860978,297.300629,135.913583,271.020898,134.964168
276.100708,62.558719,299.681531,64.002817,295.379321,134.254018,271.798498,132.809920
275.693069,62.265999,298.983111,63.162555,296.418962,129.772074,273.128920,128.875518
299.097150,123.777433,272.971571,124.269300,271.818227,63.009323,297.943805,62.517456
299.910843,123.967786,272.577703,124.511182,271.359748,63.247246,298.692888,62.703850
274.709535,63.631503,299.578491,63.835385,299.044321,128.992050,274.175365,128.788168
271.108289,62.431935,297.329749,62.793945,296.428139,128.100222,270.206680,127.738212
298.001857,131.851266,276.206580,132.115189,275.362026,62.370302,297.157304,62.106379
273.694994,61.375896,296.280927,61.390940,296.238867,124.539363,273.652935,124.524320
272.668199,61.567705,296.959130,61.756749,296.399133,133.712903,272.108202,133.523860
299.624866,138.103716,272.646228,138.272613,272.172715,62.636074,299.151353,62.467178
305.489908,134.545591,278.398603,137.759279,269.590716,63.509036,296.682021,60.295348
272.238552,62.653545,298.017655,62.986296,297.065987,136.714530,271.286884,136.381779
272.519181,63.331921,296.893356,63.532461,296.300091,135.639396,271.925916,135.438856
297.559959,132.002374,274.919282,132.342377,273.870336,62.493482,296.511012,62.153479
276.122092,61.652158,298.956487,62.207457,297.483244,122.788504,274.648850,122.233205
274.265117,63.449184,296.842869,63.578969,296.494232,124.229008,273.916480,124.099224
275.013251,63.371690,298.978603,63.775228,297.837833,131.523436,273.872480,131.119898
297.243812,132.236241,272.541237,132.401013,272.075997,62.652565,296.778573,62.487793
297.764735,130.262993,273.786433,130.998620,271.699655,62.978539,295.677957,62.242912
297.019744,123.298903,271.062661,123.553669,270.462143,62.369116,296.419226,62.114350
296.929303,127.305549,269.901673,127.747899,268.840033,62.881586,295.867663,62.439236
298.334403,138.898871,271.322953,139.373848,269.998019,64.026121,297.009468,63.551144
271.493211,63.285087,297.853951,63.540723,297.135277,137.649217,270.774537,137.393581
271.103147,61.849124,298.741840,63.737448,293.531463,139.999769,265.892770,138.111444
272.340116,62.429885,296.328832,62.633878,295.708174,135.620822,271.719458,135.416830
271.042354,61.148368,295.878251,61.193186,295.753462,130.344115,270.917565,130.299297
299.212214,123.660430,272.544105,124.677581,270.146535,61.817038,296.814644,60.799887
297.418603,128.545783,269.429936,129.342335,267.566572,63.868845,295.555239,63.072293
272.327556,63.212239,297.200510,63.531295,296.263283,136.595596,271.390329,136.276540
295.896411,136.908766,270.130923,136.992563,269.889393,62.727330,295.654881,62.643534
296.187771,134.637822,269.050785,135.082251,267.857411,62.214418,294.994397,61.769989
293.760532,127.722500,269.021284,127.851319,268.676050,61.550135,293.415298,61.421316
295.274659,136.374684,265.899664,136.391715,265.856519,61.975061,295.231514,61.958030
295.452834,132.515326,267.237206,132.686323,266.814377,62.916771,295.030005,62.745774
270.220893,61.888258,295.976616,62.911520,292.969480,138.601808,267.213757,137.578546
270.623251,60.964449,293.901851,62.358633,289.347515,138.402060,266.068915,137.007876
270.078164,60.833131,293.803936,61.905611,290.474778,135.554364,266.749005,134.481883
268.845169,59.016452,294.944679,60.738377,290.416654,129.370420,264.317145,127.648495
265.287345,60.146302,293.547014,60.940729,291.675398,127.518594,263.415728,126.724166
264.685847,61.870916,294.319992,62.946165,291.568084,138.789485,261.933939,137.714236
263.982564,62.552432,293.055886,62.910010,292.145687,136.914830,263.072365,136.557252
261.735042,63.237200,290.995020,63.397316,290.593222,136.823300,261.333243,136.663184
258.777539,62.397508,291.094838,63.000115,289.702607,137.664219,257.385308,137.061612
258.549306,62.463944,291.893104,63.483260,289.670662,136.183673,256.326863,135.164357
261.348100,62.950407,295.329704,65.296570,291.067506,127.029818,257.085902,124.683654
262.430489,65.621133,297.468364,65.909560,296.958070,127.899647,261.920195,127.611220
262.332027,67.958950,297.878068,69.946469,294.218509,135.396322,258.672468,133.408803
261.910186,69.776729,295.420011,70.975207,292.961065,139.728124,259.451240,138.529646
261.890728,71.052196,293.828211,71.085229,293.752118,144.655502,261.814635,144.622469
266.147157,70.879652,295.109418,72.011645,292.268756,144.690527,263.306495,143.558534
268.144500,71.307131,297.783423,73.875540,292.142098,138.975318,262.503174,136.406910
297.608331,144.247439,264.965737,144.865124,263.622517,73.880436,296.265110,73.262750
262.922809,74.073415,297.210910,74.330115,296.660839,147.804618,262.372737,147.547918
311.430740,143.009208,264.884459,146.637758,259.376059,75.977138,305.922340,72.348589
292.730204,142.910433,260.808376,142.965156,260.686770,72.027761,292.608598,71.973038
263.687124,72.158736,296.781296,74.645885,291.680534,142.516984,258.586361,140.029836
263.288835,72.481012,296.873670,74.276827,293.196524,143.045774,259.611689,141.249959
264.566117,72.428471,297.599754,75.089272,292.193680,142.205233,259.160044,139.544431
265.133424,70.636631,297.024863,74.187775,288.991126,146.335621,257.099687,142.784476
264.300917,68.995744,293.611810,71.939378,286.305289,144.693200,256.994397,141.749566
264.262440,66.892297,294.616012,69.539068,288.087312,144.411212,257.733740,141.764441
263.481518,66.555193,294.674920,68.435136,290.163056,143.299300,258.969655,141.419357
262.634994,66.903284,293.524084,69.049224,288.196235,145.739377,257.307145,143.593438
262.019284,66.797675,293.919466,69.574750,287.359821,144.925180,255.459639,142.148105
263.412210,66.556415,294.699961,70.751272,285.370021,140.339547,254.082269,136.144690
257.144472,65.834646,294.644211,70.036153,286.971894,138.513937,249.472155,134.312430
265.461400,65.089932,295.173671,68.880797,285.836911,142.061020,256.124640,138.270155
266.899914,65.394098,296.473531,69.160573,287.475838,139.808658,257.902221,136.042182
266.665147,67.453805,299.755753,72.675088,288.905274,141.441503,255.814668,136.220220
264.645551,67.102818,300.968978,73.210446,290.190811,137.310611,253.867385,131.202983
267.637619,67.310691,298.944655,69.932983,292.841045,142.802809,261.534009,140.180517
267.757279,65.131601,298.435429,69.747315,287.260543,144.020729,256.582394,139.405016
270.287194,64.329380,299.302263,66.670629,293.622565,137.059039,264.607495,134.717789
272.170505,64.873245,302.886786,69.319803,293.842940,131.793593,263.126660,127.347036
268.875672,65.986630,303.185419,67.733053,299.333017,143.416319,265.023269,141.669897
271.455714,66.754861,304.850084,68.984941,299.575769,147.965277,266.181398,145.735198
271.350078,66.665348,304.190657,68.279176,300.361235,146.205975,267.520655,144.592147
274.485571,65.472968,303.723582,67.329202,298.674624,146.856591,269.436614,145.000357
271.753815,64.039538,307.058355,67.759672,299.618087,138.368753,264.313546,134.648619
276.143434,65.433417,307.259609,67.962053,300.938017,145.752491,269.821842,143.223854
274.422888,66.810637,308.984877,68.764751,304.704437,144.471966,270.142448,142.517852
274.390671,67.222963,308.588158,68.695292,305.311037,144.812279,271.113550,143.339949
276.906442,66.358426,309.350318,69.254942,302.575416,145.140618,270.131540,142.244102
276.531172,65.021227,308.340456,66.984153,303.839265,139.926131,272.029981,137.963206
280.761528,63.523094,312.062657,69.747780,296.773957,146.627746,265.472828,140.403061
279.810666,65.088956,313.565593,70.292453,302.220265,143.889262,268.465337,138.685766
310.757522,139.171864,275.096581,139.810877,273.818554,68.488993,309.479496,67.849980
310.577535,148.934051,274.996926,149.374333,274.000878,68.880495,309.581487,68.440213
309.602100,147.131440,274.022731,147.662621,272.829752,67.754859,308.409120,67.223678
274.442334,65.357246,308.577109,65.566640,308.107777,142.075617,273.973003,141.866223
275.675204,64.714580,311.000921,66.257002,307.567787,144.885213,272.242069,143.342790
275.385687,65.628490,314.114545,67.255565,310.835363,145.309108,272.106506,143.682034
275.627705,65.760198,310.197411,66.819688,307.948319,140.204502,273.378613,139.145012
275.098081,65.620803,312.838243,66.359748,311.348983,142.420691,273.608821,141.681745
276.367252,64.360747,312.263607,66.380386,307.710861,147.299286,271.814507,145.279648
278.240417,63.354481,313.798504,66.977524,306.314842,140.425375,270.756755,136.802332
277.775892,63.826779,317.981710,66.685096,313.110494,135.204870,272.904676,132.346553
278.297877,65.643143,312.902469,66.974869,310.173521,137.885920,275.568929,136.554193
276.205692,66.771895,317.636959,67.063168,317.089839,144.886766,275.658571,144.595493
277.047913,67.713873,314.099506,69.116305,311.294643,143.219491,274.243050,141.817059
312.709399,146.769144,276.979769,147.716536,274.898613,69.228498,310.628243,68.281106
276.936651,66.893275,315.223715,68.776146,311.369713,147.144979,273.082650,145.262108
276.127421,68.240579,314.720658,68.439711,314.331584,143.844957,275.738348,143.645825
278.584338,68.642112,315.990235,68.804700,315.659898,144.803982,278.254001,144.641394
277.756989,69.282238,319.076123,70.144228,317.464578,147.393045,276.145443,146.531055
279.587435,66.753238,315.517168,68.049972,312.637978,147.826158,276.708245,146.529424
281.194324,63.582261,323.386292,68.902230,313.495647,147.343635,271.303679,142.023667
279.728140,63.409368,320.141068,66.889547,313.549820,143.429184,273.136892,139.949005
283.182326,64.830897,317.457013,65.823701,315.419150,136.177006,281.144464,135.184201
282.225058,66.135539,320.983202,66.750445,319.866912,137.111382,281.108769,136.496477
283.609540,65.409062,320.301176,65.928509,319.270797,138.710279,282.579161,138.190831
289.073364,61.869862,320.375223,64.085965,315.056574,139.210426,283.754716,136.994323
288.473977,59.366247,322.315196,62.566364,314.623686,143.904029,280.782468,140.703912
288.093591,56.058069,319.814118,58.608803,313.241072,140.350159,281.520546,137.799424
285.852308,57.073193,325.155818,61.008185,316.732474,145.142260,277.428965,141.207267
285.547549,57.414921,320.631431,60.667985,313.178957,141.041969,278.095075,137.788905
288.779578,55.955005,319.380181,57.177190,316.044635,140.691335,285.444032,139.469150
292.245790,53.402463,322.071376,57.564500,310.434660,140.954404,280.609074,136.792367
290.097373,50.250847,323.249007,55.778887,309.326536,139.271892,276.174901,133.743852
291.331672,51.283810,322.724047,54.008727,316.402239,126.839036,285.009865,124.114119
288.395305,53.008893,317.742600,53.321356,316.983761,124.593359,287.636466,124.280896
289.713145,54.353057,319.326381,54.836850,317.837058,145.999164,288.223822,145.515371
290.429611,53.741751,324.328065,57.667366,314.163526,145.440148,280.265073,141.514534
289.231958,54.559018,321.903212,54.760411,321.342472,145.727433,288.671217,145.526040
288.906628,54.508449,323.608799,55.162430,322.032239,138.819450,287.330068,138.165470
288.562246,54.556245,323.129022,55.783105,320.506079,129.684489,285.939302,128.457629
289.363800,55.403726,322.663092,57.073807,318.303897,143.990602,285.004605,142.320521
288.521441,56.040301,327.594391,59.034420,322.014441,131.852190,282.941492,128.858071
292.211438,55.528922,329.281761,61.189414,318.055120,134.712221,280.984797,129.051729
291.553507,52.822922,324.683033,57.575993,311.635386,148.519792,278.505859,143.766721
293.134988,51.850595,325.564625,56.567175,313.319657,140.759503,280.890019,136.042923
294.170449,52.031151,328.964131,58.958357,314.502069,131.597798,279.708387,124.670592
325.119203,129.344886,290.252544,130.218598,288.431077,57.530479,323.297736,56.656767
287.212342,56.767795,325.176395,57.166473,324.300610,140.562916,286.336557,140.164238
293.141610,54.523864,327.557171,58.489024,317.382422,146.800652,282.966861,142.835492
324.353437,146.748628,290.109511,146.992192,289.461630,55.903350,323.705556,55.659786
325.123867,144.191273,293.873878,144.217072,293.799167,53.722311,325.049156,53.696512
324.122071,145.337622,293.753747,145.636143,292.858181,54.531170,323.226505,54.232648
296.132730,54.416676,325.672119,55.445281,322.833167,136.973993,293.293778,135.945387
294.598964,54.867045,324.972081,55.205230,324.032678,139.575000,293.659561,139.236815
291.235129,55.506077,324.729896,57.069837,320.604803,145.426721,287.110037,143.862961
298.072429,53.403116,326.422363,56.496759,316.417391,148.181652,288.067457,145.088010
295.852769,52.610709,327.411426,56.276366,317.294212,143.378258,285.735556,139.712601
293.139066,53.308653,325.041000,55.206450,319.712571,144.777267,287.810636,142.879470
293.137039,53.622520,326.666262,55.528164,322.268623,132.903294,288.739400,130.997650
295.948164,50.732010,330.901276,55.646207,317.614744,150.149066,282.661632,145.234869
325.692219,152.899214,292.694248,153.265139,291.626966,57.021057,324.624937,56.655131
297.362450,55.085865,326.737970,56.591170,321.920995,150.592831,292.545475,149.087527
326.115923,148.418455,295.887622,148.876535,294.464650,54.975858,324.692950,54.517777
326.634666,148.251369,295.437479,149.177736,292.622051,54.362756,323.819238,53.436390
293.680488,55.312334,326.721525,55.933517,325.157065,139.147979,292.116028,138.526796
325.500641,154.170337,295.493966,154.903282,293.108304,57.234497,323.114979,56.501553
296.329147,56.567861,327.730491,58.742628,321.120905,154.178083,289.719561,152.003316
298.066956,54.680846,328.307756,58.464344,315.991262,156.907800,285.750462,153.124302
297.077566,52.012170,329.881059,57.768300,314.022334,148.145272,281.218841,142.389142
294.272525,51.948951,329.271056,56.447504,317.304903,149.543596,282.306372,145.045042
296.590753,52.823981,328.436448,55.882042,318.786565,156.372904,286.940869,153.314842
296.033988,51.764420,331.167229,56.236075,318.288861,157.419807,283.155621,152.948152
293.935434,54.284378,329.926895,58.517831,318.522490,155.474420,282.531029,151.240967
295.192005,53.617196,326.682081,54.296203,324.429767,158.751090,292.939691,158.072083
297.467730,52.693360,326.615807,53.734549,323.205911,149.194500,294.057834,148.153311
299.194633,52.937348,330.041716,57.425469,316.577354,149.966720,285.730270,145.478599
298.067613,52.393536,331.154816,57.111455,318.847200,143.425896,285.759997,138.707977
296.027857,54.684150,331.298411,59.696997,317.721950,155.221414,282.451396,150.208567
291.642126,50.046115,333.876036,59.108779,314.001773,151.727003,271.767863,142.664339
294.759225,49.811370,337.420088,61.325964,311.923488,155.789305,269.262624,144.274711
301.717357,52.000193,335.688076,59.168305,315.324122,155.676031,281.353403,148.507919
296.122682,53.707606,330.414769,56.093687,324.069962,147.279464,289.777875,144.893383
293.353009,52.474362,331.053299,57.441052,318.484533,152.845866,280.784243,147.879177
294.792974,54.871590,329.193597,57.347169,321.709286,161.349053,287.308663,158.873473
293.109418,56.978718,327.257719,57.582871,325.445262,160.027776,291.296960,159.423624
295.126082,55.098583,328.859015,57.491613,321.568622,160.259387,287.835688,157.866357
303.693676,52.452976,334.987742,58.201717,317.320880,154.373723,286.026814,148.624982
297.312832,52.530259,330.290150,55.542257,321.185701,155.223695,288.208383,152.211697
301.719617,52.329019,333.835184,57.845691,316.515400,158.673634,284.399833,153.156962
299.240485,54.768418,331.825248,59.467678,317.168032,161.101107,284.583268,156.401847
289.831703,52.323832,334.251416,60.270825,316.266117,160.799650,271.846403,152.852657
291.794853,50.451204,335.136513,59.055601,315.162019,159.670169,271.820359,151.065772
299.168745,51.218629,332.155819,56.188622,317.719174,152.008218,284.732100,147.038226
299.236538,50.704593,331.639119,55.089394,320.014295,140.993912,287.611714,136.609110
304.774514,52.201702,336.589834,59.210243,319.146354,138.395039,287.331034,131.386498
296.139884,57.164298,325.014813,57.228311,324.774001,165.853044,295.899072,165.789031
297.687793,57.764426,326.335008,58.820288,322.479882,163.415934,293.832667,162.360072
299.358722,55.732791,326.645396,57.088100,321.606425,158.538557,294.319751,157.183248
299.771935,54.355834,329.038975,56.326824,322.498870,153.440185,293.231830,151.469194
300.366949,54.320218,329.643506,55.771379,324.806302,153.359902,295.529745,151.908741
297.285925,55.291446,328.002639,56.333231,324.430805,161.647677,293.714092,160.605893
325.783407,165.697629,298.691957,166.050688,297.269914,56.932350,324.361364,56.579291
299.673950,56.784617,329.634784,57.972554,325.602049,159.681700,295.641215,158.493763
300.379869,55.227202,330.444956,56.760633,324.962940,164.243318,294.897853,162.709887
301.086890,52.529170,334.783039,56.503240,323.600191,151.322637,289.904042,147.348567
305.167374,52.828886,336.317545,58.807675,320.516460,141.133128,289.366288,135.154339
301.780564,56.099435,332.431927,59.062722,324.369031,142.462942,293.717668,139.499655
298.947543,57.427515,326.804959,58.165409,324.555282,143.096557,296.697865,142.358663
303.068714,55.862852,331.350868,58.624504,322.501030,149.255951,294.218876,146.494300
304.054055,56.060825,331.849225,59.076934,321.155747,157.623446,293.360576,154.607337
302.240352,53.561033,334.720854,57.043569,323.704669,159.788016,291.224166,156.305480
300.966566,54.141699,333.095175,56.618786,325.017718,161.385990,292.889108,158.908903
300.690183,54.467443,330.868346,55.982005,325.290328,167.125974,295.112164,165.611413
292.390099,55.368891,330.170077,58.363024,322.165353,159.366638,284.385376,156.372505
289.901241,54.811821,331.800231,58.883386,322.120663,158.492306,280.221672,154.420742
288.332334,54.897587,335.287764,60.394106,323.631353,159.972001,276.675923,154.475482
289.549379,56.480425,330.777669,60.315217,322.264431,151.842021,281.036141,148.007229
287.701921,68.503947,325.449266,68.951682,324.544467,145.232775,286.797123,144.785040
299.507113,66.628468,328.625342,67.955174,325.019424,147.097027,295.901195,145.770321
300.494115,65.722334,328.862670,67.701340,323.519353,144.296440,295.150797,142.317434
298.447568,67.831415,330.052790,70.287625,323.624837,152.999163,292.019615,150.542953
306.741866,55.308909,336.137053,60.153121,320.063079,157.691696,290.667892,152.847484
305.157846,54.550776,335.140647,58.562529,322.375978,153.962349,292.393178,149.950596
299.133652,55.471765,328.781622,56.898763,323.526092,166.090066,293.878122,164.663068
324.895877,171.298609,299.888830,171.494271,298.987601,56.310297,323.994648,56.114635
300.989778,55.118949,329.062478,56.957070,322.275568,160.610114,294.202869,158.771993
299.411391,55.361294,326.685352,55.991882,324.022868,171.148607,296.748907,170.518019
300.331014,53.748752,332.352954,56.477810,322.501718,172.069203,290.479778,169.340144
291.036739,56.537416,329.634832,59.008038,323.326861,157.556361,284.728767,155.085739
299.026080,64.092452,332.336208,68.326341,322.154713,148.429269,288.844585,144.195380
297.987906,72.623780,328.323934,74.837149,323.011848,147.643617,292.675820,145.430248
329.772592,143.848800,290.958232,147.133828,284.692346,73.099030,323.506706,69.814002
324.948863,155.975746,297.531089,156.449979,296.047591,70.681558,323.465365,70.207325
302.427268,60.480852,331.616614,63.383706,322.842079,151.615136,293.652734,148.712283
303.251211,54.618592,333.961212,58.363555,322.892768,149.128669,292.182767,145.383706
300.443341,53.544464,334.073569,58.139591,321.882415,147.362645,288.252187,142.767518
296.821875,55.791909,330.354896,58.699644,322.126627,153.590960,288.593605,150.683226
292.759514,58.549995,330.841086,62.135571,322.404439,151.739270,284.322866,148.153695
297.444062,56.158600,333.051617,61.352565,320.785019,145.447003,285.177464,140.253038
289.931231,64.469829,331.256386,69.894584,321.294563,145.782595,279.969409,140.357840
298.702520,70.422567,330.133314,73.469392,323.118531,145.833314,291.687737,142.786489
298.525779,71.393943,329.842022,73.769963,324.245175,147.537113,292.928932,145.161093
289.512717,77.657719,325.366300,78.302210,324.113123,148.017510,288.259540,147.373019
327.358213,144.546118,295.069127,147.477492,289.147753,82.253540,321.436838,79.322166
311.683849,74.635877,338.191563,95.610194,309.590222,131.757076,283.082508,110.782759
298.563594,55.738231,332.342541,59.469244,322.050091,152.652547,288.271143,148.921534
305.115656,54.733021,329.538315,57.539082,321.049979,131.417627,296.627320,128.611566
325.392568,172.598357,301.890303,173.217406,298.845253,57.611669,322.347518,56.992620
298.865665,58.648097,326.958815,59.603034,323.389172,164.617903,295.296022,163.662967
297.171949,58.457344,329.980632,61.216274,321.469037,162.434549,288.660355,159.675619
301.739618,56.588219,329.674227,58.575509,322.038848,165.903217,294.104239,163.915927
296.155040,60.180986,328.773920,62.453080,321.957637,160.309721,289.338757,158.037626
296.953960,57.757023,326.491710,58.757451,323.182602,156.459240,293.644852,155.458812
296.617290,76.182787,324.415285,76.901760,322.409727,154.443537,294.611732,153.724563
328.644537,153.835358,296.800495,156.828228,289.708694,81.371696,321.552735,78.378825
324.983480,151.901897,292.052665,152.787022,289.592020,61.239356,322.522835,60.354231
294.863157,59.898352,324.971249,60.907503,321.523319,163.776819,291.415227,162.767669
294.936769,57.291605,325.177680,58.033102,322.397066,171.436518,292.156155,170.695021
325.064221,176.026981,296.534903,176.359059,295.153762,57.703034,323.683080,57.370957
325.243784,178.570697,296.256045,178.897726,294.888470,57.676274,323.876209,57.349245
329.154271,180.782274,298.132533,182.212458,292.443579,58.814881,323.465316,57.384696
329.321152,177.201984,298.778784,178.508804,293.703459,59.890771,324.245827,58.583951
330.477081,179.540505,302.220944,181.152540,295.306166,59.948584,323.562303,58.336550
325.995944,183.939171,297.093797,184.426167,294.961545,57.881630,323.863692,57.394634
329.295063,167.830701,298.989836,169.507173,292.782356,57.295927,323.087583,55.619454
324.662373,159.451792,294.298191,159.878996,292.841316,56.329348,323.205498,55.902144
295.026083,57.297339,325.637234,58.218235,322.575257,160.000312,291.964106,159.079417
291.901330,57.947861,326.604241,59.543680,322.094316,157.617124,287.391405,156.021304
292.684525,57.709916,327.860463,59.993748,320.814599,168.515259,285.638661,166.231427
292.445338,54.183431,331.581313,58.013218,321.700464,158.984032,282.564489,155.154246
286.505821,55.765968,327.780509,56.100322,326.864379,169.192965,285.589692,168.858611
328.189588,162.822240,280.815338,164.252429,277.546334,55.968429,324.920584,54.538239
275.601291,54.811014,326.771527,56.140323,323.986308,163.354152,272.816071,162.024843
275.084967,56.354522,327.109588,59.232524,321.164863,166.693219,269.140241,163.815217
279.543361,52.736912,327.665622,58.020597,315.657248,167.389371,267.534987,162.105687
323.653042,184.170352,281.798876,184.176706,281.779297,55.197541,323.633463,55.191187
324.344339,174.121756,282.240176,174.139619,282.188870,53.202130,324.293033,53.184267
282.964213,54.259124,324.906211,56.086109,320.319312,161.387296,278.377314,159.560310
278.235857,54.000710,323.924291,57.771177,314.986889,166.069687,269.298455,162.299220
276.286495,54.593577,326.418534,57.918643,318.923046,170.928155,268.791007,167.603089
273.560874,58.951605,322.224329,60.481576,318.305457,185.128320,269.642003,183.598349
323.161627,184.481484,271.514084,185.429886,269.224838,60.763403,320.872381,59.815001
272.954034,58.823018,322.399801,62.027238,314.903135,177.711673,265.457368,174.507453
271.584250,60.317086,316.847502,61.845894,313.310260,166.572633,268.047008,165.043825
316.644019,167.957240,268.550415,168.075497,268.291078,62.607066,316.384683,62.488809
267.996628,65.223707,322.714447,65.542843,322.127801,166.127069,267.409982,165.807934
270.974231,63.581259,324.938140,64.304139,323.525237,169.779051,269.561328,169.056171
272.644947,59.762149,322.330849,60.160665,321.467400,167.813452,271.781498,167.414937
271.496621,58.870178,320.734964,59.219612,319.891502,178.070786,270.653159,177.721351
318.327612,160.115446,269.492041,160.304420,269.097516,58.349454,317.933088,58.160480
270.584686,54.857496,324.711953,60.660973,312.845142,171.339117,258.717875,165.535640
266.341826,59.714742,320.919298,62.836277,314.871324,168.580129,260.293852,165.458594
263.587648,61.212815,317.730626,62.900374,314.521498,165.860791,260.378521,164.173232
266.086669,57.542150,316.237164,59.006705,312.896949,173.385026,262.746454,171.920471
266.810460,51.718517,319.282931,56.559562,306.967992,190.042164,254.495521,185.201119
264.331606,52.211676,311.724521,56.034885,301.454332,183.345265,254.061417,179.522055
263.171001,51.529646,317.603704,59.150125,297.615562,201.924429,243.182859,194.303950
267.132818,52.809914,324.137515,61.505232,303.895955,194.204692,246.891258,185.509374
262.047913,60.330808,320.562380,62.027563,316.421149,204.842533,257.906682,203.145779
318.929046,194.874371,264.797350,196.820480,259.932078,61.491241,314.063774,59.545133
319.612512,196.828518,267.811294,197.621808,265.690459,59.132838,317.491677,58.339548
314.398677,188.697859,266.938073,188.875609,266.444321,57.040596,313.904926,56.862846
262.343121,59.311564,313.444798,61.095672,309.316861,179.330927,258.215183,177.546818
259.226844,61.610209,311.466584,63.626733,306.883576,182.353415,254.643836,180.336891
259.420897,62.432132,310.572335,64.789477,304.122994,204.732091,252.971556,202.374746
313.748194,197.223901,257.845499,199.776412,251.576174,62.471550,307.478868,59.919038
255.559650,54.103413,308.104487,56.371140,302.057215,196.490707,249.512378,194.222980
254.825219,50.152919,309.462806,55.835417,294.881302,196.037526,240.243715,190.355028
252.825604,50.160372,312.146322,56.072308,297.817393,199.849641,238.496675,193.937705
249.084420,51.221661,327.884746,63.559925,307.104512,196.276262,228.304186,183.937999
325.456531,198.309674,256.113691,201.087024,250.338567,56.897944,319.681407,54.120594
262.634565,56.053132,315.801623,57.527601,311.666697,206.626526,258.499639,205.152056
269.155982,53.587099,316.997616,56.447769,308.016445,206.648246,260.174811,203.787576
263.051643,51.297382,312.502813,51.737075,311.252129,192.398182,261.800959,191.958488
310.233249,192.226033,259.073034,193.188711,256.420759,52.237100,307.580973,51.274423
257.755564,53.250349,308.478622,54.321907,305.200915,209.474789,254.477857,208.403231
257.242359,56.219139,315.121997,60.553029,303.513361,215.587773,245.633723,211.253882
255.130530,57.435289,313.519574,60.680658,305.058436,212.909238,246.669391,209.663870
254.455626,53.801821,308.202811,55.923936,302.127737,209.788425,248.380552,207.666310
259.249169,49.170106,314.963786,56.524513,295.729184,202.239665,240.014567,194.885258
259.187677,47.839081,316.810192,56.917823,294.437576,198.916163,236.815061,189.837421
259.925944,50.962743,318.939146,59.733808,297.162708,206.249345,238.149506,197.478279
264.117505,55.481453,318.139375,56.737018,314.397790,217.722189,260.375921,216.466624
268.998246,56.297420,319.499369,58.566707,312.395515,216.657180,261.894391,214.387893
263.364245,52.281740,319.730787,55.262716,311.313913,214.415306,254.947371,211.434330
269.231696,50.802410,318.131628,52.432186,313.390461,194.686533,264.490529,193.056757
313.689370,197.555718,265.173941,197.693489,264.751642,48.983151,313.267072,48.845380
263.433332,53.310298,314.982955,53.814006,313.420430,213.723039,261.870807,213.219330
259.188853,54.935231,317.401149,55.802059,314.929082,221.814905,256.716785,220.948076
260.170552,57.895656,318.228552,59.933403,312.820685,214.010403,254.762685,211.972657
263.986492,55.604601,317.301344,58.137827,309.490564,222.525286,256.175713,219.992060
258.341169,51.716984,314.867410,54.139440,308.075032,212.634587,251.548791,210.212130
263.478865,47.881949,319.115346,54.160117,301.410910,211.054994,245.774429,204.776826
260.315631,47.698745,320.304342,52.185268,308.149943,214.700141,248.161232,210.213618
262.266930,51.109229,321.906349,54.186381,313.503358,217.047870,253.863940,213.970718
263.665512,55.465696,328.515928,57.893193,322.620579,215.387060,257.770163,212.959563
266.939385,55.026803,331.131475,59.044670,320.669859,226.186337,256.477769,222.168470
270.048777,50.758063,329.464087,54.027733,320.309012,220.390601,260.893702,217.120932
327.296935,201.292111,272.562888,202.376705,269.592043,52.453012,324.326090,51.368418
332.359699,216.987925,276.668833,219.823743,268.103504,51.614595,323.794371,48.778777
326.702916,229.442489,267.119698,229.559595,266.770633,51.955771,326.353851,51.838665
264.563787,58.310075,328.675764,59.602386,325.229602,230.567657,261.117625,229.275347
268.294548,56.326597,327.927173,56.476150,327.490241,230.696957,267.857616,230.547403
268.338918,53.682102,327.037344,54.424875,324.852717,227.067304,266.154291,226.324531
273.218692,49.710701,332.088932,53.378310,322.113035,213.505363,263.242795,209.837753
269.322844,49.694708,328.545641,53.562416,317.599298,221.174106,258.376500,217.306398
266.874014,51.510419,326.718770,52.571807,323.697899,222.899187,263.853143,221.837800
280.008423,50.780796,350.941405,68.742847,311.881071,222.993936,240.948088,205.031885
274.354849,54.111331,337.721574,55.135459,334.846138,233.049724,271.479414,232.025597
282.892243,51.950666,341.101725,54.122919,334.358690,234.814853,276.149208,232.642600
342.647644,217.984878,282.103575,218.567774,280.459809,47.833499,341.003878,47.250603
344.931018,217.708717,288.152611,221.598009,276.484737,51.262788,333.263144,47.373496
341.501603,231.113478,278.220898,231.376246,277.461790,48.565323,340.742494,48.302554
277.403842,52.664300,343.711629,53.649397,341.096645,229.666432,274.788858,228.681335
283.747798,47.817103,357.086034,60.937359,326.758885,230.456889,253.420649,217.336633
346.747639,228.310657,278.706650,228.978977,276.966495,51.815648,345.007484,51.147328
280.004618,46.639053,340.222692,47.794931,336.755058,228.449153,276.536984,227.293275
283.602101,44.591169,344.026006,48.448077,332.840972,223.677403,272.417067,219.820495
283.270462,45.077402,345.719877,48.118912,337.283991,221.327667,274.834576,218.286157
286.583344,44.350014,351.104245,47.416913,342.597940,226.371110,278.077039,223.304211
283.396570,49.201814,352.412924,50.190671,349.828017,230.601841,280.811664,229.612984
287.655775,49.071147,354.721241,50.374274,351.535819,214.312079,284.470354,213.008952
286.935368,46.099202,354.008854,46.888086,351.805934,234.187632,284.732448,233.398748
355.409412,222.247509,291.967280,225.802692,281.870562,45.627037,345.312694,42.071855
361.531197,226.697049,298.423815,232.515040,281.193612,45.620102,344.300993,39.802112
356.097458,227.307847,292.045742,230.829175,281.826986,44.953608,345.878702,41.432280
356.058685,217.330371,290.124004,219.606560,284.154376,46.683529,350.089057,44.407340
360.153854,228.810982,289.746718,231.356165,283.195228,50.122981,353.602364,47.577798
287.744680,46.066736,357.916330,46.244424,357.452368,229.470399,287.280718,229.292711
289.822936,42.985949,355.984221,46.884425,345.146459,230.812796,278.985175,226.914321
299.425953,39.916768,367.839941,54.207527,331.583755,227.776347,263.169767,213.485587
286.755394,43.585347,350.523442,43.737063,350.074753,232.327675,286.306704,232.175959
355.548147,235.478255,285.939901,235.874839,284.867657,47.674768,354.475903,47.278185
367.117824,229.076681,287.690822,229.190737,287.429056,46.899258,366.856057,46.785202
287.572538,47.693864,367.950192,48.334717,366.531909,226.219688,286.154255,225.578835
362.379380,229.591850,290.918839,234.556807,277.710180,44.444799,349.170722,39.479843
365.980593,226.755966,297.660231,233.538950,278.746141,43.030250,347.066503,36.247266
285.511988,31.353844,354.372668,34.378647,347.101506,199.909130,278.240825,196.884327
354.977918,229.178395,287.091894,231.384936,280.921754,41.555498,348.807778,39.348957
345.687540,229.225977,283.764742,230.310325,280.534772,45.859436,342.457570,44.775089
360.228533,226.758931,284.990900,229.469906,278.328334,44.563859,353.565967,41.852884
346.230545,234.617091,280.642007,234.640043,280.575025,43.228597,346.163563,43.205645
282.665161,38.525199,357.873494,41.029032,351.345644,237.107899,276.137311,234.604066
283.626761,36.418289,352.878474,41.805494,338.090070,231.908238,268.838356,226.521033
283.153251,37.899177,361.885772,41.618308,352.682499,236.447934,273.949979,232.728803
280.108748,42.475218,361.032591,43.961980,357.513922,235.481743,276.590079,233.994981
279.340057,43.595121,368.295424,46.413380,363.099258,210.424839,274.143890,207.606579
364.312710,235.024132,279.346972,235.287384,278.744615,40.874255,363.710353,40.611003
290.688493,36.994468,359.722343,37.016825,359.656641,239.891815,290.622791,239.869458
362.597128,234.657724,290.244429,236.745430,284.431601,35.292817,356.784300,33.205112
389.119587,223.495582,306.266800,239.325986,269.156181,45.097320,352.008968,29.266916
279.551730,37.092698,361.412302,37.903114,359.484073,232.674819,277.623501,231.864404
362.381822,235.149747,279.745204,236.951145,275.511919,42.755093,358.148537,40.953695
384.870223,228.630760,291.403487,237.034254,274.214521,45.852294,367.681257,37.448800
382.935996,232.733229,284.816703,238.373139,273.453944,40.691623,371.573236,35.051713
387.143033,230.757702,292.255254,240.539357,271.506289,39.262251,366.394067,29.480596
284.925008,31.288956,368.641281,35.617947,358.191994,237.691709,274.475721,233.362719
387.745072,222.705220,294.358727,232.938124,272.948342,37.545157,366.334687,27.312252
383.511137,219.188118,292.795523,227.038827,276.595647,39.847879,367.311260,31.997170
281.253589,38.418819,378.089015,38.733635,377.511069,216.506133,280.675643,216.191317
382.752932,237.590863,287.526890,243.191953,275.560925,39.754499,370.786967,34.153409
384.066507,235.423342,296.122486,241.648376,281.631424,36.926228,369.575446,30.701194
384.386327,231.992970,289.200671,238.242943,275.943151,36.333975,371.128807,30.084002
386.705929,228.220274,288.869147,237.556662,270.196371,41.883097,368.033153,32.546709
382.437422,232.739341,285.691282,236.908644,277.290447,41.972391,374.036588,37.803088
386.568489,224.089909,287.251995,233.124359,270.492436,48.885066,369.808930,39.850616
380.079895,237.378315,281.799479,237.783224,280.989661,41.222392,379.270077,40.817484
384.638967,233.461670,287.951745,238.826355,276.822026,38.236446,373.509249,32.871761
381.477441,236.361678,281.789230,239.127129,276.098011,33.971679,375.786223,31.206228
383.645569,215.811902,289.871275,221.477900,278.452108,32.486631,372.226402,26.820632
385.752350,223.207078,286.232690,229.627710,273.763636,36.357645,373.283297,29.937013
388.648793,225.402803,293.690449,234.473872,275.273430,41.679659,370.231773,32.608590
286.708655,37.772677,377.763229,37.916445,377.450591,235.924011,286.396017,235.780243
387.628829,238.860046,293.807259,243.680294,283.202712,37.272841,377.024282,32.452592
385.611907,238.820558,300.384560,241.623859,293.495091,32.166820,378.722438,29.363519
384.623579,239.522478,303.716828,241.753328,297.900684,30.817872,378.807434,28.587022
389.321848,236.473985,304.230491,242.043543,290.448194,31.478488,375.539552,25.908930
378.219900,238.384906,297.282406,238.414307,297.207853,33.179945,378.145348,33.150544
288.478447,38.957161,379.516701,40.687042,375.754897,238.659117,284.716643,236.929237
389.902735,236.352502,291.786334,242.042477,280.490058,47.252562,378.606460,41.562587
295.252987,30.474508,384.839440,32.501228,380.197596,237.683104,290.611143,235.656383
295.282675,21.833627,384.884395,23.004906,382.050657,239.783260,292.448937,238.611982
303.313038,25.364222,388.391753,31.123688,373.944280,244.541480,288.865565,238.782015
304.929767,9.980283,382.890968,13.636212,372.261694,240.301185,294.300493,236.645256
398.831386,236.622178,299.129813,238.854577,294.665016,39.451431,394.366589,37.219032
402.667586,235.750274,302.961272,237.759789,299.029613,42.682217,398.735928,40.672703
404.726493,236.463105,310.815026,238.984632,305.539214,42.492947,399.450681,39.971420
405.883644,239.428505,314.862385,241.895620,309.184103,32.402248,400.205361,29.935132
404.185885,239.401467,314.577132,239.735449,313.720631,9.932357,403.329383,9.598375
407.166243,238.252405,314.743794,242.039353,306.223160,34.088843,398.645609,30.301895
303.823476,34.069142,404.993307,34.712324,403.661002,244.278401,302.491171,243.635220
299.899868,39.269200,399.526643,43.729359,390.670966,241.539042,291.044191,237.078883
296.920479,39.064734,402.370623,42.552667,395.824776,240.452251,290.374633,236.964319
296.214880,36.965989,398.831129,37.404841,397.971966,238.301442,295.355717,237.862589
299.059799,31.162650,395.863435,33.663614,390.562884,238.829529,293.759248,236.328565
302.192198,5.001989,393.187905,8.278776,384.865905,239.378986,293.870198,236.102198
296.994852,29.262253,389.481766,30.818167,385.980960,238.913722,293.494047,237.357808
408.191274,235.507992,300.263816,245.601796,281.287463,42.698174,389.214922,32.604369
408.259691,232.625423,299.120791,245.049189,276.398377,45.439885,385.537277,33.016119
408.056162,235.957196,295.513793,242.534017,283.624925,39.092043,396.167294,32.515222
398.116952,236.472022,298.404847,238.170109,294.885624,31.520385,394.597728,29.822298
391.813321,236.850813,283.428135,238.545714,280.151326,29.001021,388.536512,27.306119
288.726237,27.442611,394.186355,30.614687,387.929109,238.645604,282.468991,235.473528
279.513719,31.180198,393.588684,36.069308,384.800663,241.115447,270.725698,236.226337
276.727648,36.953544,390.844563,40.739143,384.183825,241.527133,270.066910,237.741533
286.648703,33.231595,393.159661,42.946882,374.910676,243.014762,268.399718,233.299475
278.363202,31.057295,385.275503,34.012091,379.645418,237.723368,272.733117,234.768572
282.099899,27.609829,383.230258,30.507894,377.227123,239.992209,276.096764,237.094144
278.826189,28.361333,381.442297,28.832167,380.480733,238.400274,277.864626,237.929439
280.706920,29.988104,389.028616,34.066249,381.252952,240.599618,272.931255,236.521472
391.807312,236.439147,273.319660,239.013949,269.017856,41.052871,387.505508,38.478069
403.731896,233.779037,282.708588,243.414210,266.994079,46.030959,388.017387,36.395785
407.781955,235.200410,286.687607,243.897332,272.089201,40.631820,393.183549,31.934897
277.867512,30.061113,400.718936,30.245714,400.401857,241.261101,277.550433,241.076500
282.669815,22.720145,402.623005,24.083476,400.175580,239.421130,280.222390,238.057800
279.192433,21.996147,377.471246,22.688167,375.944732,239.479668,277.665919,238.787648
405.161047,237.592447,275.091770,239.109624,272.630572,28.108352,402.699849,26.591175
268.120110,31.356462,409.720643,34.726285,404.837839,239.902567,263.237306,236.532745
269.662905,31.897200,390.961364,37.012016,382.375780,240.620144,261.077321,235.505328
393.819611,237.864552,269.523601,238.328314,268.736285,27.314158,393.032295,26.850396
390.377400,238.555273,274.814480,242.343679,267.663862,24.218667,383.226783,20.430260
385.714887,236.173471,282.154634,246.385128,260.596690,27.757928,364.156943,17.546270
389.849118,236.281695,280.200702,242.829554,267.191142,24.975466,376.839557,18.427607
412.866250,234.067468,280.278816,244.130312,264.200141,32.278651,396.787575,22.215807
433.948066,220.827921,287.464347,254.537973,241.761295,55.939854,388.245014,22.229801
415.230041,228.589627,283.666997,247.873146,254.322511,47.668515,385.885554,28.384996
387.995761,232.383383,290.400007,243.971000,265.861524,37.297638,363.457278,25.710021
381.580041,224.694281,283.424117,229.655995,273.135857,26.126799,371.291781,21.165085
384.418931,220.374122,283.715044,230.093974,263.858775,24.370320,364.562662,14.650468
388.924641,233.884456,287.611584,250.192481,252.468939,31.869978,353.781996,15.561953
385.669289,227.657111,275.222284,241.321466,249.845624,36.205600,360.292629,22.541245
387.750086,234.923612,268.042162,242.710742,254.813422,39.351497,374.521347,31.564367
387.022504,236.575261,262.732241,237.857388,260.615241,32.633932,384.905503,31.351805
382.873949,233.672112,267.841450,245.362481,246.214266,32.552358,361.246766,20.861988
381.927263,232.269106,271.175727,243.193977,249.325985,21.690906,360.077521,10.766035
377.814704,228.802305,269.054603,244.193532,238.474665,28.104384,347.234766,12.713157
278.449291,21.327605,391.561102,36.907057,362.571489,247.380932,249.459679,231.801481
402.798388,233.076366,256.768790,253.289372,228.034615,45.698276,374.064213,25.485270
421.515295,216.341290,260.896132,253.072691,216.109599,57.230028,376.728761,20.498627
430.374008,209.832027,288.932581,260.706091,216.045701,58.064046,357.487128,7.189983
412.397646,220.767949,273.400254,254.728375,219.543821,34.298168,358.541213,0.337742
382.959677,227.590604,261.571803,246.498023,227.093569,25.143665,348.481442,6.236245
374.769065,228.900946,248.080290,240.153254,228.772351,22.766834,355.461126,11.514525
231.199264,18.372792,368.488783,20.413648,365.223413,240.076879,227.933894,238.036023
254.350980,27.709868,390.024936,56.763954,348.259687,251.795267,212.585731,222.741181
250.298379,43.775147,375.168815,67.941947,339.467861,252.409637,214.597424,228.242837
230.566990,46.653058,348.876194,53.644885,337.621059,244.093847,219.311855,237.102021
333.900289,235.579348,225.811245,243.763467,211.188952,50.644375,319.277996,42.460256
339.397278,227.331710,240.104580,253.240151,190.112235,61.647199,289.404933,35.738758
335.047516,226.570641,233.100919,253.751330,183.579938,68.013010,285.526535,40.832321
327.750203,225.555909,226.190297,254.147587,176.448611,77.461175,278.008517,48.869498
324.132646,227.869486,228.470617,256.050393,176.601412,79.976803,272.263441,51.795897
327.546409,231.283496,228.571294,252.251919,190.229035,71.268850,289.204150,50.300427
336.367000,225.509570,233.223223,247.719023,194.889099,69.690038,298.032876,47.480585
340.087398,229.433960,241.737641,245.947968,211.820960,67.778117,310.170717,51.264109
360.210138,227.952589,274.939030,255.496704,219.406541,83.579148,304.677648,56.035033
250.613301,74.066105,395.136970,75.546417,393.464218,238.858163,248.940549,237.377851
405.184620,223.004953,290.399736,252.507222,249.744170,94.328053,364.529053,64.825784
385.448645,231.120958,306.424563,254.404479,257.815108,89.424378,336.839190,66.140858
379.027479,231.761845,315.000231,256.443564,252.802299,95.094898,316.829547,70.413179
382.668273,226.921273,314.369468,259.393011,238.798876,100.443064,307.097682,67.971326
374.781264,232.100562,304.368094,255.953833,249.322083,93.461900,319.735254,69.608629
365.858329,232.031821,309.965434,253.327817,248.497446,92.000597,304.390341,70.704601
362.205005,229.667263,301.638176,252.087480,245.139229,99.459070,305.706058,77.038853
376.376739,215.293816,303.326779,252.939592,232.530245,115.562056,305.580205,77.916280
351.681531,228.760011,290.810914,249.420288,242.603600,107.388848,303.474218,86.728571
388.403585,179.254802,294.690421,253.873073,205.894679,142.354408,299.607843,67.736137
383.369503,219.285490,271.878338,250.278219,227.073632,89.100774,338.564797,58.108045
367.805214,232.085625,276.117097,243.708540,255.693975,82.599420,347.382092,70.976505
370.568482,222.698475,300.551180,244.814397,256.736617,106.100875,326.753919,83.984953
365.727232,226.536490,311.943690,244.005726,268.473732,110.172261,322.257274,92.703025
370.321474,233.205937,307.349793,253.788207,263.078496,118.339684,326.050177,97.757414
371.073476,233.992261,300.956588,252.180537,264.281866,110.797304,334.398754,92.609027
380.098928,230.222144,303.643423,248.089970,271.107980,108.872484,347.563484,91.004658
391.242462,234.223203,314.774733,255.625047,275.213747,114.275609,351.681476,92.873764
381.360392,232.377894,317.144754,243.285433,293.651594,104.974829,357.867232,94.067291
376.903273,233.591582,325.195791,241.861159,303.770071,107.891773,355.477553,99.622197
375.874070,223.900178,336.411664,233.809325,306.408968,114.325930,345.871374,104.416783
380.339595,224.843193,323.503183,236.084912,299.354305,113.991880,356.190717,102.750161
388.364795,236.308540,323.114235,248.360087,299.381957,119.866676,364.632517,107.815128
396.438719,235.327988,324.852352,253.383020,290.031934,115.323599,361.618300,97.268567
390.648798,235.965160,327.239321,246.890198,303.505619,109.138577,366.915095,98.213539
375.398090,234.259664,329.245990,238.638625,316.923799,108.768761,363.075899,104.389800
374.410581,233.108943,331.638427,237.375017,320.160657,122.297557,362.932810,118.031483
377.783525,235.486972,331.649576,242.235999,313.089749,115.367640,359.223698,108.618612
400.952065,220.951470,339.866235,252.835521,284.752376,147.244302,345.838205,115.360250
396.365425,232.046750,329.148008,255.934715,286.218912,135.138198,353.436328,111.250233
395.410916,231.779670,327.006938,257.554724,284.662205,145.176760,353.066184,119.401705
312.960429,121.859239,364.762318,123.335382,361.426236,240.407651,309.624347,238.931508
354.159235,237.786942,306.909454,237.931022,306.549254,119.806571,353.799034,119.662491
356.993659,232.118836,317.842711,241.244908,293.223542,135.628398,332.374490,126.502327
343.343225,217.371296,300.932338,221.638299,292.042748,133.282285,334.453634,129.015282
348.726573,234.710636,303.401601,244.669899,277.869673,128.473151,323.194646,118.513889
350.336284,221.013575,296.152548,237.025222,261.127071,118.498301,315.310806,102.486654
352.985848,226.319378,288.396982,239.005383,266.777171,128.931400,331.366037,116.245395
283.573907,125.794322,325.446418,126.597242,323.317746,237.608085,281.445235,236.805165
339.557788,223.893165,292.379631,237.120648,264.676790,138.313564,311.854947,125.086081
337.220508,234.108953,300.648283,242.292173,276.298213,133.467503,312.870438,125.284283
345.079832,231.357310,297.583920,245.047905,266.840128,138.390420,314.336039,124.699824
348.093462,229.328639,300.190261,244.855641,266.336307,140.410958,314.239508,124.883957
342.767680,222.158010,294.700833,237.695275,264.135722,143.137543,312.202569,127.600278
330.094008,222.992441,285.835190,229.744074,272.090795,139.645766,316.349612,132.894133
327.178182,229.329618,286.407672,235.374134,272.468278,141.352345,313.238788,135.307829
322.894830,233.626400,293.674214,238.228042,278.128124,139.509743,307.348741,134.908101
319.686583,236.858295,290.955666,238.806230,284.342937,141.272330,313.073854,139.324394
322.056824,237.383597,291.901869,240.312649,282.626536,144.821960,312.781491,141.892907
327.064796,231.284791,290.691828,237.981896,274.197107,148.396624,310.570074,141.699519
331.385809,228.088721,288.723785,235.686712,273.409085,149.696069,316.071109,142.098078
287.906941,147.302443,320.610055,147.329075,320.537109,236.907170,287.833994,236.880539
341.946262,229.914361,295.255835,238.061077,280.475364,153.351301,327.165792,145.204585
322.224177,238.594907,298.854777,239.106535,296.932295,151.294244,320.301696,150.782615
333.143732,234.788770,308.555420,239.055308,294.256754,156.651236,318.845066,152.384698
337.824394,235.039650,308.341568,241.150088,291.570367,160.229140,321.053193,154.118703
342.884028,235.067975,310.735488,242.088847,293.053291,161.122153,325.201831,154.101281
340.515351,229.020126,306.134620,233.890301,295.651362,159.884320,330.032094,155.014145
340.078428,230.985002,306.774543,234.556042,298.845625,160.610128,332.149509,157.039088
310.886485,160.888012,335.498341,163.184346,328.499988,238.191907,303.888133,235.895573
335.371506,235.677228,310.272057,237.873004,303.782320,163.690188,328.881769,161.494412
333.938639,236.428018,313.308742,238.344778,306.428065,164.288739,327.057962,162.371979
335.601553,236.098018,316.082687,238.786330,305.949817,165.215222,325.468683,162.526909
337.716654,234.851687,310.508688,238.570508,300.657074,166.493263,327.865041,162.774442
338.529699,230.558833,306.804032,234.739988,297.853746,166.827233,329.579413,162.646077
331.692154,232.607198,306.039203,235.123226,299.518070,168.634964,325.171021,166.118936
334.071176,234.415620,309.587639,236.822548,302.981390,169.623053,327.464926,167.216126
325.318519,236.411478,307.417048,236.825151,305.877263,170.191898,323.778734,169.778224
328.343317,234.352064,307.669448,236.001748,302.457945,170.691117,323.131814,169.041432
327.666561,230.338078,305.448399,233.153505,297.621514,171.387014,319.839676,168.571588
322.320542,230.121661,300.326928,230.651722,298.858218,169.711084,320.851831,169.181023
296.830154,170.055071,318.395243,170.081137,318.320769,231.695675,296.755680,231.669609
296.213641,171.222945,315.499031,171.425982,314.872262,230.959141,295.586873,230.756104
295.538099,175.439204,315.055155,175.938336,313.690183,229.311509,294.173127,228.812378
296.985430,178.323651,315.101051,178.906665,313.473468,229.479440,295.357847,228.896425
296.058705,177.574248,315.799973,178.555195,313.374360,227.369968,293.633092,226.389021
297.364665,176.782968,317.321117,177.735396,314.957056,227.270161,295.000603,226.317733
297.828144,172.561351,314.824575,172.909673,313.757837,224.961244,296.761406,224.612921
296.321104,171.386566,316.961530,172.048644,315.300908,223.818892,294.660482,223.156814
317.735119,222.453238,297.194102,222.616703,296.779804,170.555851,317.320820,170.392387
318.080758,221.013009,298.722237,221.497514,297.436434,170.122977,316.794955,169.638472
317.131166,219.838758,299.143268,220.231591,298.044939,169.938895,316.032838,169.546063
298.125635,170.395086,316.054055,170.608270,315.464665,220.175078,297.536245,219.961895
300.685675,170.477168,316.096072,171.625533,312.675941,217.521715,297.265544,216.373350
301.630762,171.010003,317.452290,172.433284,313.296309,218.632144,297.474782,217.208863
299.832910,172.392857,317.788396,172.835327,316.678340,217.881548,298.722854,217.439078
314.640101,214.545274,298.777098,215.388840,296.482597,172.241473,312.345600,171.397906
300.562331,171.058883,314.726361,172.039239,311.889585,213.024517,297.725555,212.044160
300.339120,171.460421,313.510760,171.839136,312.316985,213.358436,299.145345,212.979721
296.244338,171.234976,314.410628,171.351967,314.149225,211.942271,295.982935,211.825280
296.363456,168.423001,316.796174,169.876839,313.867427,211.038402,293.434709,209.584564
321.248382,207.628284,298.571608,210.113054,294.146676,169.729758,316.823449,167.244988
296.403903,167.139297,318.349538,168.443844,316.207744,204.473991,294.262109,203.169444
295.141890,166.346557,318.116664,168.356211,315.353389,199.946524,292.378616,197.936870
317.000753,198.151942,292.263361,198.481162,291.838840,166.582945,316.576233,166.253725
294.022171,166.156015,318.293178,169.928897,313.472274,200.941850,289.201267,197.168968
319.197377,198.342624,294.696639,199.759381,292.851126,167.843945,317.351864,166.427188
312.958032,198.776736,294.522993,199.077973,293.995828,166.816655,312.430867,166.515418
312.883587,199.726948,294.579375,201.338292,290.384766,153.689230,308.688978,152.077887
292.331492,153.384898,311.994350,153.771932,311.099333,199.242291,291.436475,198.855257
312.701103,199.131631,291.538754,201.657033,287.827179,170.554793,308.989527,168.029391
309.904490,199.088736,290.459759,200.555856,287.869376,166.223753,307.314107,164.756633
310.852327,198.977349,290.230806,200.081163,287.819396,155.031072,308.440917,153.927257
312.712496,199.507106,289.447897,201.296762,286.124250,158.091077,309.388849,156.301421
287.603247,153.527076,306.075705,154.435694,303.932738,198.002813,285.460279,197.094195
285.245741,156.272481,303.434031,156.529382,302.822139,199.850582,284.633849,199.593680
309.049430,197.649655,288.939023,203.660824,277.101644,164.058792,297.212051,158.047623
299.973952,198.786251,282.764760,200.181062,279.592249,161.038585,296.801442,159.643774
301.561973,197.994431,283.378993,200.852629,277.712741,164.805670,295.895721,161.947472
303.499585,194.537712,287.921389,201.498223,272.757419,167.560011,288.335615,160.599500
300.805910,198.580424,277.208932,201.272105,272.888076,163.392746,296.485054,160.701065
302.645060,197.542000,276.816104,202.224685,270.201812,165.741285,296.030768,161.058600
295.326848,193.611852,279.514982,199.855639,266.904979,167.921870,282.716846,161.678083
305.220830,186.726738,288.367721,205.473278,260.716574,180.614942,277.569683,161.868401
285.723871,197.740414,273.456914,200.473371,265.761481,165.932203,278.028438,163.199245
278.841814,196.455752,269.773583,197.582965,265.692293,164.749715,274.760524,163.622501
281.390560,198.736665,269.126387,201.529387,260.947704,165.612880,273.211876,162.820159
276.150350,198.248708,264.842720,199.275644,261.607869,163.656609,272.915499,162.629672
275.985013,198.782449,263.890282,200.283325,259.387651,163.999132,271.482383,162.498255
273.978611,196.455979,259.442069,198.610317,254.566463,165.711829,269.103004,163.557491
274.955455,190.142728,259.633886,195.235609,251.090987,169.534912,266.412557,164.442031
275.561580,188.138143,260.077068,195.892685,248.223696,172.223503,263.708208,164.468961
271.007503,194.553853,253.954134,197.461532,248.736244,166.858912,265.789612,163.951233
269.404652,197.055693,253.358961,200.079511,246.944801,166.043198,262.990491,163.019379
263.406043,197.567444,249.644114,198.619490,247.083474,165.123473,260.845404,164.071427
263.989202,190.226239,249.043368,194.333800,241.490755,166.852751,256.436589,162.745190
258.831398,193.176456,245.935687,194.215473,243.646001,165.797148,256.541711,164.758131
242.682994,164.865709,256.931536,165.708358,255.272990,193.753108,241.024448,192.910459
253.817132,193.143178,240.525758,193.231435,240.346201,166.190365,253.637575,166.102108
252.250953,197.240278,242.931636,198.516158,238.688593,167.524011,248.007910,166.248131
249.087342,191.841077,239.243693,193.020571,236.056551,166.421774,245.900200,165.242280
249.649187,196.632774,237.154384,198.385866,232.664009,166.381635,245.158812,164.628543
246.831469,191.404806,236.390704,193.562843,230.479558,164.964227,240.920323,162.806190
246.056231,191.202255,233.744026,193.449580,228.874821,166.773136,241.187027,164.525811
243.123249,191.799072,231.862618,193.408051,228.056764,166.772328,239.317395,165.163349
242.316490,189.198695,228.879894,192.979300,222.221515,169.314849,235.658110,165.534244
239.715449,197.248923,223.076261,198.002650,221.655776,166.644181,238.294964,165.890454
222.785170,165.065169,236.878044,165.747352,235.297112,198.407027,221.204238,197.724844
218.338177,164.635734,235.212555,164.780609,234.920793,198.763732,218.046415,198.618857
232.711193,197.577267,218.125250,198.128448,216.882756,165.248270,231.468700,164.697089
230.813796,195.708759,216.699347,197.067382,213.315140,161.909572,227.429590,160.550949
228.173173,197.733851,215.003857,199.372187,211.443628,170.754251,224.612944,169.115915
225.027185,198.269140,213.319031,200.205444,208.418997,170.576646,220.127150,168.640342
223.606653,198.694089,209.979788,200.530135,206.032290,171.232376,219.659154,169.396331
219.558676,196.916405,207.012306,198.122072,204.403682,170.976291,216.950051,169.770624
219.267547,196.179210,204.498697,197.532568,202.034373,170.640034,216.803223,169.286676
215.617159,196.043883,201.672674,197.027978,199.817413,170.739195,213.761898,169.755100
212.060579,196.818883,200.416983,197.047137,199.899022,170.625130,211.542618,170.396876
209.969730,196.093575,198.647609,196.462366,197.799389,170.421489,209.121509,170.052698
209.057684,195.894686,197.334635,196.609004,195.789112,171.244588,207.512161,170.530271
207.311499,196.753245,194.127789,197.468994,192.718315,171.507226,205.902025,170.791477
205.982226,197.044061,192.031170,197.494727,191.156743,170.425514,205.107799,169.974847
190.825645,169.088734,205.685496,170.359195,203.402348,197.063856,188.542496,195.793394
189.525509,169.316802,204.197936,170.578359,201.694231,199.697483,187.021804,198.435926
188.741048,168.496419,203.499518,170.179819,200.159870,199.458719,185.401401,197.775319
186.696816,170.030398,201.754252,171.076779,199.927237,197.367540,184.869801,196.321159
184.746127,169.684339,198.852378,170.631599,197.082088,196.994102,182.975837,196.046841
181.985444,170.639987,196.977037,171.279051,195.803830,198.800931,180.812237,198.161867
193.948461,197.397062,180.846363,198.172079,179.240970,171.032019,192.343068,170.257002
176.032829,170.155264,191.933075,170.314367,191.664169,197.188022,175.763923,197.028919
190.719682,196.904860,176.679421,197.695413,175.177370,171.018917,189.217631,170.228364
188.614469,197.023487,175.997614,197.115011,175.801722,170.110513,188.418577,170.018990
188.597127,195.822457,176.381439,196.498396,174.947981,170.592713,187.163669,169.916773
188.715281,195.203594,174.772743,197.514878,170.667628,172.751266,184.610165,170.439983
188.575117,195.829841,173.498464,198.273699,169.460786,173.364447,184.537439,170.920589
187.474759,195.163828,171.684857,197.994743,167.195835,172.956471,182.985736,170.125556
185.795773,196.060978,173.536550,198.064581,169.491539,173.314829,181.750762,171.311226
182.999924,196.209935,171.157637,197.017523,169.283424,169.534480,181.125711,168.726892
181.505403,197.134510,169.402768,197.327031,168.966158,169.879982,181.068794,169.687462
167.239403,169.675528,180.692524,169.685717,180.671662,197.232584,167.218541,197.222396
181.105713,196.378995,169.153736,196.544643,168.788697,170.206026,180.740675,170.040378
169.175642,170.318229,181.402827,170.737584,180.477353,197.721718,168.250168,197.302363
167.644945,170.001393,180.341046,170.558841,179.134764,198.032372,166.438662,197.474923
169.164519,170.669354,182.231603,173.869021,175.476752,201.455089,162.409667,198.255422
166.021109,171.083950,180.173237,173.355887,176.090851,198.785494,161.938722,196.513557
183.734838,194.614221,170.882111,198.286971,163.972360,174.106416,176.825088,170.433666
167.403814,172.679890,180.837160,174.909913,176.908072,198.578190,163.474725,196.348167
181.192190,194.376899,165.289661,196.092392,162.809152,173.098194,178.711681,171.382701
167.334643,171.717756,181.826683,176.922819,173.270415,200.745349,158.778376,195.540286
166.436869,170.896392,181.638317,175.683864,173.725691,200.808479,158.524243,196.021008
166.491716,169.257893,181.155907,172.962907,174.363383,199.847257,159.699192,196.142244
166.725371,170.984971,180.532606,174.966326,173.276264,200.131125,159.469030,196.149769
163.890986,171.283290,179.111664,172.551694,176.924126,198.801849,161.703448,197.533445
166.730550,169.313715,180.900166,172.838996,174.241302,199.603826,160.071686,196.078546
165.920976,169.615557,180.198475,172.145978,175.533011,198.470116,161.255512,195.939695
181.546104,190.318430,167.454013,192.586464,163.997962,171.112800,178.090053,168.844767
166.938941,169.870729,180.970605,171.821845,177.037887,200.104417,163.006223,198.153301
166.755780,172.204449,180.472948,174.898219,175.262049,201.433069,161.544881,198.739299
167.851671,168.074980,181.226583,169.927562,177.126605,199.527776,163.751694,197.675194
167.370550,171.620817,181.316587,173.942818,176.900977,200.463151,162.954940,198.141149
168.647727,171.488674,183.208237,175.114664,176.605688,201.627833,162.045178,198.001843
187.933540,185.915659,177.469526,192.163825,166.535236,173.851801,176.999250,167.603635
186.354313,194.323399,172.464414,198.851592,164.231335,173.597230,178.121235,169.069036
167.922673,170.001222,184.004709,171.574972,181.159023,200.654818,165.076988,199.081068
168.377861,168.592191,182.923689,169.866754,180.273408,200.112841,165.727579,198.838278
168.691997,169.828842,183.640878,172.450825,178.692942,200.660811,163.744061,198.038828
169.513786,170.742078,184.705863,172.818588,180.909743,200.591605,165.717665,198.515094
168.538797,169.997647,183.671806,171.945175,180.054969,200.049336,164.921959,198.101808
168.446265,170.170946,183.657252,172.104076,179.972224,201.100019,164.761237,199.166890
168.285616,170.758966,182.923030,174.107862,176.657353,201.493992,162.019939,198.145096
168.542789,170.634223,184.820043,174.894406,177.799741,201.717486,161.522487,197.457303
168.798953,169.384231,183.842882,173.116552,176.903099,201.088856,161.859170,197.356536
168.913819,170.220457,183.275959,172.430923,178.891867,200.915834,164.529727,198.705368
167.996808,168.917371,182.381683,170.346866,179.405522,200.295705,165.020647,198.866211
169.209564,170.132767,182.518990,172.393118,177.621562,201.230207,164.312136,198.969856
168.842911,170.859141,182.692339,174.078800,176.253020,201.777656,162.403593,198.557997
168.092862,170.889056,182.462303,173.220130,177.907742,201.295807,163.538301,198.964732
167.246635,170.067260,181.275438,171.040181,179.280951,199.799228,165.252147,198.826308
168.618164,171.210568,181.884954,173.210375,177.706786,200.928489,164.439996,198.928683
168.679537,170.517696,182.098937,172.170768,178.764775,199.237015,165.345375,197.583943
168.447341,171.100548,181.732909,172.575468,178.708075,199.822141,165.422507,198.347222
168.644808,169.676923,181.877238,170.930395,179.283849,198.307837,166.051418,197.054365
167.387870,169.171303,182.153117,169.858930,181.225863,189.769642,166.460615,189.082015
169.284652,170.377455,182.494540,172.924107,177.562929,198.505159,164.353042,195.958508
169.321812,172.526488,182.707518,176.793892,175.091845,200.682229,161.706138,196.414826
171.629375,171.963692,183.789706,176.633178,174.756931,200.156442,162.596599,195.486956
172.176357,170.350146,185.111801,175.103791,175.906331,200.153381,162.970887,195.399736
172.080954,171.005047,185.609805,175.346350,177.837473,199.567359,164.308622,195.226056
171.582945,172.802366,184.263953,175.203057,179.828777,198.630683,167.147769,196.229991
174.664102,171.938244,186.426645,176.452261,177.551629,199.578615,165.789086,195.064599
172.659684,172.960916,184.496667,174.466044,181.590213,197.323667,169.753230,195.818539
183.465327,196.536268,172.332694,196.599487,172.209583,174.920149,183.342216,174.856930
176.269794,173.346673,187.400514,176.088911,181.916038,198.350350,170.785318,195.608112
177.635782,172.894145,189.939650,175.351564,185.285448,198.654344,172.981580,196.196926
177.932099,172.768378,189.077079,174.140827,186.283165,196.828821,175.138185,195.456372
178.977228,173.039718,189.811811,173.211032,189.439128,196.781002,178.604544,196.609688
183.432635,169.768105,197.424040,173.963144,190.733219,196.278549,176.741814,192.083510
196.927160,195.848528,180.183904,197.189570,178.359463,174.410955,195.102719,173.069912
180.308519,171.777746,197.701723,173.400604,195.512752,196.861205,178.119548,195.238347
181.722719,170.543427,200.013472,173.798437,195.673458,198.186108,177.382706,194.931098
187.028408,169.192644,200.818402,173.101674,193.550049,198.742444,179.760055,194.833414
188.301021,169.408571,201.907595,170.631913,199.460911,197.845063,185.854336,196.621720
189.685727,169.806670,202.787460,170.587839,201.120965,198.538202,188.019233,197.757033
192.125778,170.014434,204.279840,171.544557,200.755093,199.542307,188.601031,198.012184
195.278626,170.543754,207.262134,172.676845,202.284920,200.638364,190.301413,198.505272
197.917665,170.571494,208.940063,172.822989,203.227938,200.787222,192.205539,198.535728
200.275635,169.099121,212.480078,171.801264,205.994934,201.091926,193.790492,198.389783
201.357460,168.348839,213.508579,170.383637,208.974907,197.457183,196.823788,195.422386
202.158167,168.691265,214.657424,169.656330,212.544265,197.025394,200.045007,196.060329
205.680585,168.793293,217.843953,170.753539,213.441997,198.067770,201.278629,196.107524
206.966764,167.746890,220.382705,169.274253,217.127670,197.865604,203.711728,196.338241
207.956365,167.447710,222.519853,169.633217,218.182462,198.536141,203.618973,196.350633
208.796041,167.098449,225.082509,168.556034,222.294087,199.712755,206.007619,198.255171
209.604884,167.468979,224.829711,168.344852,223.178474,197.047394,207.953647,196.171521
227.021449,196.189670,212.271895,197.029385,210.647528,168.497462,225.397081,167.657746
228.127481,198.734590,212.707650,198.985674,212.229394,169.614568,227.649225,169.363483
216.709912,165.045181,232.679879,167.491519,227.824269,199.189484,211.854302,196.743146
221.659043,165.538712,233.514586,165.840172,232.649528,199.860425,220.793985,199.558966
225.519159,164.940596,238.318152,167.064125,232.949229,199.423843,220.150236,197.300314
230.449607,163.578513,243.088743,167.624161,234.852958,193.353830,222.213823,189.308181
234.672757,163.633637,245.955897,167.741958,236.188944,194.566027,224.905803,190.457706
236.181589,164.847351,247.931248,169.634641,236.475945,197.749898,224.726285,192.962607
238.020345,165.682270,248.182153,168.486622,240.561630,196.100231,230.399822,193.295879
237.669191,165.896428,249.573546,167.639217,245.549287,195.127454,233.644932,193.384665
237.478954,165.458295,251.037968,167.579657,246.795244,194.697685,233.236230,192.576323
244.870835,165.074871,256.733794,168.066547,248.811391,199.481421,236.948432,196.489744
244.678438,165.381832,258.883228,168.444702,252.263479,199.145377,238.058689,196.082508
247.846606,166.228860,262.438694,169.398135,256.307965,197.625452,241.715877,194.456177
250.077923,167.269622,261.393056,168.435117,258.382193,197.665879,247.067060,196.500383
253.218974,167.431986,265.399359,168.580088,262.677931,197.452113,250.497545,196.304010
257.638410,166.692347,269.838903,169.264835,264.648796,193.879865,252.448303,191.307377
259.572021,165.654392,272.874596,167.553838,268.790788,196.154375,255.488213,194.254929
264.118933,164.338572,276.852961,168.111652,268.363531,196.763215,255.629503,192.990135
266.941560,164.829572,277.556566,166.655090,273.089873,192.627975,262.474868,190.802457
270.971628,163.154154,281.397216,167.125177,270.729959,195.131169,260.304370,191.160146
271.282878,163.256766,283.733197,166.505469,277.289048,191.202004,264.838729,187.953300
274.880630,163.505880,287.038038,166.565329,280.391648,192.976249,268.234241,189.916800
278.541030,163.170951,290.716545,166.963807,282.295119,193.997576,270.119604,190.204720
281.674460,162.514013,295.264739,168.326901,283.815112,195.095633,270.224833,189.282745
285.767974,162.250524,297.663842,166.571286,288.622247,191.464492,276.726379,187.143730
288.254714,162.971088,302.098648,167.472224,294.135101,191.965338,280.291166,187.464203
290.587572,163.740096,302.493211,166.909617,295.764930,192.182990,283.859291,189.013470
294.341120,164.743353,306.612523,168.213453,300.495736,189.844400,288.224333,186.374300
296.460359,170.392431,310.004632,171.722008,307.782056,194.363180,294.237784,193.033603
301.417732,160.998528,312.882668,162.233417,308.720634,200.874500,297.255697,199.639611
303.850621,161.161840,316.465210,163.119725,310.763300,199.856950,298.148711,197.899066
306.754663,164.260487,319.421281,167.698862,311.377938,197.329700,298.711321,193.891324
323.032974,200.173977,311.618010,201.569903,307.575643,168.514071,318.990607,167.118145
311.257697,164.917533,326.215211,168.291536,318.676422,201.712231,303.718909,198.338228
314.165034,165.492780,328.146965,167.639917,322.855807,202.095391,308.873875,199.948254
323.922819,165.790557,337.177545,172.796121,325.501604,194.887331,312.246879,187.881767
325.518973,165.800953,340.016871,171.283740,327.724816,203.787092,313.226918,198.304305
332.955036,165.908324,344.342136,180.709343,319.743260,199.634381,308.356161,184.833362
326.440654,166.699190,344.383226,166.769244,344.252817,200.170031,326.310245,200.099977
353.752987,190.695274,341.542048,198.427401,326.077794,174.005524,338.288732,166.273396
354.318522,199.825514,340.333940,203.061803,332.554400,169.445019,346.538982,166.208730
354.411083,200.742092,339.481250,202.108029,336.485775,169.367168,351.415607,168.001231
355.907574,200.190487,341.819353,201.993477,337.712544,169.903638,351.800765,168.100649
357.948278,199.958652,341.676117,200.640938,340.346238,168.924014,356.618398,168.241728
345.234820,167.478130,366.971152,170.665264,362.442067,201.553737,340.705735,198.366603
347.130240,169.316374,369.440309,173.768716,363.789259,202.085341,341.479191,197.632999
350.248529,169.378125,366.658129,170.862078,364.471252,195.044647,348.061651,193.560694
375.468000,182.505220,362.295482,198.117731,344.573173,183.165143,357.745691,167.552632
377.222305,175.015757,370.441287,196.043158,349.413886,189.262139,356.194905,168.234739
381.909095,183.879130,367.363863,197.878107,350.049338,179.887952,364.594570,165.888974
382.459708,185.544184,365.012422,198.487236,351.316868,180.025573,368.764153,167.082521
365.772483,168.758618,381.518453,180.903339,366.739937,200.064097,350.993968,187.919376
366.688174,167.939045,382.131375,176.019982,371.825252,195.715659,356.382051,187.634722
368.297628,166.885278,384.007196,178.437744,368.455798,199.585239,352.746231,188.032772
383.084337,199.439471,368.542654,203.523009,360.164360,173.687485,374.706044,169.603948
386.141699,197.607363,370.564524,203.110956,360.730234,175.276331,376.307410,169.772738
387.564200,197.230734,370.115545,203.122936,360.584042,174.897170,378.032697,169.004968
385.419087,200.391102,369.653420,202.112590,366.269804,171.124900,382.035471,169.403412
368.958166,169.213436,383.292525,169.732384,382.187358,200.259260,367.852999,199.740312
370.624201,168.649263,384.208054,169.892481,381.583482,198.569504,367.999629,197.326286
383.177320,198.623252,369.281580,198.674074,369.167670,167.528448,383.063410,167.477627
384.209004,198.289822,370.834281,198.886373,369.494855,168.856334,382.869578,168.259783
384.216880,197.756031,370.321862,197.906542,369.997484,167.960382,383.892502,167.809871
371.085299,166.457317,387.352700,170.107396,381.822276,194.754974,365.554875,191.104894
372.768878,166.620761,386.805216,168.756659,382.754376,195.377300,368.718038,193.241402
368.087435,166.996421,384.906616,167.350940,384.301849,196.042484,367.482669,195.687965
367.129081,165.991115,384.293353,166.654396,383.181380,195.429794,366.017108,194.766512
366.260243,165.119172,384.284240,166.297918,382.256103,197.309795,364.232106,196.131049
