140.830000,27.486000,171.030000,27.499000,170.980000,151.030000,140.780000,151.020000
140.417391,29.626644,172.308243,30.432870,169.231420,152.138776,137.340568,151.332549
139.964552,27.636777,171.342604,28.316628,168.667538,151.782444,137.289485,151.102593
140.201465,27.707660,171.715848,28.463164,168.777777,151.019097,137.263395,150.263593
138.933592,25.797874,171.510879,26.425527,169.095782,151.777263,136.518494,151.149611
139.161685,27.385933,171.496448,28.148354,168.579359,151.863968,136.244596,151.101547
138.429346,26.852629,170.886386,27.502303,168.386553,152.391349,135.929513,151.741675
138.022595,29.542225,170.597163,30.297948,167.754988,152.806650,135.180420,152.050927
136.810006,28.857695,169.266024,29.556580,166.607222,153.030561,134.151204,152.331676
136.100804,28.998396,168.198522,29.641839,165.708678,153.846052,133.610960,153.202609
136.073767,29.452131,167.472469,30.140660,164.764256,153.642220,133.365554,152.953691
135.005930,31.585241,167.226773,32.033356,165.512246,155.313101,133.291403,154.864986
135.720851,30.528005,166.650179,31.239041,163.789875,155.659293,132.860547,154.948257
135.049641,30.366696,167.263814,31.160772,164.208346,155.115307,131.994173,154.321230
134.186919,31.162723,166.642350,31.888370,163.865963,156.065670,131.410532,155.340023
134.019650,32.807758,166.231753,33.681795,162.887613,156.928100,130.675511,156.054064
132.677406,32.114442,164.416077,32.737782,161.976920,156.932582,130.238249,156.309242
132.966384,32.223745,164.818422,33.117811,161.358776,156.371348,129.506738,155.477283
132.568176,32.694892,164.318592,33.380248,161.638086,157.559655,129.887669,156.874298
133.295325,32.063098,164.457401,32.844616,161.366064,156.107941,130.203987,155.326423
133.649007,31.810535,165.518061,32.426197,163.137503,155.653205,131.268449,155.037543
133.399142,30.372318,164.564348,31.017090,162.013915,154.292794,130.848709,153.648021
134.162519,29.732663,166.258489,30.458057,163.467302,153.957769,131.371332,153.232376
134.418223,30.124225,166.396148,30.766496,163.924801,153.811992,131.946876,153.169721
134.523399,30.033729,166.274718,30.675920,163.777306,154.153271,132.025988,153.511079
135.647939,31.483417,168.197083,32.211758,165.438684,155.482983,132.889540,154.754642
136.252148,30.158709,168.120940,30.787785,165.674532,154.721975,133.805740,154.092899
135.735229,30.442100,168.072571,31.085924,165.609244,154.811404,133.271902,154.167580
136.727070,30.603991,169.179737,31.444217,165.983223,154.905448,133.530557,154.065222
137.189423,31.221911,170.225813,32.054313,167.126441,155.062148,134.090051,154.229745
137.232264,32.439754,169.686848,33.202319,166.818939,155.259777,134.364355,154.497211
138.692445,31.940592,170.902592,32.883952,167.293213,156.122775,135.083066,155.179415
137.642608,31.757286,170.632105,32.589777,167.475579,157.674955,134.486082,156.842465
138.917609,32.596658,170.665436,33.392990,167.568590,156.856761,135.820763,156.060429
137.234572,33.483679,169.332746,34.103959,166.946015,157.612150,134.847842,156.991870
136.815133,33.974414,169.484504,34.795500,166.374862,158.522053,133.705491,157.700968
137.214680,33.563538,169.430837,34.272577,166.702581,158.234745,134.486424,157.525707
136.417246,33.889804,168.842750,34.670321,165.870142,158.163195,133.444638,157.382678
135.997855,34.277160,168.908003,35.248501,165.270642,158.486501,132.360495,157.515161
135.934883,34.172780,167.330617,34.985449,164.134118,158.475336,132.738385,157.662667
134.961288,35.026898,166.475543,35.787724,163.499867,159.043476,131.985612,158.282650
134.498513,33.732197,166.129163,34.526667,163.021903,158.237650,131.391254,157.443181
133.515727,34.194193,165.610483,34.971437,162.585988,159.861904,130.491231,159.084659
134.249388,34.977923,165.649805,35.583166,163.296080,157.695901,131.895662,157.090657
133.955734,35.071158,165.454242,35.720882,162.911843,158.975913,131.413335,158.326189
133.550327,35.047381,165.168692,35.695174,162.633850,159.419210,131.015485,158.771417
134.716950,34.782990,165.762957,35.517209,162.809766,160.391148,131.763760,159.656929
134.766527,35.235948,165.688339,36.221056,161.726014,160.595456,130.804202,159.610348
134.606531,36.183758,166.005645,36.853235,163.357492,161.054173,131.958379,160.384696
135.250086,34.781492,167.575015,35.884734,163.329933,160.265438,131.005004,159.162197
134.862119,36.025857,166.943391,37.238097,162.252550,161.378670,130.171278,160.166430
135.503603,37.990088,167.010644,39.006702,163.034552,162.234239,131.527511,161.217624
134.806996,37.045528,166.774512,38.083868,162.779160,161.089311,130.811643,160.050971
135.192649,36.000070,167.154494,37.200361,162.483795,161.573628,130.521950,160.373337
134.732728,36.158771,166.001928,37.273470,161.543135,162.350270,130.273935,161.235572
134.331864,35.437850,165.713047,36.692396,160.750621,160.822409,129.369438,159.567863
134.200277,36.162069,165.563875,37.332148,160.908997,162.104724,129.545399,160.934645
135.030366,34.710343,165.940797,36.004218,160.677080,161.753474,129.766648,160.459600
134.561527,35.210365,165.131186,36.424233,160.220539,160.092400,129.650880,158.878532
135.598201,35.065954,166.513248,36.244411,161.747045,161.278602,130.831997,160.100145
135.800715,36.019732,166.590176,37.398416,161.014167,161.924679,130.224706,160.545995
135.978715,35.392650,167.330022,36.855504,161.542207,160.897631,130.190900,159.434777
138.098750,35.425313,169.226306,37.086967,162.690469,159.522018,131.562914,157.860364
138.129427,35.062454,169.572950,37.033003,161.862109,160.072872,130.418587,158.102324
138.711655,35.379416,170.147228,37.472953,161.955130,160.481717,130.519557,158.388181
139.209743,36.417870,171.069667,38.752009,162.130413,160.768741,130.270488,158.434602
140.454806,35.926227,170.842628,38.284167,161.410867,159.835455,131.023045,157.477514
141.460814,35.537112,173.199634,38.365355,162.378530,159.800841,130.639709,156.972598
142.477684,38.385958,173.964849,41.498452,162.275704,159.750248,130.788540,156.637753
142.726447,39.363904,174.318876,42.470381,162.703352,160.598596,131.110923,157.492118
143.364388,37.456800,177.114831,41.064438,164.377661,160.224165,130.627218,156.616528
145.147126,37.462707,177.405205,42.055088,160.333527,161.970990,128.075448,157.378608
145.508861,38.064190,178.006759,42.671843,161.078641,162.066295,128.580743,157.458642
144.997350,37.586734,177.343564,42.405112,159.431767,162.648650,127.085552,157.830271
144.066363,38.811666,176.797586,44.184520,157.363860,162.574050,124.632636,157.201196
143.836090,38.620047,175.034877,43.889285,154.894678,163.137980,123.695891,157.868742
141.427068,38.073102,173.001432,44.339070,149.537384,162.574986,117.963020,156.309018
137.789127,37.808652,170.300781,44.776780,145.186487,161.954202,112.674832,154.986074
136.576311,36.867674,168.817342,44.121080,142.581618,160.737573,110.340587,153.484167
131.518246,35.866586,164.827067,44.158985,136.226751,159.040426,102.917931,150.748027
127.825547,35.014754,160.698164,43.697558,130.489240,158.066869,97.616624,149.384065
125.016674,33.326476,159.227726,42.488582,128.809533,156.069275,94.598481,146.907169
122.449550,33.394745,154.777573,42.775187,122.149947,155.220485,89.821924,145.840042
116.490054,33.737173,150.278916,42.964111,120.199098,153.115802,86.410236,143.888864
111.707595,33.456733,149.701821,42.696374,123.998820,148.389403,86.004594,139.149763
108.718406,35.694807,146.611403,44.743150,122.592164,145.331833,84.699167,136.283490
101.762163,39.214996,142.780395,47.217997,123.790224,144.549396,82.771992,136.546395
100.414644,41.437132,144.590694,48.869269,128.142522,146.635936,83.966472,139.203799
94.074805,47.004305,143.993266,51.433601,135.851179,143.195479,85.932718,138.766183
88.373463,50.536569,147.122639,52.478130,144.261390,139.055864,85.512214,137.114302
94.997564,52.240256,150.199616,54.541544,147.018423,130.850263,91.816371,128.548975
110.064690,44.579709,169.327454,60.652435,146.649498,144.269760,87.386734,128.197034
112.821736,45.873159,172.607525,61.510075,152.949687,136.669353,93.163898,121.032437
117.160558,42.283501,174.816333,59.003624,152.686759,135.312739,95.030983,118.592616
119.510132,41.158153,178.425986,59.255822,152.722051,142.933413,93.806196,124.835744
138.039405,32.055979,184.716803,49.964070,149.209381,142.514083,102.531983,124.605993
144.224733,35.418781,184.753491,52.971962,146.335207,141.676415,105.806448,124.123233
147.833774,32.414757,185.427878,46.639610,149.430293,141.775712,111.836188,127.550859
148.816391,20.029735,183.993542,33.022734,143.661107,142.218475,108.483956,129.225475
137.785226,34.557356,187.963078,46.925592,163.422927,146.484822,113.245075,134.116586
151.214410,34.541101,183.355931,52.658085,132.298976,143.238736,100.157454,125.121752
145.174037,25.727012,190.991683,66.540199,124.206468,141.514528,78.388822,100.701341
150.440340,33.057510,182.731122,47.116876,139.548785,146.295706,107.258003,132.236340
140.916526,29.688842,184.163103,45.995478,148.457192,140.690570,105.210615,124.383934
140.967955,30.941995,182.577726,46.013506,145.678511,147.885704,104.068740,132.814193
141.500096,31.221065,177.798621,43.673281,141.220235,150.300199,104.921710,137.847983
139.977860,33.985023,172.525187,42.026602,144.281593,156.339165,111.734266,148.297586
143.917029,37.442817,181.835125,49.240129,146.905828,161.507432,108.987732,149.710120
145.462737,38.529044,182.485206,51.390040,143.902217,162.457445,106.879749,149.596449
138.606759,39.280918,180.748972,51.767354,148.241182,161.482426,106.098969,148.995990
119.508374,40.332284,175.995394,43.541774,170.525700,139.808385,114.038680,136.598895
170.782684,41.529999,170.782684,139.334686,106.415497,139.334686,106.415497,41.529999
138.779937,33.476833,189.558883,43.602385,170.165876,140.856976,119.386930,130.731424
145.563980,22.331210,184.813867,27.883284,166.995581,153.848037,127.745694,148.295963
145.191203,30.275356,180.800710,35.234204,164.144067,154.845627,128.534559,149.886779
147.177538,31.051860,182.385993,38.471599,157.412237,156.978106,122.203782,149.558367
147.822004,31.929297,189.363280,46.929859,148.607036,159.796721,107.065761,144.796159
137.015667,30.602133,185.205290,43.458096,154.305871,159.282279,106.116247,146.426316
127.623304,32.135991,179.182940,39.685221,162.652730,152.583045,111.093093,145.033815
128.576707,33.768855,178.184315,38.614951,166.906128,154.065384,117.298520,149.219288
179.804452,160.029401,140.319695,163.541253,129.294111,39.577481,168.778868,36.065628
169.274283,167.124232,138.657549,167.835692,135.649092,38.370642,166.265826,37.659182
150.468953,39.670033,191.662336,51.893728,155.969148,172.178405,114.775766,159.954710
153.239295,38.581681,200.532005,56.172674,156.240396,175.248960,108.947687,157.657967
161.463575,30.794884,200.091321,47.097570,146.221575,174.737078,107.593829,158.434391
163.671830,25.222550,206.059870,40.607620,163.750928,157.174729,121.362888,141.789659
163.247054,24.560481,207.168757,40.482969,166.750134,151.976523,122.828431,136.054035
146.231178,40.069105,184.747688,43.064544,176.457986,149.656746,137.941476,146.661308
143.711021,41.431098,182.922001,43.947859,176.137687,149.647024,136.926706,147.130262
207.579465,142.308195,151.956105,157.601640,124.169424,56.539478,179.792784,41.246034
142.695288,46.589023,191.036662,50.965334,181.669822,154.432837,133.328448,150.056527
204.991225,152.577461,146.973013,163.963975,127.477921,64.629763,185.496133,53.243249
214.161733,149.073321,155.105433,167.924971,125.325290,74.633135,184.381590,55.781484
218.534483,157.175779,156.113318,176.674833,125.929851,80.050289,188.351017,60.551235
201.029478,172.012786,144.951385,178.989513,132.010681,74.973696,188.088774,67.996969
150.791323,65.559859,192.171449,75.217562,167.731545,179.934614,126.351420,170.276910
165.694836,64.779789,202.941523,85.793664,150.200816,179.275546,112.954128,158.261671
171.728682,60.307121,203.271726,82.476927,136.290608,177.777187,104.747564,155.607381
172.677491,56.362540,201.162928,78.528701,126.747961,174.158382,98.262524,151.992221
199.710628,58.559247,218.645841,98.613748,109.818516,150.060362,90.883304,110.005861
237.362579,69.865406,239.763941,99.607161,98.053223,111.048948,95.651861,81.307193
242.613323,76.818942,242.052911,100.145544,92.096181,96.542893,92.656593,73.216291
212.235466,79.601169,203.126935,109.102022,88.905686,73.835660,98.014217,44.334807
206.371975,94.700318,182.643135,120.932904,99.480257,45.707433,123.209097,19.474847
210.184746,99.782161,180.483601,124.507501,102.575455,30.920875,132.276600,6.195535
217.692364,107.591627,172.130489,129.443922,122.135086,25.203876,167.696961,3.351580
153.957434,11.993703,207.065310,12.392666,206.194844,128.264397,153.086968,127.865433
162.439950,16.088808,214.293906,23.000023,199.356765,135.071476,147.502809,128.160262
171.172533,33.049908,217.141193,46.199716,188.893456,144.947208,142.924796,131.797399
183.140795,50.833875,219.488645,76.646181,168.838081,147.970265,132.490230,122.157958
202.046892,51.198026,230.129974,83.987525,157.871633,145.874319,129.788551,113.084819
239.877249,66.208351,252.176690,103.788494,145.940517,138.558067,133.641076,100.977924
243.107814,101.463673,235.567798,146.588063,140.140807,130.642783,147.680824,85.518392
247.125026,117.901120,231.492448,159.881860,138.584253,125.285172,154.216831,83.304432
243.846042,139.536602,217.584532,177.607531,134.463005,120.269901,160.724515,82.198972
219.653079,168.814647,193.902356,184.140121,144.612316,101.320229,170.363039,85.994755
211.785253,174.398919,184.622719,185.362425,149.135581,97.441590,176.298115,86.478084
200.069492,176.491198,175.154836,182.426970,153.786057,92.734208,178.700713,86.798436
163.220985,75.309525,204.773519,79.029869,195.906699,178.063410,154.354164,174.343066
164.841288,68.559020,203.445187,75.535152,184.509971,180.317166,145.906071,173.341034
164.280950,56.093560,197.875083,65.311843,166.081411,181.177323,132.487277,171.959040
155.840554,48.776750,200.927648,66.866558,158.347022,172.994642,113.259927,154.904833
156.262481,46.625026,201.077492,70.864875,148.868587,167.389516,104.053575,143.149667
154.618891,46.475314,190.431235,81.195786,121.559477,152.233386,85.747134,117.512914
182.950736,50.616642,189.058282,91.327726,95.109628,105.422064,89.002081,64.710980
189.226883,52.662697,184.204214,96.781362,119.147878,89.375052,124.170548,45.256387
195.088089,53.961701,184.507909,98.385842,118.565826,82.680887,129.146006,38.256747
199.630690,71.793858,186.950642,100.372796,94.379735,59.300465,107.059784,30.721527
200.476918,73.308838,185.514850,99.838946,94.818901,48.689554,109.780968,22.159446
193.517361,95.520315,176.605407,108.356745,124.017453,39.072291,140.929407,26.235861
188.401945,102.791570,167.106277,110.898187,134.448192,25.107070,155.743859,17.000453
191.704131,103.017686,166.369171,111.289194,142.516452,38.230240,167.851412,29.958732
185.102262,106.408026,160.465524,108.419927,154.717237,38.029247,179.353975,36.017346
175.272861,22.646010,192.329944,25.857465,176.997836,107.291276,159.940754,104.079821
175.561007,36.294178,195.252464,42.737245,174.436402,106.355799,154.744945,99.912732
190.063226,39.610394,209.245029,54.446867,170.608381,104.399479,151.426578,89.563006
209.095807,43.295357,220.866328,60.206493,166.200099,98.255388,154.429578,81.344253
212.544508,49.997330,222.216700,69.803485,165.381648,97.558473,155.709456,77.752318
204.453553,69.368456,205.601244,89.387668,159.648052,92.022139,158.500362,72.002927
199.225549,79.196799,193.923531,97.463729,155.729042,86.377690,161.031061,68.110761
211.501130,94.408694,201.876510,109.742563,155.177909,80.431220,164.802529,65.097351
203.233391,107.964123,186.677586,118.326316,157.456202,71.638945,174.012007,61.276752
205.175967,130.432313,183.674927,137.762289,159.041403,65.504694,180.542443,58.174718
187.863649,56.675997,205.221360,144.428896,178.780530,149.658949,161.422819,61.906050
198.862898,146.306976,174.039638,148.718316,166.726556,73.434659,191.549816,71.023318
197.814645,142.400846,176.900745,144.831619,168.864310,75.687705,189.778210,73.256932
197.018895,141.843968,175.894225,143.295491,171.230824,75.426872,192.355493,73.975350
172.450968,73.827932,194.725986,74.041529,194.098828,139.444772,171.823810,139.231175
171.836933,72.148406,198.695180,72.394652,198.102365,137.053393,171.244119,136.807147
171.120903,71.856761,197.681389,72.183899,196.885993,136.762334,170.325507,136.435196
169.506925,70.435004,196.834452,70.615793,196.411475,134.551894,169.083948,134.371105
174.983744,66.289219,199.613258,69.775285,190.389708,134.940875,165.760194,131.454809
197.141883,131.949966,169.579836,132.107973,169.218677,69.109008,196.780724,68.951001
203.509677,127.326478,170.073406,131.411573,162.531692,69.683073,195.967963,65.597978
216.376674,119.909709,176.433384,134.290300,153.387564,70.278618,193.330854,55.898026
226.351342,105.605353,179.644524,138.332050,141.027022,83.218005,187.733839,50.491308
221.843322,76.640835,194.878516,137.756052,143.498467,115.086524,170.463272,53.971308
183.221691,61.154278,213.047644,67.106398,199.976321,132.606530,170.150369,126.654410
184.410555,61.617535,213.676937,67.982481,199.626019,132.589401,170.359636,126.224455
187.970545,62.228984,215.573569,69.600266,198.605713,133.139303,171.002688,125.768021
188.231082,62.189643,217.588310,71.950896,196.601616,135.068937,167.244387,125.307684
189.761849,62.292667,217.622644,72.107569,195.582163,134.672162,167.721367,124.857260
192.783287,63.097054,217.127087,72.706759,194.640378,129.671252,170.296578,120.061547
192.251841,62.626855,216.740099,73.905921,187.989538,136.326973,163.501279,125.047907
189.573979,62.269754,215.213007,73.484275,187.799735,136.157455,162.160707,124.942935
189.344202,63.065294,214.115910,75.292440,183.548045,137.221710,158.776337,124.994564
186.712775,63.059397,210.842384,74.164729,181.968521,136.901711,157.838913,125.796379
185.988949,62.325627,210.723445,74.007029,181.070654,136.794595,156.336158,125.113192
193.466816,65.206643,218.279222,88.997086,169.977415,139.373788,145.165009,115.583346
197.941453,60.777590,221.165259,84.725508,166.988004,137.264610,143.764198,113.316692
196.696105,60.614084,219.556164,82.073383,168.207128,136.774237,145.347070,115.314939
189.010533,60.709586,212.476691,76.269595,172.508824,136.545411,149.042667,120.985402
183.185103,49.895299,208.309195,59.783676,179.056080,134.109115,153.931988,124.220739
182.534503,50.361355,208.403472,60.053470,180.847458,133.602498,154.978489,123.910383
190.358817,52.323560,214.314972,64.675627,177.999893,135.106723,154.043738,122.754656
192.280981,54.631462,211.946130,63.501223,180.901970,132.329244,161.236821,123.459484
192.504908,55.066003,210.089507,61.903594,183.715943,129.729904,166.131345,122.892314
191.369549,54.570456,208.863286,60.192716,186.374247,130.167662,168.880510,124.545403
191.024124,53.437193,208.040649,57.654135,190.352921,129.029004,173.336396,124.812062
191.005159,53.490998,206.883997,56.342338,194.093701,127.570269,178.214863,124.718929
192.056191,52.655008,207.332248,54.633493,197.948576,127.085647,182.672519,125.107162
190.502298,53.064644,205.847998,54.013398,201.262355,128.184279,185.916655,127.235525
191.527437,52.405161,206.425248,52.906671,203.848043,129.464867,188.950232,128.963357
191.613618,54.457087,206.519854,54.477529,206.415945,130.250895,191.509709,130.230454
208.417269,132.738455,192.855041,132.830356,192.398091,55.451497,207.960319,55.359596
217.025663,129.370936,199.623722,132.447884,186.448074,57.931879,203.850015,54.854932
222.012773,132.789238,202.045723,137.398647,184.144063,59.852196,204.111113,55.242787
218.559378,135.524054,199.774084,138.372342,188.006159,60.759418,206.791452,57.911130
217.343504,136.244518,198.597558,138.161918,190.661648,60.574531,209.407594,58.657130
222.088964,136.913450,199.803359,140.213706,188.051228,60.855210,210.336833,57.554954
218.808162,137.499532,199.299645,139.904929,189.607310,61.297082,209.115827,58.891685
223.058933,136.298079,200.578264,139.737068,188.583742,61.328884,211.064410,57.889895
220.092281,134.622133,200.688181,137.147233,190.959117,62.384380,210.363217,59.859279
222.754200,136.278946,204.361537,139.006123,192.891349,61.648748,211.284012,58.921570
223.626221,136.416980,203.747710,138.969073,193.746263,61.066798,213.624774,58.514705
224.914144,135.984322,204.136976,138.327281,194.638495,54.095517,215.415663,51.752559
224.633589,134.895829,205.219876,137.974125,192.997229,60.890265,212.410942,57.811968
225.008441,136.424286,206.560677,139.375221,194.149392,61.786095,212.597156,58.835160
221.445653,136.898884,203.710822,138.383654,196.723669,54.925628,214.458499,53.440857
224.433179,136.685339,205.611154,138.773469,196.968616,60.871200,215.790641,58.783070
224.250647,135.990807,205.310214,138.278785,195.910951,60.469438,214.851384,58.181460
226.706048,136.994530,207.343085,139.992984,195.428175,63.050686,214.791138,60.052232
222.733142,136.014554,204.345756,137.746254,196.697414,56.535302,215.084800,54.803602
222.315685,136.656622,203.943488,137.858367,198.552803,55.445942,216.925000,54.244197
227.408055,136.317529,207.207689,139.281561,195.870265,62.015161,216.070632,59.051129
225.585171,136.950796,206.608016,139.324233,196.520906,58.671324,215.498062,56.297886
224.078337,137.344302,206.167354,138.847581,199.623669,60.882123,217.534653,59.378844
226.973959,136.965922,206.537455,139.747995,195.409162,58.001979,215.845666,55.219906
222.196637,137.539750,204.525655,138.606062,199.840345,60.960837,217.511327,59.894525
224.427314,136.598323,206.634711,138.418045,199.088216,64.631072,216.880819,62.811349
227.390968,137.021980,205.550553,139.667024,195.631638,57.765466,217.472053,55.120422
223.896979,137.481419,206.082730,139.075370,199.331880,63.626788,217.146128,62.032837
225.491572,137.742233,205.570350,139.515628,198.388103,58.834680,218.309324,57.061286
224.547495,137.564360,205.244467,139.139490,199.199373,65.057596,218.502401,63.482466
223.684891,138.470386,203.691515,139.860829,198.242481,61.508411,218.235857,60.117967
222.254088,137.497363,202.100701,138.670452,197.655313,62.299721,217.808700,61.126632
206.059798,58.498614,220.897759,59.547673,215.277798,139.036752,200.439837,137.987693
197.275927,61.886544,217.978708,62.554134,215.536309,138.296015,194.833528,137.628425
220.611491,139.830394,203.091037,140.445539,200.313565,61.338033,217.834020,60.722888
202.537216,64.031404,217.172635,64.707808,213.720643,139.398914,199.085224,138.722510
216.651032,137.556389,200.845583,138.028541,198.627897,63.790825,214.433346,63.318672
220.776152,135.995791,203.830581,138.201664,193.514880,58.956199,210.460451,56.750326
221.927386,136.353223,203.602701,138.912970,192.705493,60.902171,211.030177,58.342424
216.510056,136.454227,194.917792,137.778128,190.369005,63.589323,211.961269,62.265423
213.874878,137.318275,191.329778,137.601120,190.386961,62.450784,212.932062,62.167939
192.651183,63.472351,213.835068,64.243515,211.146416,138.100843,189.962531,137.329679
213.315350,137.426696,193.539199,137.875834,191.842457,63.165932,211.618607,62.716794
213.668327,136.644870,197.197160,137.304634,194.250219,63.733422,210.721385,63.073659
216.400802,137.145373,198.174494,138.998893,190.866331,67.135163,209.092639,65.281643
210.404339,136.953373,192.632542,137.194843,191.576976,59.506701,209.348773,59.265232
209.631766,137.668974,193.733985,137.813517,193.033171,60.733369,208.930952,60.588826
211.429826,137.625732,194.776165,138.557158,190.225484,57.192129,206.879145,56.260703
211.277483,138.455966,194.433577,139.236461,190.731798,59.348222,207.575704,58.567726
210.367375,138.738770,193.601128,139.130973,191.752171,60.090096,208.518418,59.697893
210.301224,139.353982,193.713643,139.806392,191.589825,61.936912,208.177407,61.484501
192.578448,65.462187,209.302392,65.483839,209.205529,140.301484,192.481585,140.279832
213.048919,140.388787,195.264050,141.666809,189.840248,66.189560,207.625117,64.911538
212.666222,139.606104,195.292148,140.823403,190.070576,66.297768,207.444650,65.080469
193.437257,66.774215,209.468415,66.828663,209.214322,141.640731,193.183165,141.586283
210.448942,141.408368,193.473172,141.747975,191.936450,64.932615,208.912220,64.593008
193.351297,65.212386,209.580439,65.241106,209.445151,141.688903,193.216010,141.660183
209.399641,141.306674,193.251207,141.317594,193.201091,67.200423,209.349525,67.189504
193.835067,66.517361,210.085037,66.548612,209.940503,141.704723,193.690533,141.673472
210.221790,141.659610,193.972201,141.775213,193.425976,64.995906,209.675565,64.880303
210.434093,141.466557,193.975976,141.550901,193.583776,65.020656,210.041893,64.936312
210.984319,141.409436,194.535408,141.781812,192.759461,63.333161,209.208372,62.960785
211.158543,142.331635,194.401387,142.479926,193.713167,64.709533,210.470324,64.561243
212.089415,141.505571,196.063484,141.918485,194.020644,62.632298,210.046576,62.219384
212.770119,141.214580,195.922420,141.841920,192.930492,61.491354,209.778191,60.864015
213.580926,141.592542,196.433291,142.343310,192.948956,62.760696,210.096591,62.009928
213.297564,141.757224,195.174614,142.029784,193.988979,63.194949,212.111930,62.922389
214.101459,141.686014,197.494351,142.457115,193.740307,61.606722,210.347415,60.835621
213.854929,140.428326,196.738610,140.773139,195.168803,62.848845,212.285122,62.504032
214.744443,140.834648,198.322888,141.260789,196.281899,62.610183,212.703454,62.184042
214.936849,140.440001,198.414666,140.797100,196.770130,64.708099,213.292313,64.351000
215.523474,140.334513,198.903360,140.737554,197.036646,63.760184,213.656760,63.357144
217.232302,140.085248,199.749956,140.871123,196.292110,63.948803,213.774455,63.162928
218.755003,140.029662,201.447517,141.468462,194.733116,60.700196,212.040602,59.261396
218.182292,138.919392,201.347771,140.087517,195.831626,60.591166,212.666147,59.423041
217.609175,137.929558,199.782174,139.238624,194.008860,60.616977,211.835862,59.307912
218.493643,138.617723,200.585004,140.178951,193.699587,61.197260,211.608226,59.636031
218.791545,137.017730,200.548840,138.838392,192.628960,59.482623,210.871666,57.661961
219.512815,137.838394,200.732820,140.151218,190.875787,60.112669,209.655781,57.799846
216.738561,136.532503,199.636597,137.829066,193.889670,62.025768,210.991634,60.729205
218.908426,137.830650,201.443090,140.037171,191.458582,61.006527,208.923918,58.800006
218.345742,135.549044,200.903783,137.668942,191.554489,60.745433,208.996447,58.625535
217.631845,135.755447,200.666846,137.762704,191.533825,60.571958,208.498824,58.564701
217.618635,136.493915,200.992527,138.590771,190.938370,58.870714,207.564478,56.773857
217.569277,136.829801,201.036215,138.851806,190.978036,56.610418,207.511098,54.588413
217.404098,136.522280,201.461754,138.705544,190.663450,59.855572,206.605794,57.672308
218.062091,136.420494,202.113234,138.832459,189.926460,58.248760,205.875317,55.836795
217.641884,136.955670,201.396951,139.056473,190.949717,58.270859,207.194650,56.170057
218.347347,137.780505,201.692024,140.149204,190.284867,59.940674,206.940190,57.571975
217.737985,137.891753,200.162161,140.054041,190.053467,57.887065,207.629291,55.724777
217.572175,137.007011,198.928357,139.520615,188.155770,59.618537,206.799588,57.104934
217.532224,137.318825,199.151435,140.019443,187.887881,63.358105,206.268670,60.657487
218.729424,136.207422,201.024461,140.086844,184.924861,66.611248,202.629824,62.731826
219.012346,136.243327,199.323165,140.736301,182.498411,67.006604,202.187591,62.513629
219.152121,135.856026,198.232908,140.819546,181.067398,68.473936,201.986611,63.510415
220.977854,135.472680,197.088481,141.489460,179.366331,71.124399,203.255704,65.107619
218.232139,136.347826,191.695691,142.261971,176.298522,73.175702,202.834969,67.261558
217.808290,136.816523,191.804274,143.232597,174.889171,74.676555,200.893187,68.260481
217.915837,137.609126,190.027097,145.560112,170.972146,78.723305,198.860886,70.772318
221.844096,134.471069,192.887284,148.297766,162.967218,85.637125,191.924029,71.810427
222.581554,133.841817,195.106384,148.926437,161.613416,87.922247,189.088585,72.837628
226.455561,130.659290,203.556205,147.973675,160.936181,91.606031,183.835537,74.291646
217.758440,134.536042,189.377528,148.873583,157.834937,86.435577,186.215849,72.098035
218.309752,135.429528,191.967039,150.241405,156.418533,87.018894,182.761246,72.207017
215.117758,132.841199,190.594210,146.125871,156.731320,83.614864,181.254869,70.330192
212.171541,130.025221,189.451723,142.666815,155.477439,81.607306,178.197256,68.965712
207.277618,125.143100,185.390598,136.963591,155.346852,81.334082,177.233872,69.513592
200.129589,128.263527,181.618107,136.297505,156.340467,78.054061,174.851950,70.020082
196.306671,132.283353,175.208965,138.628649,156.443090,76.233305,177.540797,69.888010
197.448265,131.305380,176.853261,138.778244,154.275671,76.555040,174.870675,69.082176
199.037146,130.838716,179.138145,140.534406,149.275417,79.245483,169.174418,69.549792
199.252633,131.831492,171.663689,142.188008,147.198297,77.014126,174.787241,66.657611
200.376968,130.902876,171.123816,143.377875,143.362552,78.279311,172.615704,65.804312
195.212161,124.327265,161.882523,137.458014,137.694300,76.061312,171.023938,62.930563
189.413624,120.037713,153.833849,130.582158,136.962736,73.654519,172.542511,63.110073
186.833365,118.446309,154.231983,128.790565,136.678094,73.467008,169.279476,63.122751
182.075279,121.107320,157.251875,129.250675,138.420366,71.846553,163.243770,63.703198
178.206325,126.077631,159.016189,130.498201,144.940167,69.392767,164.130303,64.972198
177.079565,128.403162,159.689152,131.798399,147.617199,69.965819,165.007612,66.570582
180.960863,130.034719,160.908400,134.344697,147.292788,70.997142,167.345251,66.687164
183.538060,129.870280,158.881106,137.035979,140.225579,72.842875,164.882533,65.677176
183.766754,130.348291,158.641349,137.429360,140.179988,71.923841,165.305393,64.842771
185.665225,130.868738,160.471762,137.080322,143.595004,68.630158,168.788468,62.418573
186.305174,125.084960,165.647311,131.210358,146.541903,66.777498,167.199766,60.652100
186.661613,125.330028,169.080741,131.105463,145.675031,59.856663,163.255904,54.081228
187.444429,126.261139,173.897092,130.755654,149.254748,56.478873,162.802086,51.984358
188.844472,126.514267,175.591265,130.976918,151.790462,60.293148,165.043669,55.830497
189.854197,125.114944,176.889141,129.615426,152.644611,59.771410,165.609667,55.270929
193.143985,122.806109,180.772135,127.045764,156.838601,57.204673,169.210451,52.965018
173.761369,51.132312,193.906771,122.120852,180.789324,125.843372,160.643922,54.854832
176.705135,50.676952,194.900423,121.765534,180.903707,125.348026,162.708419,54.259444
199.143639,119.266257,182.191999,124.459064,159.501689,50.387767,176.453329,45.194960
197.239537,119.807714,179.790876,123.120812,167.517354,58.481453,184.966016,55.168355
196.523215,118.755765,179.134760,121.348768,169.365771,55.838774,186.754226,53.245771
200.974647,118.797372,182.054159,122.155255,169.980070,54.122009,188.900558,50.764127
202.087681,117.736053,179.547467,120.986934,170.346860,57.193877,192.887074,53.942996
201.800243,117.760201,179.356902,120.223572,172.498103,57.734272,194.941444,55.270900
205.790589,117.356140,179.794469,122.138168,168.828784,62.526375,194.824904,57.744347
212.500909,111.554352,184.183004,124.109974,160.810230,71.395104,189.128135,58.839481
203.613008,121.878100,179.132300,122.850195,176.890531,66.394686,201.371238,65.422591
205.261372,126.684460,181.112059,127.728610,178.675711,71.380214,202.825023,70.336065
208.627311,129.309280,185.372161,132.142338,178.452960,75.346106,201.708110,72.513047
210.492680,130.451423,187.536440,133.827224,179.534541,79.412431,202.490782,76.036631
219.075511,129.614695,199.011506,137.045534,179.148301,83.412904,199.212306,75.982065
226.850766,123.648517,204.662534,137.518514,175.188791,90.368521,197.377022,76.498524
230.891506,116.936553,210.021888,136.767568,173.319710,98.143201,194.189328,78.312186
232.601190,95.521477,226.078327,130.091155,177.943332,121.008688,184.466195,86.439010
228.092192,123.932878,197.404602,133.899941,184.732193,94.882862,215.419783,84.915799
226.284758,125.787046,192.609575,131.309518,185.883488,90.294872,219.558670,84.772400
214.380397,58.384853,249.144254,77.297708,222.541557,126.196320,187.777700,107.283466
213.898856,53.096148,237.044985,63.081977,211.989633,121.157719,188.843504,111.171891
210.228252,51.253958,232.240457,57.922006,213.069819,121.207093,191.057615,114.539045
193.390690,60.998894,219.140673,61.896548,217.081349,120.970039,191.331366,120.072385
196.455045,61.736643,221.836704,62.585017,219.915857,120.052924,194.534198,119.204550
193.675199,53.987434,221.634963,54.696361,219.968986,120.401806,192.009222,119.692879
223.472613,118.164932,200.066854,123.425212,184.715423,55.118609,208.121183,49.858329
229.718494,115.727203,207.782973,125.750758,178.735119,62.182515,200.670639,52.158959
229.036309,109.215172,204.342265,119.714313,184.093922,72.090085,208.787966,61.590944
230.621591,81.923949,222.179018,109.841998,181.610605,97.573885,190.053177,69.655836
212.407164,65.812472,227.966671,83.214553,192.840247,114.621704,177.280741,97.219623
211.110491,64.993601,229.047480,79.456756,196.763653,119.494677,178.826664,105.031522
210.775205,60.817527,224.091213,68.218212,196.386085,118.067880,183.070078,110.667195
205.797519,53.804514,218.088479,56.845045,202.885825,118.299846,190.594865,115.259315
200.877197,47.381979,214.270366,48.704761,207.586836,116.375511,194.193666,115.052729
212.594164,114.046292,199.927178,114.286931,198.682735,48.780521,211.349720,48.539883
219.601625,106.423698,206.510044,109.311265,191.850090,42.846314,204.941671,39.958748
222.577247,100.233882,209.194089,104.726774,189.379283,45.703618,202.762441,41.210726
224.814820,90.500556,211.342756,97.624345,184.466640,46.797920,197.938705,39.674131
229.886148,83.282241,217.605131,93.026345,182.934248,49.328774,195.215265,39.584670
231.393335,77.470346,217.821059,91.319161,178.175431,52.465196,191.747707,38.616381
233.126331,68.126360,224.733232,81.891808,179.072236,54.051284,187.465335,40.285837
213.062776,44.635533,213.288991,59.183253,177.116281,59.745733,176.890066,45.198013
202.592224,21.905657,216.509330,53.764138,174.985917,71.903288,161.068810,40.044807
204.652038,40.604369,209.202183,56.421224,170.846309,67.455326,166.296163,51.638471
215.279846,24.501266,225.726451,39.121267,177.734710,73.413384,167.288105,58.793383
206.323346,18.330541,220.135665,30.661324,180.129124,75.474626,166.316805,63.143843
200.283082,19.609655,215.828178,30.821752,183.898074,75.091479,168.352979,63.879382
194.744010,18.129585,211.912853,27.153395,185.393899,77.608772,168.225056,68.584962
189.605803,16.823423,204.915391,21.952208,187.221084,74.770288,171.911495,69.641504
180.383749,16.901327,195.166683,18.380693,189.249216,77.512426,174.466283,76.033060
191.736615,75.949533,176.007314,76.586381,173.753851,20.928857,189.483151,20.292008
192.722415,72.914900,175.908459,75.816588,165.959813,18.168740,182.773769,15.267051
172.680518,46.554817,191.082057,48.460952,188.302276,75.296530,169.900737,73.390395
173.422461,47.592070,191.544313,52.312517,178.771339,101.348117,160.649487,96.627670
160.932237,51.167899,188.794520,51.918650,187.468517,101.129956,159.606234,100.379204
165.001636,49.583739,192.170891,60.488702,178.008601,95.773448,150.839346,84.868485
180.699600,52.423735,193.943968,63.909876,171.754832,89.495587,158.510464,78.009446
181.716664,53.997963,194.687677,63.123345,170.353325,97.712713,157.382312,88.587331
179.966716,55.732685,195.669396,61.955149,176.869611,109.397288,161.166931,103.174824
174.553971,56.353235,191.641670,59.166345,182.977291,111.796456,165.889592,108.983346
175.265339,60.992170,192.584155,63.503863,185.467691,112.573843,168.148875,110.062150
188.810169,125.283401,174.017945,126.487439,169.113693,66.236184,183.905917,65.032146
187.123394,126.297024,172.805731,126.572503,171.880403,78.479842,186.198066,78.204363
189.845887,125.118746,175.980605,126.727787,170.348962,78.199298,184.214245,76.590257
193.574454,123.656229,180.262158,126.748243,168.271177,75.122509,181.583473,72.030495
199.724509,113.391523,183.114771,121.371122,160.139029,73.546531,176.748768,65.566932
201.830780,106.742195,183.639060,117.885464,157.696137,75.532867,175.887857,64.389597
204.315402,100.560467,186.810524,114.429750,157.555006,77.505396,175.059884,63.636114
188.578595,70.591113,190.293619,89.607685,160.305949,92.312145,158.590925,73.295573
204.796638,78.026336,198.992710,97.779880,157.811595,85.680165,163.615523,65.926622
184.853942,59.881281,194.345483,73.852819,163.972575,94.486603,154.481034,80.515066
183.790583,54.228878,196.181848,64.973677,168.062481,97.401883,155.671216,86.657084
182.071338,54.168764,194.287414,63.780831,166.882798,98.609645,154.666721,88.997578
177.699442,41.576375,189.246167,45.910456,168.864274,100.211270,157.317549,95.877190
166.264322,65.459205,176.391553,66.936232,171.271192,102.043968,161.143961,100.566941
162.878047,65.655120,174.584366,66.194746,172.965489,101.313703,161.259170,100.774077
175.143786,101.634887,163.253221,103.131452,158.840274,68.069529,170.730839,66.572965
177.724744,96.066002,158.926702,104.753273,145.589905,75.894306,164.387948,67.207035
180.643807,80.252479,169.088016,105.436113,139.928019,92.055723,151.483810,66.872089
177.141210,98.726651,145.117904,106.298253,137.756623,75.164484,169.779929,67.592881
183.319562,86.149638,176.406848,112.484028,137.369988,102.236945,144.282702,75.902556
170.810432,76.408215,176.536163,99.908239,140.633347,108.655883,134.907617,85.155858
157.461890,75.369712,173.114511,90.097563,144.126360,120.905895,128.473739,106.178044
152.901749,77.290494,167.044900,86.068595,146.126873,119.771423,131.983722,110.993322
148.259841,76.899867,164.680460,84.132023,149.397415,118.832198,132.976797,111.600042
150.660943,75.552151,165.319378,82.762777,149.201509,115.528692,134.543074,108.318066
148.086200,75.488079,162.022252,79.923964,151.302196,113.602757,137.366144,109.166871
152.290959,72.727617,167.496106,81.656200,148.760718,113.562082,133.555572,104.633499
148.120971,73.824601,163.430939,76.483047,157.384278,111.305720,142.074310,108.647274
151.885390,69.861601,168.314019,75.420901,155.990904,111.837695,139.562275,106.278395
152.976916,69.987760,175.118555,77.744268,162.426088,113.976041,140.284449,106.219533
153.474696,68.588845,174.664606,74.206346,164.162322,113.822265,142.972411,108.204764
155.323828,67.623082,174.111390,72.184364,164.281041,112.674799,145.493479,108.113517
155.013723,69.926912,171.074505,72.565247,164.425901,113.038418,148.365119,110.400083
157.181033,68.835962,176.593798,73.646840,166.521022,114.292317,147.108257,109.481439
157.830074,69.053192,175.412453,73.280113,165.599958,114.096352,148.017578,109.869431
156.654830,71.509213,175.264352,75.640147,166.520540,115.030301,147.911018,110.899366
157.368203,71.049760,175.172190,75.176712,165.850969,115.389166,148.046982,111.262213
157.599207,71.094936,176.402390,75.082516,167.577419,116.696116,148.774236,112.708537
157.145615,71.403895,175.944632,75.335435,167.415190,116.119742,148.616174,112.188203
157.512840,71.228176,176.524881,74.960857,168.437406,116.153613,149.425364,112.420933
157.991880,71.438775,176.438729,74.678443,169.121548,116.342878,150.674699,113.103210
156.535862,71.994664,175.845091,74.982747,169.477046,116.133563,150.167817,113.145480
157.061660,72.225870,175.872491,75.248202,169.110664,117.333452,150.299833,114.311120
157.317066,71.881241,176.505631,74.562582,170.606681,116.777426,151.418116,114.096085
157.124145,73.481735,175.685112,75.986173,170.114897,117.268322,151.553931,114.763885
156.670311,72.844525,174.495323,75.050019,169.271784,117.267154,151.446771,115.061659
155.853150,72.230016,173.927011,73.590594,170.736690,115.970682,152.662829,114.610104
155.849707,71.373842,174.223802,72.901602,170.624504,116.189723,152.250409,114.661963
156.338959,70.033235,174.716774,71.379822,171.443173,116.056926,153.065357,114.710338
156.174894,68.822263,174.876008,69.846975,172.331894,116.277326,153.630781,115.252613
156.169232,68.211249,175.501207,69.240890,173.005635,116.096354,153.673660,115.066712
156.684350,65.797880,177.948259,67.236214,174.654011,115.937427,153.390101,114.499093
154.912055,64.959064,179.459883,66.770651,175.836708,115.866307,151.288880,114.054720
154.322211,64.665983,177.826905,66.458117,174.040299,116.121262,150.535605,114.329127
158.089483,64.328339,179.109110,66.095127,174.953886,115.530177,153.934258,113.763389
158.817337,66.235947,175.578886,66.458078,174.928747,115.516271,158.167198,115.294140
151.803703,58.408141,185.540685,75.946608,165.173432,115.125039,131.436450,97.586571
172.357245,115.167619,158.178952,115.366509,157.467769,64.668372,171.646062,64.469482
162.438321,61.767416,175.394379,63.587906,167.941751,116.626767,154.985693,114.806277
163.245335,62.340698,176.310074,64.173768,168.816052,117.585496,155.751312,115.752425
163.025277,62.836661,175.522927,64.210336,169.624202,117.876715,157.126552,116.503039
163.915606,62.890030,176.807774,64.620693,169.510924,118.976860,156.618756,117.246197
163.561181,61.266691,176.309973,62.825606,169.554670,118.070371,156.805878,116.511455
164.737402,62.656619,179.718388,65.423612,170.003165,118.023517,155.022180,115.256523
163.326185,65.671179,181.786786,69.751926,170.954257,118.756430,152.493656,114.675683
164.624085,64.568537,185.554934,71.085300,171.025758,117.750798,150.094910,111.234035
162.361520,65.087907,184.863740,71.549057,170.690895,120.908766,148.188674,114.447616
161.996409,66.002777,187.238218,75.349329,171.019202,119.151291,145.777393,109.804740
160.094524,63.704133,184.450911,70.968662,170.993670,116.087870,146.637283,108.823342
164.449242,71.102339,178.853543,72.080856,175.443558,122.277665,161.039257,121.299148
181.095232,122.964246,164.584762,124.276045,160.846134,77.221209,177.356603,75.909409
181.057695,122.926971,165.670206,124.168584,161.818022,76.427915,177.205510,75.186301
179.218317,125.473631,163.852457,126.003692,161.822711,67.163691,177.188571,66.633630
180.598179,125.397690,164.602433,126.141283,161.939330,68.854191,177.935076,68.110598
182.102347,125.434101,165.248256,126.544439,161.468384,69.168812,178.322475,68.058475
182.300123,126.670978,163.755192,127.186065,162.110873,67.984938,180.655804,67.469851
181.407997,128.120585,163.044611,128.773815,160.911613,68.811741,179.274998,68.158511
182.142878,128.357654,162.884871,129.060641,160.677491,68.590500,179.935497,67.887512
161.406602,69.446471,177.031519,69.497599,176.833400,130.044150,161.208483,129.993022
183.163334,129.226749,162.325337,130.047816,159.979431,70.510682,180.817428,69.689615
178.602101,129.876987,162.202796,130.354335,160.509350,72.175851,176.908654,71.698503
182.922856,129.723597,163.189201,130.935496,159.436973,69.837064,179.170629,68.625164
176.870361,130.656629,160.535262,130.822142,159.921653,70.262751,176.256752,70.097238
180.078816,130.453183,160.564280,131.042654,158.738075,70.585855,178.252612,69.996384
178.891637,129.289414,139.760983,130.631023,137.769316,72.540155,176.899970,71.198546
147.389281,65.375999,189.058394,80.405907,171.165647,130.011995,129.496534,114.982087
143.792862,67.096317,184.668829,76.116441,173.921447,124.819720,133.045481,115.799597
151.150318,69.148069,185.092905,79.295928,170.939312,126.636904,136.996725,116.489045
147.807566,69.301121,181.889955,76.133204,171.305037,128.936905,137.222649,122.104821
141.200814,68.881047,182.066051,76.419248,172.294309,129.392703,131.429073,121.854502
150.652132,70.093146,184.014953,78.877913,169.602445,133.613793,136.239623,124.829025
146.792773,70.935706,180.037621,76.248383,171.072479,132.349064,137.827631,127.036387
148.112122,71.453972,178.997355,76.214738,170.586668,130.778649,139.701435,126.017883
145.344937,72.561816,176.777194,75.426190,171.764541,130.432640,140.332284,127.568266
173.994886,129.303586,139.533633,131.501148,135.916108,74.772624,170.377361,72.575062
173.087249,129.725378,136.376392,134.465577,129.025648,77.537147,165.736505,72.796947
172.842496,128.163960,139.561911,134.927680,128.181683,78.931775,161.462269,72.168055
172.523036,127.652081,142.412168,132.045431,134.165004,75.521521,164.275872,71.128172
172.505632,127.278376,140.198662,133.889984,128.444692,76.455371,160.751663,69.843763
173.799148,125.751224,142.732722,133.553669,129.468566,80.740744,160.534992,72.938300
176.269850,127.539202,145.967344,135.968743,130.075585,78.841067,160.378092,70.411526
177.274302,129.455851,147.403040,137.656776,131.135632,78.403946,161.006894,70.203021
177.829051,129.603033,148.490697,137.225935,132.863747,77.082309,162.202102,69.459407
174.665228,128.886840,147.605370,134.341569,135.666717,75.116219,162.726576,69.661489
175.672929,129.847719,149.835295,135.335830,136.395023,72.059992,162.232657,66.571881
173.440030,125.454601,151.226306,131.295314,136.040452,73.539631,158.254177,67.698918
170.174652,124.365317,149.478437,127.551949,140.659619,70.276375,161.355835,67.089744
169.506664,131.134557,149.300201,132.874655,143.803072,69.040601,164.009535,67.300502
169.121246,132.738589,148.997180,132.932502,148.356424,66.435589,168.480489,66.241676
166.969217,133.199342,150.308581,133.647666,148.515282,67.005123,165.175918,66.556799
167.264383,131.898395,149.822350,132.864157,146.116519,65.935424,163.558552,64.969662
148.604369,67.762198,163.940124,67.837039,163.615813,134.291977,148.280058,134.217136
150.584927,66.642992,165.851582,67.924101,160.173156,135.592515,144.906501,134.311406
150.529869,67.618956,165.424479,68.816926,160.033616,135.842670,145.139006,134.644700
149.518157,70.395946,165.114023,71.578369,160.130956,137.303803,144.535090,136.121380
148.074274,72.230008,164.411221,73.489389,159.488184,137.352000,143.151237,136.092619
149.179814,73.624105,165.372916,75.212652,159.235348,137.776908,143.042247,136.188361
149.165574,71.736729,164.294445,73.237487,157.898359,137.715294,142.769488,136.214537
146.793488,70.769293,162.799406,71.839650,158.396344,137.682176,142.390427,136.611818
146.696102,68.990776,162.680832,69.942208,158.631715,137.970248,142.646985,137.018816
145.968973,69.594001,163.268100,70.837325,158.350066,139.264984,141.050938,138.021661
146.802206,68.992104,164.104818,70.362188,158.624484,139.572634,141.321872,138.202550
145.026895,68.069728,162.608467,69.058883,158.651848,139.385169,141.070276,138.396015
146.982289,69.093599,164.074221,70.665511,157.665659,140.348003,140.573727,138.776091
144.151956,75.457569,162.180078,75.595006,161.700645,138.483804,143.672523,138.346366
145.297769,75.270698,162.822261,75.757407,161.052411,139.482835,143.527918,138.996126
146.854332,74.794666,164.165766,75.852915,160.309034,138.943477,142.997599,137.885228
148.255059,70.370263,164.456189,71.448626,159.992267,138.513771,143.791137,137.435408
149.070350,68.956398,165.897961,70.220173,160.758608,138.652459,143.930997,137.388683
149.831045,69.163485,165.476897,70.408540,160.101904,137.952826,144.456052,136.707771
149.489160,69.110955,165.318617,70.084634,161.145706,137.925166,145.316249,136.951487
149.675344,71.177024,166.003139,72.008625,162.657394,137.699520,146.329599,136.867919
150.038861,69.465905,166.358256,70.448660,162.335817,137.244320,146.016422,136.261565
149.788452,70.156879,166.121460,70.878878,163.216675,136.590748,146.883667,135.868749
149.863505,68.646662,165.821502,69.232580,163.352279,136.484140,147.394282,135.898222
150.363908,63.229838,165.076299,63.875728,161.913095,135.928723,147.200704,135.282833
150.107299,64.148213,166.606149,64.892406,163.416752,135.601762,146.917902,134.857569
150.022543,66.610351,166.877343,67.321403,163.981109,135.973880,147.126309,135.262828
149.591576,65.342001,164.022290,65.784614,161.882991,135.533064,147.452277,135.090451
149.744299,64.334883,164.277861,64.957081,161.232367,136.095045,146.698805,135.472847
149.286153,64.315164,163.313006,64.834352,160.687394,135.770152,146.660541,135.250963
149.345095,64.114471,164.164572,64.620837,161.710641,136.438300,146.891165,135.931934
166.533144,135.512816,148.650124,136.805589,143.593944,66.863108,161.476965,65.570335
141.557304,64.950103,164.187856,65.625383,162.086984,136.031546,139.456432,135.356266
142.366649,64.978049,166.893378,67.398110,160.022132,137.036500,135.495404,134.616438
147.562454,65.923944,164.613701,66.266500,163.187929,137.236554,146.136682,136.893999
146.078134,66.763048,164.286106,66.877621,163.842892,137.313726,145.634919,137.199154
140.803257,66.199646,166.490691,67.753283,162.261346,137.680187,136.573912,136.126550
141.994044,64.987015,164.832841,66.362976,160.465661,138.851333,137.626864,137.475372
140.441868,64.531662,163.309386,65.293601,160.857929,138.867355,137.990411,138.105415
140.352561,66.522746,163.212318,67.357701,160.585688,139.270686,137.725932,138.435731
141.237201,66.120920,162.676299,66.637168,160.943998,138.577252,139.504900,138.061004
