1.839792
0.036295
0.035106
0.034915
0.034914
0.034796
0.034791
0.034860
0.034696
0.034653
0.045291
0.034712
0.034681
0.034669
0.034675
0.034647
0.034610
0.034675
0.034696
0.034761
0.044986
0.034670
0.034692
0.034749
0.034668
0.034721
0.034866
0.034692
0.034673
0.034705
0.045026
0.034748
0.034784
0.034722
0.034691
0.034649
0.034667
0.035720
0.034694
0.034748
0.045156
0.034743
0.034825
0.034605
0.034657
0.034719
0.034676
0.034696
0.034633
0.034644
0.045046
0.034735
0.034751
0.034600
0.034726
0.034731
0.034766
0.034790
0.034687
0.034667
0.045069
0.034767
0.034678
0.034741
0.034590
0.034604
0.034680
0.034745
0.034682
0.034634
0.045135
0.035227
0.034879
0.034960
0.034854
0.034713
0.034823
0.034652
0.034706
0.034715
0.045097
0.034842
0.034861
0.034739
0.034777
0.034806
0.034970
0.034975
0.034986
0.045710
0.045765
0.035539
0.036273
0.035725
0.045925
0.045779
0.045804
0.045532
0.045633
0.045599
0.045839
0.035563
0.035278
0.035121
0.035068
0.035230
0.035079
0.034990
0.034936
0.035007
0.045758
0.035268
0.035429
0.035701
0.035729
0.035412
0.035271
0.035352
0.035606
0.035643
0.045948
0.035697
0.035620
0.035545
0.035543
0.035400
0.035589
0.035518
0.035304
0.035669
0.046190
0.035788
0.035607
0.035560
0.035922
0.035650
0.045724
0.035538
0.046000
0.045920
0.045677
0.045471
0.045607
0.045300
0.045206
0.045873
0.036495
0.035509
0.035528
0.035250
0.045429
0.035000
0.045188
0.045365
0.035430
0.035164
0.035065
0.034766
0.034759
0.034773
0.045161
0.034940
0.035030
0.035197
0.034975
0.045261
0.034833
0.045295
0.045173
0.034690
0.045116
0.034653
0.034399
0.034375
0.034364
0.034249
0.034372
0.044608
0.044503
0.034058
0.044291
0.034016
0.044502
0.034285
0.034524
0.034626
0.034693
0.034484
0.034484
0.034494
0.044839
0.034888
0.034629
0.034531
0.034470
0.034722
0.034737
0.034530
0.034446
0.034664
0.044728
0.034420
0.034631
0.034410
0.034490
0.034404
0.034395
0.034388
0.034452
0.034504
0.044904
0.034531
0.034442
0.034447
0.034806
0.034406
0.034434
0.034363
0.034260
0.034157
0.044521
0.034222
0.034103
0.034208
0.034328
0.034461
0.034742
0.034776
0.034740
0.034699
0.044995
0.034634
0.034577
0.034520
0.034555
0.034587
0.034548
0.034405
0.034509
0.034420
0.044818
0.034411
0.034992
0.034833
0.034462
0.034471
0.034562
0.034477
0.034660
0.034463
0.044757
0.034569
0.034512
0.034511
0.034477
0.034483
0.034292
0.035297
0.034363
0.034540
0.044950
0.034715
0.034790
0.034842
0.034819
0.035414
0.034716
0.035500
0.034632
0.034516
0.044783
0.034464
0.034391
0.034370
0.034294
0.034135
0.034227
0.034216
0.034044
0.034095
0.044436
0.034070
0.034021
0.034102
0.034134
0.034087
0.034371
0.034172
0.034214
0.034193
0.044512
0.034239
0.034242
0.034273
0.034268
0.034194
0.034266
0.034262
0.034280
0.034223
0.044573
0.034307
0.034107
0.034239
0.034103
0.034069
0.034062
0.034280
0.034107
0.034178
0.044426
0.034276
0.034204
0.034198
0.035142
0.034246
0.034226
0.034103
0.034084
0.034328
0.044584
0.034380
0.034386
0.034365
0.034556
0.034632
0.034467
0.034438
0.034576
0.034456
0.044725
0.034274
0.034346
0.034182
0.034114
0.034385
0.034515
0.034484
0.034406
0.034445
0.044853
0.034364
0.034144
0.034216
0.034278
0.034351
0.034385
0.034362
0.034370
0.034232
0.044682
0.034198
0.034132
0.034191
0.034247
0.044485
0.044514
0.034148
0.034342
0.034194
0.044581
0.034389
0.034417
0.034271
0.034262
0.034315
0.034242
0.034144
0.034278
0.044600
0.045242
0.034076
0.034203
0.034206
0.044870
0.044791
0.034321
0.034344
0.034256
0.034282
0.044753
0.034241
0.034276
0.034064
0.034082
0.034039
0.034137
0.034207
0.033934
0.034362
0.044411
0.033999
0.034603
0.034064
0.034416
0.043621
0.044531
0.034137
0.034233
0.034104
0.044449
0.034189
0.034524
0.034030
0.034381
0.034080
0.044523
0.044303
0.044334
0.034468
0.044318
0.034075
0.033991
0.033968
0.034079
0.034104
0.033989
0.034142
0.034014
0.034055
0.044321
0.044499
0.044371
0.034119
0.044333
0.034007
0.034109
0.034127
0.033764
0.033845
0.044195
0.034010
0.034034
0.034050
0.044448
0.044268
0.044350
0.034187
0.033959
0.033863
0.044238
0.034295
0.033876
0.034176
0.033936
0.033967
0.033867
0.033925
0.033823
0.033878
0.044167
0.033830
0.033904
0.033978
0.033852
0.033804
0.033799
0.033998
0.033818
0.033717
0.044103
0.033893
0.033789
0.033736
0.033843
0.033968
0.034071
0.033854
0.034068
0.034221
0.044845
0.034176
0.034438
0.034108
0.034452
0.034261
0.034141
0.033847
0.034005
0.034061
0.044376
0.033992
0.034446
0.034464
0.034223
0.034042
0.034208
0.034073
0.034017
0.033966
0.044294
0.033972
0.033945
0.034051
0.034040
0.034103
0.034067
0.034107
0.034105
0.034249
0.044658
0.034486
0.034454
0.034384
0.034495
0.034372
0.034367
0.034440
0.034374
0.034484
0.044919
0.034628
0.034590
0.034533
0.034495
0.034480
0.034345
0.034303
0.034516
0.034541
0.044772
0.034432
0.034123
0.034087
0.034241
0.034145
0.034298
0.034066
0.034117
0.034037
0.044280
0.033871
0.033842
0.033950
0.034030
0.033997
0.034165
0.034187
0.034351
0.033979
0.044455
0.034075
0.034108
0.034025
0.034171
0.034066
0.034166
0.034121
0.033958
0.034234
0.044654
0.034089
0.034102
0.033983
0.034494
0.034007
0.034113
0.034664
0.034756
0.034617
0.044761
0.034344
0.034344
0.034432
0.034333
0.034252
0.034293
