1.829022
0.038999
0.038091
0.038239
0.038492
0.038845
0.038219
0.038484
0.038023
0.037987
0.048706
0.038421
0.038170
0.038059
0.037989
0.037975
0.037866
0.037982
0.038026
0.038175
0.048701
0.048835
0.049362
0.049849
0.049808
0.039156
0.039555
0.039825
0.040130
0.037242
0.047798
0.037434
0.047458
0.046831
0.037024
0.036989
0.037085
0.036990
0.036880
0.050693
0.047487
0.047612
0.046220
0.047024
0.047450
0.047544
0.037127
0.038165
0.048087
0.048058
0.048022
0.047885
0.048074
0.047706
0.037638
0.047600
0.037009
0.037251
0.037233
0.047519
0.047632
0.037199
0.047692
0.037490
0.037071
0.037468
0.037482
0.037328
0.037531
0.048053
0.047861
0.047898
0.048055
0.047699
0.047490
0.037066
0.037023
0.037039
0.037224
0.047771
0.047698
0.037698
0.037788
0.037594
0.037843
0.037843
0.037819
0.038233
0.036852
0.037875
0.048606
0.037085
0.037062
0.036970
0.037194
0.037011
0.037030
0.037062
0.037997
0.037174
0.048450
0.038037
0.037174
0.037153
0.037145
0.037182
0.037005
0.037033
0.037110
0.037676
0.048606
0.037495
0.037421
0.037124
0.037480
0.037527
0.036996
0.037899
