422.520000,214.840000,472.260000,206.170000,490.560000,311.210000,440.830000,319.880000
491.032651,310.182552,442.982336,319.208098,423.355355,214.717731,471.405669,205.692185
489.370672,311.055269,439.437721,318.842051,422.985003,213.338557,472.917955,205.551775
489.916393,309.875929,441.084174,318.168036,423.256143,213.178764,472.088363,204.886656
490.487398,310.070800,442.178613,318.637608,423.474415,213.163427,471.783200,204.596619
490.559990,309.826614,442.041632,318.100325,424.115258,212.977217,472.633616,204.703505
490.299247,310.475843,441.458512,317.719684,425.884253,212.712104,474.724987,205.468263
491.853974,310.086306,442.197267,317.437655,426.650974,212.425931,476.307680,205.074582
492.646554,309.953920,443.398018,317.867003,426.404348,212.103754,475.652884,204.190671
493.197762,310.131771,443.863939,317.243268,428.574221,211.175550,477.908043,204.064053
494.202691,308.956082,445.310484,316.886835,428.259365,211.768590,477.151571,203.837837
494.685378,308.736733,445.106621,316.596613,428.484907,211.749734,478.063663,203.889854
495.345386,308.935202,446.483708,317.051926,428.897475,211.184958,477.759152,203.068234
495.586302,309.599812,446.450830,316.985812,430.817131,212.982395,479.952603,205.596395
495.264936,311.289702,446.554539,318.345381,431.032047,211.182508,479.742444,204.126829
496.466220,311.028231,446.781183,319.225881,429.579556,214.968754,479.264593,206.771104
496.915718,311.837426,447.296608,320.425108,429.276553,216.306319,478.895663,207.718637
495.822250,313.553684,446.611397,321.697830,429.255020,216.822242,478.465874,208.678096
496.593155,312.705067,447.169485,321.487531,428.452757,216.158399,477.876427,207.375934
497.881421,312.336586,448.687215,321.276948,429.614442,216.329308,478.808649,207.388946
497.599524,313.087370,447.629293,321.506331,429.411214,213.374029,479.381444,204.955068
498.836013,314.338178,447.665325,322.300461,431.088112,215.764767,482.258800,207.802484
499.582757,312.853000,449.175564,321.544602,430.937446,215.772132,481.344639,207.080529
498.390081,314.191109,446.506234,322.210861,430.084837,215.972508,481.968684,207.952756
499.848505,313.435895,449.948034,322.258922,431.289500,216.731696,481.189971,207.908669
500.183321,312.301529,450.112916,321.953355,430.176358,218.529240,480.246763,208.877414
499.513931,312.889740,448.874029,322.291166,429.464633,217.744272,480.104535,208.342846
499.666469,313.248622,448.735841,321.938591,430.655099,215.970026,481.585728,207.280057
500.177025,312.723526,448.850825,321.962163,429.926521,216.826238,481.252721,207.587602
500.288924,311.596335,449.706823,321.303940,429.821889,217.692218,480.403990,207.984613
499.896402,312.949415,448.970665,321.668002,431.111624,217.352379,482.037361,208.633793
502.365022,311.407964,451.244769,320.975217,431.958402,217.923279,483.078655,208.356026
501.719831,311.585408,450.548942,320.878023,431.521207,216.099536,482.692096,206.806922
501.933525,310.984612,450.965296,320.386431,431.858374,216.805837,482.826603,207.404018
502.553484,311.768374,450.499965,320.812283,432.553457,217.518582,484.606976,208.474673
503.093604,310.727966,452.952775,321.000466,431.745034,217.483916,481.885862,207.211416
504.212039,310.379918,454.012256,320.360342,433.729460,218.341430,483.929242,208.361007
502.698606,310.661680,452.144714,319.677609,433.826635,216.964940,484.380526,207.949010
503.953833,309.393094,454.050411,319.207599,434.104804,217.790967,484.008226,207.976462
504.062829,310.429773,453.440625,319.982369,433.728919,215.523853,484.351123,205.971257
505.018185,310.117172,453.520136,319.444621,434.717184,215.631094,486.215233,206.303645
504.313732,310.090777,452.958605,319.286183,434.567793,216.575930,485.922919,207.380523
505.866748,311.303112,453.985976,320.367503,435.998823,217.416595,487.879596,208.352203
506.073185,309.666907,455.937627,319.130064,436.400789,215.624397,486.536346,206.161241
505.545347,308.331809,456.280066,318.759485,434.569987,216.190785,483.835268,205.763109
505.475196,309.974649,456.109692,319.917051,435.246945,216.330420,484.612449,206.388017
505.951429,309.247601,455.920401,319.248684,435.434313,216.765771,485.465341,206.764689
506.396365,309.458563,456.470249,319.156967,436.447740,216.083696,486.373855,206.385293
506.039117,309.172818,456.640574,318.095531,438.063778,215.249384,487.462321,206.326671
506.463705,309.598797,457.314119,318.991665,437.604495,215.858107,486.754081,206.465239
506.299472,309.486439,457.022366,318.185552,438.768488,214.784411,488.045595,206.085298
506.641441,309.093970,457.721318,317.047772,441.031374,214.395710,489.951497,206.441909
505.648899,312.067490,454.498176,318.188208,442.062432,214.262930,493.213155,208.142212
503.749095,313.122925,454.093264,317.848774,444.331674,215.280993,493.987505,210.555143
504.137713,313.210779,455.179986,316.756224,447.682240,213.222670,496.639968,209.677224
503.431970,313.646669,454.402616,316.002870,449.342579,210.710322,498.371933,208.354121
503.585794,315.703037,455.011763,317.087258,451.920336,208.605256,500.494367,207.221034
456.684301,202.274773,505.058869,203.794623,501.478206,317.761825,453.103638,316.241975
457.115311,200.981417,503.621303,202.156446,500.725695,316.760497,454.219704,315.585467
461.234746,202.102651,507.270592,204.884028,500.393007,318.718120,454.357161,315.936744
463.096197,199.128236,506.645828,201.507643,500.225920,319.009476,456.676289,316.630069
464.953029,198.985627,504.626687,199.930014,501.832072,317.331653,462.158415,316.387266
469.688241,192.162047,503.600559,192.705167,501.613232,316.793421,467.700914,316.250300
473.269894,195.079661,504.089413,196.002537,500.444053,317.739637,469.624534,316.816761
461.515971,200.671854,508.411144,204.906032,498.329768,316.561206,451.434595,312.327028
467.561322,194.552905,513.017900,198.346278,503.142050,316.690129,457.685471,312.896756
469.183857,196.168851,514.567037,197.531954,510.998184,316.353370,465.615004,314.990267
468.684180,198.331823,517.232297,199.513662,514.383221,316.549301,465.835104,315.367462
468.323182,199.044390,521.024120,200.197047,518.480324,316.502565,465.779386,315.349908
467.891243,202.280416,523.014817,204.252936,519.002913,316.368679,463.879339,314.396159
471.189320,201.565390,532.271637,208.234493,520.267252,318.182664,459.184935,311.513561
470.749390,205.150500,532.347944,213.200976,518.600209,318.392353,457.001654,310.341878
484.820257,199.755324,550.568743,224.118342,515.161157,319.672807,449.412671,295.309790
578.712946,218.175955,574.884551,321.190778,463.039885,317.034236,466.868280,214.019412
576.876321,221.444340,571.396014,322.358141,464.303818,316.542305,469.784124,215.628505
582.194813,233.743234,557.181381,329.972507,456.768226,303.871534,481.781658,207.642261
583.373670,252.832385,535.775504,339.163655,448.495539,291.042432,496.093705,204.711162
577.803790,275.929566,511.493427,336.827527,447.763002,267.432961,514.073365,206.535000
580.391204,284.051049,518.657776,335.300817,454.924090,258.529759,516.657518,207.279991
575.293160,277.826720,511.170112,326.700285,457.409191,256.164932,521.532239,207.291367
578.910889,271.707044,513.052862,328.051823,456.708082,262.193796,522.566109,205.849017
580.337204,263.459435,511.385840,327.117576,455.422640,266.500992,524.374003,202.842852
537.009184,197.968688,586.545240,257.621730,506.212477,324.330285,456.676421,264.677243
521.400287,198.164940,582.566050,244.439337,515.655773,332.881724,454.490010,286.607326
502.732422,209.532237,570.476401,235.116409,531.914750,337.223274,464.170772,311.639102
572.091541,305.243193,501.151445,326.521275,473.962785,235.875597,544.902881,214.597515
579.104360,292.109676,500.764403,322.292092,469.091497,240.083494,547.431455,209.901078
574.829105,321.130705,499.578963,326.870767,491.296873,218.295562,566.547015,212.555500
582.199487,307.117844,499.786388,321.364387,481.496907,215.563787,563.910006,201.317244
577.005230,300.138620,503.844761,331.274646,464.008964,237.672281,537.169433,206.536255
569.800467,297.342097,501.937633,330.419270,454.611832,233.323215,522.474666,200.246043
576.029004,302.113977,513.214640,343.398156,445.482784,240.343340,508.297148,199.059161
583.846725,302.480968,520.004190,352.264324,441.242463,251.259717,505.084998,201.476361
577.422182,302.539990,511.748783,343.689164,446.167285,239.022184,511.840685,197.873009
584.335230,304.951627,516.157430,351.867233,443.773352,246.678627,511.951152,199.763021
575.195183,306.031738,502.143522,343.142501,454.813853,249.975165,527.865514,212.864402
574.412286,307.055485,494.051561,333.488363,465.084024,245.421815,545.444748,218.988937
575.994975,313.383914,491.011584,332.116292,472.042088,246.057162,557.025478,227.324784
575.804283,314.098822,492.846352,325.589866,481.068032,240.557986,564.025963,229.066942
574.928279,317.014454,489.014902,322.078597,484.075799,238.286538,569.989176,233.222395
574.605201,319.117236,488.654376,321.866746,485.939669,237.003906,571.890495,234.254396
575.863988,319.008761,493.647235,326.206869,484.365463,220.190530,566.582216,212.992421
575.515158,321.026335,491.111074,321.630986,490.473740,232.664518,574.877824,232.059868
494.894321,192.254369,573.974230,192.990254,572.774637,321.901339,493.694728,321.165454
500.766144,229.073646,581.040771,238.268212,571.069199,325.326611,490.794572,316.132044
503.260198,228.904040,582.051636,237.632567,572.486126,323.979349,493.694688,315.250821
520.798169,192.739558,593.388507,210.577868,559.263043,349.446341,486.672705,331.608030
516.916862,202.560967,587.539262,214.917929,564.590619,346.073814,493.968220,333.716853
518.509071,220.066294,583.623017,229.912370,566.307505,344.423104,501.193558,334.577028
513.795166,227.015398,571.997437,228.400509,569.406766,337.260312,511.204496,335.875200
569.200513,336.131072,518.927834,336.712557,517.681795,228.985388,567.954473,228.403903
568.352469,334.695994,525.596946,337.601995,518.331944,230.713187,561.087467,227.807186
569.604167,333.565374,532.844196,337.585737,520.883616,228.224824,557.643587,224.204461
571.921116,334.313915,536.059509,338.354704,523.937143,230.769882,559.798750,226.729094
574.131786,334.992921,535.060604,339.124886,523.719678,231.886960,562.790860,227.754995
577.321179,333.945498,531.963634,339.555197,519.082104,235.400833,564.439650,229.791135
527.416090,231.665228,600.775389,238.802996,590.799714,341.329246,517.440415,334.191478
526.778062,230.075588,608.243928,239.778563,596.004949,342.536644,514.539082,332.833670
608.172415,328.419378,527.820190,339.067490,514.862848,241.289481,595.215073,230.641369
601.354134,234.013701,609.071930,332.257898,524.312231,338.916389,516.594435,240.672192
523.568898,234.641728,609.495799,240.204428,602.951446,341.294900,517.024545,335.732200
577.767521,217.796891,625.301732,282.434757,545.936252,340.799548,498.402040,276.161682
578.467356,215.196351,626.699385,276.423283,546.181776,339.851704,497.949747,278.624772
582.171332,213.014641,630.302942,273.676940,546.049749,340.526398,497.918139,279.864099
588.846579,337.477580,528.331745,338.329709,526.901385,236.751238,587.416219,235.899108
572.627446,213.846905,623.773233,267.413335,544.911545,342.711299,493.765758,289.144870
565.424524,212.185031,626.245877,262.918629,554.259015,349.219198,493.437662,298.485600
550.887211,219.015518,622.584894,258.517411,570.422138,353.195120,498.724455,313.693227
605.875163,319.772268,535.650581,338.774123,511.106518,248.067370,581.331100,229.065515
608.302100,306.732921,537.045793,335.331857,504.780326,254.940127,576.036633,226.341190
617.735969,301.458444,538.401487,341.599288,498.260643,262.264806,577.595125,222.123962
627.935790,296.414258,546.735701,350.806845,491.738751,268.704532,572.938841,214.311945
631.959375,296.539360,553.776018,355.782473,491.088537,273.053572,569.271894,213.810459
629.647869,300.773202,548.583300,354.098610,488.016170,262.025273,569.080739,208.699865
633.158058,307.046357,551.958659,357.492591,482.926970,246.377623,564.126369,195.931389
633.462797,312.999373,550.655621,359.688244,491.646077,255.029175,574.453252,208.340304
630.074261,312.469738,552.605034,359.072409,491.174240,256.953883,568.643467,210.351212
640.886035,315.216014,570.271546,372.845493,484.650606,267.932537,555.265095,210.303058
643.944367,316.293163,570.829709,375.834452,486.003763,271.671102,559.118421,212.129813
644.421603,315.838453,570.992412,375.682212,488.806983,274.839456,562.236174,214.995697
653.940141,310.923909,586.708466,380.989029,490.923239,289.077372,558.154914,219.012252
651.511207,315.594205,580.789374,379.709069,492.327093,282.130844,563.048926,218.015980
654.391460,311.005629,586.460598,381.540100,493.605091,292.112130,561.535953,221.577659
655.860647,310.622418,592.366224,381.073118,494.270312,292.663161,557.764735,222.212461
654.344735,310.543293,591.516906,381.884325,496.395531,298.113886,559.223360,226.772854
654.196205,310.719791,589.336268,383.537960,497.161371,301.436775,562.021308,228.618606
572.458692,212.708775,669.188083,285.558765,595.609593,383.255451,498.880202,310.405461
605.926211,230.846704,636.609708,327.991126,534.608066,360.208798,503.924568,263.064377
564.337021,234.422061,652.586277,309.708639,589.847462,383.249686,501.598206,307.963108
567.268575,233.416790,657.201017,298.292722,595.775933,383.441524,505.843491,318.565592
631.369372,225.708719,669.992629,311.590063,541.170613,369.524947,502.547357,283.643604
641.145139,237.285308,666.287541,320.083356,533.344195,360.452846,508.201794,277.654797
624.977836,241.536407,657.434048,326.568391,538.389270,372.007087,505.933059,286.975103
598.065385,250.022153,653.140602,331.874313,563.492998,392.194789,508.417781,310.342629
585.278807,259.056595,656.687861,325.613806,590.913676,396.182753,519.504622,329.625543
585.984742,261.580810,652.693145,327.585647,585.902537,395.088197,519.194134,329.083361
585.734275,263.972528,647.876920,328.338272,578.913623,394.919676,516.770978,330.553932
586.976501,265.428934,647.232353,329.891764,588.766066,384.542420,528.510214,320.079591
590.940312,271.460258,640.470953,336.810970,567.150643,392.381934,517.620001,327.031222
591.944913,269.048624,640.892710,334.036785,560.846316,394.326145,511.898519,329.337984
587.721593,270.713383,636.954818,339.187027,557.203161,396.529254,507.969937,328.055609
586.301249,267.904379,633.918845,340.541909,553.027049,393.570595,505.409454,320.933065
584.640862,265.111970,634.228304,339.938122,553.582340,393.382365,503.994898,318.556212
580.783117,262.792365,633.508635,340.710292,553.878226,394.594613,501.152708,316.676686
580.363759,260.396113,632.816446,341.020240,550.380542,394.651639,497.927854,314.027513
600.224010,250.421281,623.741193,329.900425,514.865653,362.115745,491.348470,282.636600
612.982262,248.940789,629.379839,328.120066,510.037160,352.835254,493.639583,273.655977
612.048446,242.184327,635.636805,323.707506,511.629715,359.588390,488.041356,278.065211
604.937901,235.506311,634.170306,319.132840,513.885573,361.179449,484.653169,277.552920
579.250395,227.663600,629.405798,311.465179,530.085408,370.908619,479.930005,287.107040
556.521631,230.511864,625.941679,306.461910,549.128564,376.670822,479.708516,300.720776
556.053028,228.642819,617.401130,315.251925,537.381847,371.932236,476.033746,285.323130
548.102570,233.093724,604.999713,321.320065,532.285696,368.213316,475.388552,279.986975
544.513282,233.616755,607.548864,317.511894,540.067992,368.214428,477.032410,284.319289
549.774860,234.994800,593.422992,324.009990,527.156128,356.503599,483.507996,267.488409
570.201353,229.821894,594.626446,318.147535,493.831303,346.020878,469.406209,257.695236
561.430247,230.268030,589.902639,316.789535,486.854554,350.700474,458.382162,264.178968
514.137965,226.635275,579.903707,273.148772,521.761837,355.355949,455.996095,308.842453
515.162112,231.046213,580.316450,283.849438,516.698107,362.348640,451.543769,309.545415
520.388190,232.445720,577.143405,297.308118,501.470607,363.522536,444.715392,298.660137
512.859054,232.368096,573.840263,294.878043,503.613038,363.387797,442.631829,300.877849
503.970296,230.285443,566.227878,291.524279,498.940762,359.930757,436.683181,298.691922
492.679710,232.905180,562.842077,285.973074,505.937949,361.207419,435.775582,308.139525
480.686066,231.875276,556.184961,264.548659,516.809345,355.534507,441.310451,322.861123
465.604500,228.265943,547.088561,245.661987,526.389471,342.617705,444.905410,325.221661
461.614294,227.806701,540.933657,241.171956,524.655463,337.778872,445.336100,324.413618
450.024763,229.596630,530.601083,232.944331,526.617743,328.819952,446.041423,325.472251
448.736287,226.871621,530.669848,231.470031,525.187128,329.160047,443.253567,324.561637
524.466244,325.289788,440.740855,326.323616,439.497645,225.641187,523.223033,224.607359
523.319557,322.239592,440.472598,324.395261,437.874740,224.554053,520.721700,222.398384
523.990931,320.466447,437.294513,326.501961,430.141311,223.750651,516.837729,217.715137
522.893465,317.099809,435.129375,327.736050,422.677191,224.987847,510.441280,214.351606
522.248745,318.753748,434.818131,326.233729,425.860622,221.532870,513.291237,214.052888
520.477261,317.603479,441.811853,324.307084,432.747824,217.942589,511.413232,211.238984
520.121005,317.370564,444.355880,319.898649,440.830803,214.254319,516.595928,211.726234
520.432084,317.395051,442.139518,319.575291,439.242486,215.542704,517.535052,213.362464
519.163358,315.569816,443.197438,317.567678,440.496103,214.853194,516.462024,212.855332
519.808121,312.868703,438.785353,325.574870,422.613868,222.454984,503.636635,209.748817
519.690387,314.458235,443.246994,317.400639,439.323788,215.476116,515.767181,212.533711
518.341582,316.098424,440.184868,319.698485,435.417220,216.193647,513.573934,212.593586
518.896734,316.156063,440.975218,320.577832,435.119362,217.384473,513.040878,212.962704
519.927217,313.891740,442.021589,321.112930,432.555976,218.993391,510.461603,211.772201
517.208095,296.196776,442.093438,324.175568,410.433226,239.177404,485.547883,211.198612
522.063678,302.430400,447.203443,332.172346,410.808693,240.567058,485.668928,210.825112
526.924650,307.789760,452.087893,339.841053,410.879088,243.622365,485.715845,211.571072
523.426071,309.626311,444.437237,321.543856,429.500580,222.544518,508.489414,210.626972
532.115074,307.009873,460.183524,341.579454,415.287965,248.161857,487.219514,213.592275
526.126021,305.647755,449.583632,320.898245,431.241828,228.840507,507.784216,213.590018
528.920073,306.456747,453.549014,320.661459,436.273013,228.993955,511.644073,214.789243
531.826032,304.448008,454.689980,321.531699,434.722030,231.372677,511.858082,214.288987
531.167886,302.061295,454.687629,320.919039,433.348603,234.375590,509.828860,215.517846
529.673890,302.241029,455.203644,319.768993,434.833309,233.222492,509.303554,215.694528
527.385023,296.691157,456.222783,319.443294,431.288934,241.457278,502.451174,218.705140
528.013835,295.331833,457.132381,320.891275,430.191348,246.178391,501.072802,220.618950
527.005558,292.832549,457.477446,321.368553,428.555820,250.900872,498.083932,222.364868
526.726145,292.881063,455.629121,319.736476,428.773709,248.639452,499.870733,221.784039
538.130006,299.042772,469.717040,338.548037,425.711174,262.341188,494.124141,222.835923
534.324195,293.665312,463.659019,334.535214,422.284550,262.997628,492.949726,222.127725
535.189030,293.976486,462.627775,336.727651,419.876610,264.166395,492.437866,221.415231
530.039836,284.780046,455.400861,329.464094,412.293897,257.459436,486.932872,212.775388
539.903594,294.749504,464.474843,345.619065,407.246587,260.761720,482.675338,209.892159
524.816018,289.565016,442.079181,324.493020,412.837131,255.224971,495.573968,220.296967
541.415158,293.959246,466.922176,347.145385,407.011353,263.233750,481.504334,210.047611
547.351665,288.610865,480.734809,350.167760,405.578134,268.833227,472.194990,207.276331
528.383509,290.809062,450.005059,333.039171,411.796866,262.125335,490.175316,219.895227
530.303086,284.494576,458.490232,334.554555,412.652180,268.798207,484.465034,218.738228
537.953235,291.921094,468.077200,345.309704,411.510697,271.274382,481.386732,217.885772
540.451672,291.614934,476.785303,346.984006,413.110871,273.767682,476.777240,218.398610
531.403540,289.710018,459.977737,337.721564,409.002515,261.886760,480.428319,213.875214
530.026917,286.567807,452.703167,328.971496,408.766815,248.852911,486.090565,206.449222
544.095583,281.658193,497.520050,338.503937,394.696131,254.257017,441.271664,197.411273
547.365316,273.605048,506.781632,335.246853,388.239700,257.201307,428.823384,195.559502
546.435187,254.171468,516.240372,325.023996,376.715393,265.563436,406.910209,194.710908
541.577217,251.390520,510.420134,326.062471,376.010623,269.979721,407.167706,195.307770
532.756864,252.213584,500.636031,325.959388,375.491638,271.451309,407.612470,197.705505
519.441846,246.762556,493.299078,313.859916,380.748667,270.007530,406.891435,202.910170
498.187066,283.219921,438.972241,304.544399,409.791376,223.513586,469.006202,202.189108
480.701991,229.813980,449.633562,306.681599,379.576998,278.366069,410.645427,201.498450
483.800679,242.629550,441.350151,311.366915,386.190538,277.301676,428.641066,208.564311
483.633887,249.240048,438.651207,316.087287,382.814102,278.513519,427.796781,211.666280
480.887472,246.708844,442.883921,315.351752,379.203151,280.095446,417.206702,211.452538
480.350489,243.168159,448.453226,313.582481,371.169215,278.573290,403.066477,208.158968
478.353403,241.472406,453.765194,312.327328,367.853601,282.514125,392.441810,211.659203
477.773656,243.426452,450.891429,315.675944,367.187749,284.531901,394.069976,212.282409
463.100722,231.056484,465.652041,298.893941,346.043894,303.392320,343.492574,235.554863
462.793477,231.835326,464.697332,299.308471,355.053471,302.402236,353.149616,234.929090
465.834580,241.110311,461.248818,306.554008,356.734257,299.230478,361.320019,233.786781
457.822292,235.581270,468.623954,302.000337,372.902357,317.567438,362.100695,251.148371
463.488645,249.287362,461.777356,308.489196,351.831092,305.311088,353.542381,246.109254
445.079917,231.900726,471.021426,295.737309,388.945818,329.090678,363.004309,265.254095
433.876071,230.964761,473.921733,289.656698,401.329074,339.186860,361.283412,280.494923
460.380726,244.816911,464.576161,315.734587,382.134363,320.611780,377.938928,249.694104
460.465911,244.435002,463.509120,318.956224,375.015170,322.570036,371.971960,248.048814
461.020547,243.416728,455.885935,325.506303,373.796361,320.371691,378.930972,238.282117
468.334879,246.173526,449.843291,334.415694,371.515974,318.001812,390.007562,229.759645
475.764462,273.396858,424.450227,343.652458,343.696664,284.670580,395.010898,214.414980
467.019556,296.610535,390.168949,335.448148,346.305292,248.652169,423.155899,209.814556
461.764021,301.554774,384.771404,330.019455,348.019536,230.611267,425.012153,202.146585
454.803894,301.332240,378.509767,321.871279,349.921645,215.678102,426.215772,195.139063
443.951217,301.481182,366.769401,305.600540,361.002299,197.545999,438.184115,193.426640
364.260935,186.861381,440.936335,189.802094,436.504555,305.355161,359.829156,302.414447
363.253327,180.645586,437.475650,187.705074,426.079619,307.521111,351.857295,300.461623
355.643362,174.593628,431.594341,182.012953,419.434893,306.488169,343.483913,299.068844
356.477578,168.897747,430.779810,178.391142,414.166369,308.420048,339.864137,298.926654
347.503202,171.896926,420.300630,176.700343,411.654480,307.735715,338.857051,302.932298
371.610748,174.181404,425.417038,181.105687,408.971866,308.895625,355.165576,301.971342
372.563905,177.293183,425.725174,184.487275,408.747117,309.947869,355.585849,302.753777
371.300822,173.555366,425.940907,180.851036,408.782573,309.356419,354.142488,302.060750
366.451510,171.522134,421.069342,176.378763,409.274672,309.022070,354.656840,304.165441
362.980336,174.525003,418.560989,178.294545,409.675640,309.306084,354.094987,305.536542
362.272137,200.162391,422.472163,207.328102,410.171026,310.671482,349.970999,303.505770
351.997711,172.674775,408.690724,173.185345,407.461893,309.632937,350.768879,309.122366
409.016935,309.027236,350.585177,310.607562,347.015820,178.632383,405.447579,177.052058
410.037190,309.111521,349.440529,312.960062,341.013553,180.274269,401.610214,176.425729
409.288224,308.421591,349.344913,314.646135,335.913003,185.294778,395.856314,179.070234
406.266230,307.648023,347.192259,316.074089,329.157522,189.635063,388.231493,181.208997
404.231455,306.278750,352.653163,319.548054,319.349811,190.096656,370.928103,176.827352
435.667942,270.564714,389.835511,333.446933,285.905177,257.696110,331.737608,194.813892
403.700816,223.199890,397.927452,309.193805,269.960317,300.602490,275.733681,214.608575
423.778056,242.994193,370.788988,334.402080,276.582900,279.790897,329.571969,188.383010
414.586316,292.636623,328.061492,350.300494,255.981654,242.144465,342.506477,184.480594
411.627993,289.742191,332.832737,350.908930,256.374312,252.414859,335.169569,191.248120
401.743632,293.295994,322.506018,343.034109,258.178056,240.553461,337.415671,190.815346
386.461467,290.372052,314.621707,335.093398,255.883223,240.736698,327.722983,196.015352
300.336321,203.018738,382.727463,209.633527,373.811878,320.682457,291.420736,314.067668
352.153076,310.233369,295.146165,321.130382,275.061474,216.058821,332.068385,205.161808
375.582355,305.533360,293.388406,319.763437,276.386237,221.557680,358.580186,207.327604
379.436350,245.282200,349.799744,330.814023,252.604490,297.136061,282.241096,211.604238
354.731157,225.713925,349.168619,317.326457,249.321252,311.263915,254.883791,219.651383
342.440483,220.202475,358.519706,304.534849,249.199962,325.378287,233.120738,241.045913
333.659960,211.415663,364.289328,295.483677,254.590822,335.451268,223.961454,251.383254
343.010863,214.955089,364.908331,299.388341,248.675542,329.532909,226.778074,245.099656
336.934473,209.796114,361.564910,294.864663,247.049556,328.021021,222.419119,242.952472
320.416632,204.810081,356.683093,286.496276,252.533194,332.736014,216.266733,251.049818
304.498906,203.508229,351.117090,280.396147,259.407406,336.000969,212.789221,259.113052
282.122215,208.231516,349.002190,273.433587,280.137081,344.070864,213.257106,278.868793
344.790732,279.661375,277.178402,343.164009,210.261647,271.916608,277.873978,208.413973
337.496980,277.738706,282.991104,342.391052,208.787843,279.833171,263.293720,215.180825
341.407534,270.764742,298.580493,341.353983,211.382019,288.449991,254.209060,217.860750
338.680489,266.706539,296.913515,338.931653,209.025123,288.106781,250.792097,215.881667
338.504266,268.757323,292.291365,338.809082,205.153811,281.324742,251.366712,211.272983
332.823711,274.339129,255.965008,324.045361,203.402096,242.769491,280.260799,193.063259
338.096527,286.986420,256.423383,326.259671,208.573215,226.749863,290.246359,187.476613
332.970083,292.054347,251.629930,320.802152,214.117551,214.663172,295.457703,185.915367
322.350554,299.700975,246.361145,310.024850,231.592267,201.317780,307.581676,190.993904
315.012939,303.882525,246.810633,310.261826,236.045561,195.170435,304.247867,188.791134
329.475460,296.221434,255.794090,319.833790,216.979259,198.713729,290.660629,175.101374
316.891846,293.790331,249.721012,305.399531,229.404911,187.850572,296.575744,176.241372
333.489510,295.957748,266.900494,325.955193,210.285598,200.280147,276.874615,170.282702
330.791079,296.453887,266.030007,323.669695,211.179688,193.151226,275.940760,165.935419
315.528543,292.847817,252.499313,303.816711,230.176651,175.546698,293.205881,164.577804
314.852944,295.223659,252.892911,305.710024,230.676036,174.438766,292.636070,163.952402
312.903579,295.403054,249.846374,304.433292,230.897678,172.116533,293.954884,163.086295
311.011683,298.262148,249.309226,306.014043,232.513453,172.325385,294.215911,164.573490
308.065340,298.643733,246.319610,304.588540,233.439194,170.806124,295.184925,164.861317
305.797228,300.468590,243.941771,305.135333,233.674937,169.053329,295.530393,164.386586
329.286506,303.325439,266.071787,329.012581,208.470317,187.258363,271.685036,161.571221
331.907666,304.538627,269.255314,331.607895,207.382702,188.402518,270.035054,161.333251
333.306389,302.069607,267.621966,330.805898,205.131936,187.968343,270.816359,159.232052
331.799311,304.898865,267.557844,329.618526,210.157952,180.447662,274.399419,155.728000
329.567507,305.271112,266.706441,328.724418,209.924752,176.534466,272.785819,153.081160
331.778068,305.132124,269.017629,329.233745,212.206666,181.298424,274.967106,157.196803
329.592320,304.654944,267.886240,327.418119,211.791273,175.356706,273.497354,152.593531
325.955451,303.483243,267.186891,324.416389,212.286754,170.287525,271.055314,149.354379
319.396090,301.802241,263.049352,318.341541,217.070098,161.697610,273.416836,145.158310
308.025999,299.451469,259.666255,309.990420,223.147562,142.418282,271.507306,131.879330
301.596211,299.198938,256.213457,306.316493,229.776824,137.751980,275.159578,130.634425
290.927506,299.957602,245.338307,303.396939,231.971794,126.220734,277.560993,122.781397
240.028125,117.756008,284.332267,119.629825,276.749843,298.907049,232.445701,297.033232
236.937269,114.610212,282.530363,117.997526,269.212059,297.261281,223.618965,293.873967
278.908280,295.822263,247.971171,297.101411,240.693256,121.079931,271.630365,119.800782
282.882699,295.572426,250.465419,297.889751,237.502883,116.555594,269.920162,114.238269
284.833738,294.344052,247.374041,297.325081,232.871739,115.088714,270.331437,112.107685
276.872444,262.893252,193.615115,264.889206,189.939640,111.573881,273.196968,109.577928
284.818582,293.208606,246.802529,295.720646,234.457646,108.898900,272.473699,106.386860
277.930954,289.122959,195.684824,292.491996,188.023726,105.466549,270.269856,102.097512
278.397902,248.542021,191.019802,252.957314,183.501871,104.178386,270.879972,99.763094
284.081077,285.381885,199.816660,291.253661,186.691513,102.897906,270.955930,97.026129
243.410402,137.701221,273.399353,138.765017,267.941618,292.621372,237.952667,291.557576
273.942883,285.638333,199.578245,286.879815,196.453851,99.728810,270.818489,98.487328
270.511609,290.863020,197.743187,291.455442,196.198659,101.737771,268.967080,101.145349
242.149691,104.282157,274.242612,105.717461,265.810197,294.263367,233.717277,292.828063
201.091420,109.298768,273.512914,110.821470,269.666090,293.781033,197.244596,292.258332
244.597540,109.323958,274.490057,111.144707,263.248916,295.698509,233.356399,293.877761
283.540308,291.891493,210.869346,298.619803,196.842531,147.119323,269.513493,140.391013
204.144437,107.571706,268.740527,107.756665,268.205827,294.498087,203.609737,294.313128
206.976813,106.633918,273.448174,109.060128,266.663774,294.933749,200.192413,292.507540
275.526918,292.873409,208.283511,295.683161,200.448627,108.177508,267.692034,105.367757
204.351693,104.343448,271.015553,104.507836,270.550303,293.179138,203.886443,293.014749
273.793745,292.186590,208.588117,295.103387,200.174279,107.010228,265.379907,104.093431
246.798961,113.426894,271.181622,114.144884,265.928963,292.523293,241.546303,291.805303
280.445592,287.165949,208.605306,290.245251,201.141913,116.123880,272.982198,113.044578
284.930429,288.905158,212.169925,292.042812,204.724644,119.390769,277.485148,116.253115
283.074170,287.953181,210.678702,290.420501,205.138053,127.848223,277.533521,125.380903
285.414391,290.286709,214.357524,293.737827,206.443755,130.797080,277.500622,127.345963
243.153829,144.988331,295.610669,156.120291,266.768771,292.031195,214.311931,280.899235
238.756391,158.170448,295.691175,168.930921,272.018134,294.187447,215.083350,283.426974
245.227657,170.105919,297.972895,170.814726,296.319012,293.886947,243.573774,293.178140
242.998648,180.427232,302.496536,182.171073,299.223011,293.860090,239.725123,292.116249
241.465423,191.204440,300.902455,194.552430,295.099273,297.576618,235.662242,294.228628
242.549952,197.424108,295.951168,203.398488,285.050545,300.832285,231.649329,294.857905
247.606230,198.729461,299.594687,208.256437,281.832529,305.184069,229.844072,295.657093
249.122007,199.492427,300.246527,208.690201,282.906462,305.072491,231.781943,295.874718
243.085050,198.441054,293.782502,203.915683,283.281986,301.155058,232.584534,295.680429
240.860562,192.562087,294.120125,197.460793,284.633742,300.598359,231.374179,295.699653
296.408224,294.056942,233.923024,295.151803,232.072554,189.543014,294.557754,188.448152
301.119607,290.590191,233.752297,294.650912,227.180340,185.622240,294.547649,181.561519
230.209323,176.865903,296.573663,178.055445,294.491966,294.193040,228.127626,293.003498
236.855933,167.677479,296.621016,173.647293,284.488815,295.105366,224.723731,289.135553
242.834712,162.539539,293.214184,172.030222,269.952707,295.509321,219.573235,286.018639
228.949583,151.900736,282.334565,156.968709,269.372250,293.511066,215.987269,288.443093
287.284331,289.137181,217.056750,299.421116,195.296540,150.823626,265.524121,140.539691
280.108104,289.764019,215.756991,297.741878,196.211235,140.081653,260.562348,132.103793
275.927933,289.182526,212.790143,295.341740,196.732190,130.732503,259.869980,124.573288
274.708899,288.067814,213.966334,294.411474,196.521268,127.369422,257.263833,121.025762
275.476519,286.793974,217.698057,295.717822,192.175853,130.471421,249.954314,121.547573
275.784950,285.577828,220.043519,294.040734,193.131478,116.782984,248.872909,108.320078
276.303880,284.335636,220.747726,293.143375,192.306068,113.743295,247.862222,104.935556
274.278773,285.823261,217.174965,292.971523,194.417234,111.171644,251.521042,104.023382
279.229188,284.150968,222.264656,292.850546,194.715992,112.462859,251.680525,103.763281
279.323603,284.236558,221.710027,292.499709,195.928996,112.745353,253.542571,104.482202
278.464626,285.036254,223.877307,292.372771,199.682412,112.350762,254.269731,105.014245
276.866976,285.220568,221.520627,290.884595,203.141437,111.291339,258.487787,105.627312
276.853216,286.068884,224.133416,292.135544,203.559525,113.346657,256.279325,107.279997
276.028564,285.220870,222.896767,289.542844,208.333593,110.511788,261.465390,106.189814
295.200406,281.215002,247.190459,294.726502,207.299363,152.982849,255.309310,139.471349
291.831421,284.422065,236.891839,290.295106,217.594706,109.779337,272.534288,103.906296
300.730810,281.782767,250.898179,290.645323,226.165464,151.577515,275.998095,142.714959
310.478548,281.117367,256.306946,289.000557,227.026526,87.791752,281.198128,79.908562
323.244038,277.307669,273.639684,291.382451,232.374984,145.951503,281.979338,131.876722
328.594378,273.838143,279.619590,284.660320,236.090386,87.672839,285.065174,76.850661
332.118201,270.851026,286.021244,280.961529,251.004381,121.308653,297.101339,111.198150
331.907792,272.629033,291.174192,280.888285,262.049459,137.248749,302.783059,128.989496
326.900266,276.441191,291.967083,281.708937,264.079018,96.768556,299.012201,91.500811
321.721243,279.682593,291.261989,282.575816,274.555958,106.698189,305.015212,103.804965
324.048160,280.912421,292.275617,283.466074,276.953697,92.830817,308.726240,90.277164
326.832316,281.362474,295.976023,284.233622,278.411353,95.465715,309.267646,92.594567
309.400804,84.273451,328.852880,281.786644,294.581185,285.161890,275.129108,87.648697
325.331350,283.425972,290.182061,284.611332,283.550448,87.965309,318.699738,86.779948
288.728021,95.796655,326.629062,95.804161,326.591733,284.311970,288.690692,284.304464
290.191660,96.957077,332.061332,97.625024,329.055568,286.038550,287.185896,285.370603
288.919319,95.490060,333.961808,96.644925,329.088840,286.702257,284.046351,285.547391
291.929630,94.681196,343.749927,97.799971,332.383724,286.656163,280.563428,283.537388
293.146599,101.522568,345.085432,104.442281,334.800078,287.408625,282.861245,284.488911
294.388149,112.513937,345.993006,115.245185,336.806080,288.825158,285.201224,286.093910
291.179335,126.240789,342.602333,127.755867,337.888759,287.738527,286.465761,286.223450
290.286574,114.664978,341.786679,115.695630,338.313828,289.228592,286.813723,288.197939
288.128393,128.126844,338.517888,128.464300,337.434893,290.179423,287.045398,289.841968
289.846279,115.915072,343.584889,117.021540,339.988868,291.672024,286.250258,290.565556
336.775235,291.994480,286.161509,292.289153,285.188402,125.146153,335.802128,124.851479
288.156888,141.711661,340.660380,144.701310,332.341356,290.797984,279.837864,287.808335
281.883230,144.079935,332.919728,144.591599,331.450056,291.185794,280.413558,290.674131
277.471325,147.103438,330.041249,147.664309,328.507440,291.426960,275.937515,290.866090
276.966483,146.094044,328.878794,147.625500,324.596966,292.768084,272.684655,291.236628
326.430610,292.266918,269.718580,293.139989,267.480342,147.750967,324.192373,146.877896
270.255543,124.928567,323.332483,125.752411,320.743259,292.565651,267.666319,291.741807
271.395609,137.347361,324.566158,139.420181,318.601513,292.421149,265.430964,290.348329
268.523643,124.677115,321.603395,125.293677,319.653044,293.199017,266.573291,292.582454
323.188995,291.582216,266.354221,292.592333,263.383287,125.431232,320.218061,124.421115
268.673486,125.482043,322.100421,125.608102,321.703064,294.019091,268.276129,293.893033
270.183284,142.654032,322.349866,143.934410,318.687389,293.155096,266.520808,291.874718
322.837742,293.755392,268.617734,294.137428,267.520395,138.399107,321.740404,138.017070
324.413985,293.226883,259.229630,296.153044,252.065582,136.563762,317.249937,133.637601
323.415058,291.409596,265.701840,294.660192,256.878793,138.010029,314.592011,134.759433
321.410406,291.943135,262.955428,294.237811,256.788488,137.140057,315.243466,134.845382
268.380690,142.891471,317.280371,143.256205,316.150586,294.725950,267.250905,294.361216
269.137739,149.316433,317.845441,149.877821,316.174333,294.868191,267.466631,294.306803
317.168730,294.289409,263.400230,295.190042,260.608270,128.507694,314.376769,127.607061
317.513550,293.558255,268.648153,296.014354,260.275085,129.427773,309.140482,126.971673
318.034820,292.916444,267.402602,296.372017,256.028007,129.707632,306.660225,126.252059
313.938693,294.312942,263.563983,296.722219,255.498143,128.076450,305.872853,125.667173
309.876262,294.114140,258.514975,295.301070,254.583268,125.166806,305.944556,123.979876
309.913033,295.265398,260.317758,296.982757,254.342780,124.432530,303.938055,122.715171
260.425961,154.361242,310.411480,156.240525,305.157158,295.995954,255.171640,294.116671
314.520115,292.974087,262.256348,297.427061,247.825415,128.053742,300.089182,123.600768
256.857207,127.134472,310.788873,129.063259,304.893335,293.910995,250.961668,291.982208
307.902034,294.630417,251.176570,294.983395,250.104317,122.666418,306.829782,122.313441
307.920447,293.584245,251.670478,293.643492,251.491552,123.768586,307.741521,123.709339
309.106610,289.018625,218.282300,290.471986,215.620949,124.157341,306.445259,122.703979
323.147614,286.918540,251.468666,301.441542,216.515000,128.926108,288.193948,114.403106
322.651987,288.780443,252.106654,300.248247,223.332890,123.243595,293.878223,111.775790
310.111098,290.543782,222.624909,292.710727,218.391031,121.776175,305.877220,119.609229
322.884644,286.779203,248.377976,299.736710,218.929096,130.403373,293.435764,117.445866
318.633484,284.268286,227.837254,294.110599,209.839882,128.083208,300.636112,118.240895
323.364554,283.631603,252.286625,297.787967,218.826128,129.785589,289.904057,115.629225
320.117832,284.540641,240.107758,291.740125,224.808854,121.718719,304.818928,114.519235
296.779727,284.959957,252.169763,293.257052,220.364232,122.252192,264.974195,113.955097
292.232568,283.628193,254.606792,290.959323,221.616709,121.643333,259.242484,114.312203
289.263528,284.433188,253.492333,291.259260,222.561694,129.171035,258.332888,122.344963
322.548457,279.475317,227.879410,288.562335,212.080390,123.967286,306.749438,114.880268
329.636595,270.149668,232.285956,286.900443,206.293375,135.839106,303.644014,119.088332
339.326650,228.282392,299.079287,253.704949,221.540488,130.950490,261.787851,105.527933
320.552239,265.180980,225.690208,272.658070,214.296546,128.106403,309.158578,120.629313
319.257228,272.762471,225.520161,276.523770,219.330682,122.272900,313.067749,118.511601
317.419635,276.252686,220.124046,276.752961,219.335150,123.325302,316.630739,122.825026
322.951764,270.306602,221.186926,279.417567,206.586021,116.332890,308.350859,107.221925
322.488140,268.078062,220.073111,280.158114,199.295424,104.004265,301.710452,91.924214
324.988699,263.745470,213.126900,277.744652,191.948650,108.517827,303.810449,94.518645
262.605230,278.113469,208.043037,278.296543,207.463302,105.516266,262.025495,105.333192
324.680407,264.610968,210.794102,282.014116,184.471842,109.761079,298.358147,92.357932
326.468921,267.946814,212.112009,279.992598,195.152812,118.990104,309.509724,106.944319
209.859665,115.817259,320.083504,116.900969,318.472584,280.747217,208.248745,279.663507
215.717645,121.726099,323.817930,126.069301,317.484094,283.715551,209.383808,279.372348
335.668522,252.715861,216.942384,279.658364,181.441674,123.219218,300.167812,96.276715
223.248153,105.771245,326.696249,125.775915,294.402995,292.770699,190.954899,272.766028
