1.852568
0.037404
0.037102
0.037087
0.037241
0.037068
0.037018
0.037158
0.036976
0.037070
0.047497
0.037147
0.037012
0.037301
0.037042
0.036945
0.037023
0.037215
0.037018
0.037051
0.047382
0.037148
0.037044
0.037038
0.037124
0.037134
0.037048
0.037319
0.037095
0.037024
0.047569
0.037113
0.037055
0.037106
0.037045
0.037079
0.037182
0.037010
0.037042
0.037002
0.047425
0.037043
0.037052
0.036996
0.037045
0.037183
0.037084
0.037013
0.037032
0.037065
0.047393
0.037064
0.036951
0.037005
0.036897
0.037168
0.036983
0.037009
0.037001
0.037082
0.047327
0.037043
0.036801
0.037321
0.036853
0.036897
0.036958
0.037454
0.037402
0.037654
0.047981
0.037755
0.037806
0.037873
0.038135
0.038236
0.038121
0.038190
0.037960
0.037982
0.048321
0.038824
0.038062
0.038033
0.038363
0.038235
0.038045
0.038428
0.038595
0.038645
0.049150
0.038792
0.038889
0.038999
0.038837
0.038851
0.038516
0.038342
0.038148
0.038323
0.048763
0.038500
0.038510
0.038511
0.038703
0.038496
0.038207
0.038469
0.038486
0.038211
0.048260
0.037667
0.037356
0.037329
0.037364
0.037487
0.037306
0.037428
0.037667
0.038266
0.048318
0.038047
0.038139
0.038239
0.038814
0.038115
0.038163
0.038064
0.037976
0.038068
0.048675
0.038388
0.038604
0.038925
0.038162
0.037143
0.037060
0.036494
0.036444
0.036381
0.049483
0.039015
0.039084
0.039239
0.038884
0.039022
0.038861
0.036415
0.038775
0.038673
0.049174
0.038899
0.038827
0.038696
0.038531
0.038387
0.038210
0.038351
0.038371
0.037892
0.048280
0.038036
0.038014
0.038131
0.038232
0.038625
0.038689
0.038827
0.038847
0.038903
0.049156
0.038852
0.038706
0.038548
0.038455
0.038189
0.038030
0.038042
0.037971
0.038161
0.048636
0.038321
0.038160
0.038070
0.038114
0.038001
0.038083
0.040431
0.039090
0.038263
0.048746
0.038225
0.038436
0.038337
0.038158
0.038220
0.038122
0.038073
0.038082
0.038126
0.048429
0.038178
0.038326
0.038202
0.038077
0.038477
0.038032
0.038225
0.038066
0.037981
0.048475
0.038152
0.038121
0.038164
0.038073
0.037842
0.037600
0.038045
0.037982
0.038264
0.048409
0.038357
0.038112
0.038129
0.038334
0.038298
0.038121
0.038185
0.038195
0.038332
0.048752
0.038670
0.038815
0.039112
0.038960
0.038689
0.038181
0.038171
0.038007
0.037853
0.048207
0.037830
0.037668
0.037524
0.037405
0.037628
0.037696
0.037853
0.037615
0.037686
0.047870
0.040507
0.038998
0.038160
0.038375
0.037708
0.037959
0.038275
0.038372
0.038492
0.048877
0.038193
0.038081
0.038266
0.038483
0.038397
0.038092
0.037884
0.037687
0.037806
0.048250
0.038153
0.037851
0.038027
0.038082
0.038190
0.038536
0.038310
0.038282
0.038642
0.049001
0.038879
0.036527
0.036506
0.038704
0.038634
0.038321
0.037948
0.038193
0.038282
0.048722
0.038546
0.038440
0.038447
0.038272
0.038044
0.037817
0.038008
0.037685
0.037766
0.048281
0.038254
0.037977
0.038071
0.038197
0.038251
0.038098
0.038155
0.037982
0.038177
0.048746
0.038159
0.038017
0.037967
0.037918
0.038902
0.038153
0.038206
0.038615
0.038617
0.049181
0.038907
0.038707
0.038734
0.038659
0.038512
0.038226
0.038003
0.037947
0.038129
0.048733
0.038062
0.048142
0.048334
0.038384
0.038633
0.049815
0.039135
0.036379
0.039102
0.046874
0.036510
0.036433
0.036357
0.038887
0.038718
0.038998
0.036428
0.036459
0.036491
0.046879
0.039131
0.038965
0.036422
0.038985
0.039037
0.038703
0.038323
0.037950
0.037954
0.048120
0.037575
0.037312
0.037362
0.037313
0.037335
0.037211
0.037674
0.037849
0.038075
0.048459
0.038105
0.038162
0.038552
0.038672
0.038742
0.038513
0.038818
0.038776
0.039568
0.049223
0.038744
0.038562
0.038861
0.038827
0.038790
0.038593
0.038722
0.038523
0.038724
0.048872
0.038606
0.038270
0.037990
0.037803
0.037657
0.037508
0.037578
0.037730
0.038122
0.049097
0.039003
0.038638
0.038883
0.038783
0.038713
0.038629
0.038884
0.038676
0.038866
0.049078
0.038448
0.038273
0.038137
0.038048
0.038391
0.038296
0.038463
0.038570
0.038885
0.049291
0.038808
0.038657
0.038795
0.038995
0.038876
0.038577
0.038419
0.038509
0.038295
0.048791
0.038316
0.038075
0.037991
0.038169
0.038350
0.038597
0.038826
0.038968
0.039373
0.047130
0.036665
0.036565
0.037261
0.036496
0.036334
0.036366
0.038850
0.038495
0.038354
0.049065
0.038923
0.038860
0.039051
0.036670
0.036631
0.036747
0.036839
0.047218
0.036867
0.047278
0.036860
0.036837
0.036845
0.036802
