1.875694
0.037784
0.037973
0.037843
0.037924
0.037938
0.037837
0.038144
0.038166
0.038213
0.048918
0.039461
0.039393
0.038016
0.037842
0.037841
0.037912
0.038353
0.037658
0.037739
0.048076
0.038054
0.037858
0.037952
0.038282
0.038060
0.038037
0.038168
0.037977
0.038110
0.048429
0.038331
0.038543
0.038286
0.038081
0.038258
0.038221
0.038538
0.038151
0.038125
0.048440
0.038218
0.037563
0.037967
0.037886
0.038217
0.037860
0.038228
0.037955
0.048412
0.048349
0.048648
0.040338
0.038610
0.049305
0.049532
0.049642
0.049937
0.039185
0.039208
0.049707
0.049783
0.039510
0.039659
0.039714
0.039413
0.038767
0.038757
0.038426
0.038226
0.048442
0.038041
0.037878
0.037823
0.037714
0.048237
0.037957
0.038003
0.048332
0.037898
0.048522
0.048552
0.048556
0.038167
0.038026
0.048526
0.037899
0.048587
0.048527
0.048586
0.048348
0.048613
0.038049
0.037984
0.037896
0.037947
0.038013
0.048693
0.037926
0.040240
0.048627
0.037972
0.037792
0.038115
0.037961
0.038191
0.037983
0.037862
0.037957
0.037818
0.048169
0.037835
0.037937
0.037738
0.048236
0.037957
0.037978
0.037892
0.037780
0.037932
0.048714
0.038043
0.037944
0.048571
0.048857
0.049134
0.049111
0.049102
0.049096
0.038387
0.048666
0.038335
0.038202
0.038230
0.038348
0.038547
0.038816
0.038696
0.038560
0.038432
0.049074
0.049407
0.039007
0.039609
0.039431
0.039285
0.040097
0.039154
0.039312
0.039174
0.049289
0.041744
0.039918
0.039474
0.039839
0.036949
0.039754
0.039862
0.036910
0.037134
0.047548
0.047682
0.037311
0.048044
0.047833
0.047810
0.047989
0.037654
0.037527
0.037347
0.047738
0.037150
0.037098
0.047832
0.047523
0.047766
0.047573
0.047583
0.037057
0.037136
0.047660
0.047826
0.047678
0.047881
0.047979
0.037502
0.037355
0.037670
0.037762
0.047297
0.048187
0.047947
0.047944
0.047952
0.037734
0.037560
0.037587
0.037554
0.048180
0.048319
0.048697
0.047474
0.047906
0.047818
0.047636
0.047399
0.036712
0.037886
0.048241
0.047992
0.048001
0.048034
0.048532
0.048230
0.047249
0.048243
0.048330
0.048436
0.047337
0.047430
0.047290
0.037111
0.047400
0.047657
0.037389
0.037603
0.037548
0.037418
0.037673
0.048349
0.048162
0.047765
0.037410
0.037551
0.037317
0.037424
0.037325
0.037552
0.037129
0.037091
