1.805984
0.035305
0.034821
0.034727
0.034641
0.034745
0.034687
0.034776
0.034878
0.034878
0.045246
0.034619
0.034564
0.034702
0.034822
0.034798
0.034610
0.034710
0.034761
0.034739
0.044375
0.033972
0.034115
0.033587
0.034166
0.034680
0.034692
0.034504
0.033598
0.034370
0.044724
0.034482
0.034468
0.034590
0.034493
0.034482
0.033262
0.033151
0.033246
0.033041
0.043676
0.043962
0.043628
0.034391
0.034456
0.034705
0.034566
0.034637
0.034670
0.034431
0.044715
0.034467
0.034408
0.034457
0.034487
0.034400
0.034507
0.034580
0.034667
0.035120
0.045238
0.035109
0.035105
0.035224
0.035157
0.035014
0.034918
0.035685
0.034715
0.034613
0.045021
0.034834
0.035089
0.035121
0.034957
0.034813
0.034729
0.034337
0.034822
0.034707
0.045225
0.034905
0.035103
0.035053
0.034817
0.034880
0.034809
0.034866
0.034797
0.034842
0.045138
0.034869
0.034816
0.034762
0.034738
0.034817
0.034903
0.035175
0.035068
0.035077
0.045376
0.035037
0.035049
0.034941
0.034841
0.034565
0.034643
0.034614
0.034564
0.034490
0.044965
0.034660
0.034472
0.034576
0.034405
0.034412
0.034326
0.034414
0.034353
0.034453
0.044932
0.034638
0.034701
0.034657
0.034771
0.034800
0.034734
0.034770
0.034920
0.034971
0.045165
0.034806
0.034758
0.034808
0.034782
0.034719
0.034707
0.034652
0.034751
0.034671
0.044965
0.034833
0.034680
0.034705
0.034630
0.034548
0.035595
0.034735
0.034572
0.034554
0.044794
0.034796
0.034453
0.034476
0.034807
0.034734
0.034555
0.034565
0.034305
0.034535
0.044699
0.034406
0.034472
0.034322
0.034524
0.034610
0.034381
0.034274
0.034342
0.034239
0.044582
0.034288
0.034289
0.034290
0.034257
0.034225
0.034220
0.034204
0.034202
0.034429
0.044897
0.034273
0.034125
0.034312
0.034092
0.034022
0.034032
0.034040
0.034168
0.034156
0.044495
0.034295
0.034254
0.034280
0.034187
0.034412
0.034221
0.034307
0.034309
0.034395
0.044702
0.034595
0.034538
0.034366
0.034299
0.034387
0.034341
0.034403
0.034395
0.034352
0.044917
0.034487
0.034310
0.034310
0.034441
0.034271
0.034288
0.034357
0.034520
0.034426
0.044824
0.034570
0.034513
0.034739
0.034636
0.034643
0.034106
0.035051
0.034522
0.034522
0.044974
0.034705
0.034510
0.034662
0.034660
0.034752
0.034650
0.034589
0.034569
0.034636
0.044964
0.034460
0.034546
0.034448
0.034700
0.034577
0.034607
0.034610
0.034466
0.034559
0.044791
0.034559
0.034804
0.034714
0.034717
0.034724
0.034389
0.034770
0.034768
0.034943
0.045169
0.034698
0.034730
0.034713
0.034669
0.034725
0.034618
