1.804879
0.036390
0.036087
0.035980
0.036105
0.036108
0.036179
0.036459
0.036459
0.036589
0.047201
0.036886
0.036708
0.036696
0.037115
0.036948
0.037249
0.037544
0.048169
0.037784
0.047919
0.037303
0.037034
0.036971
0.036858
0.036707
0.036581
0.036656
0.036586
0.036333
0.046979
0.036394
0.036353
0.036321
0.036308
0.036339
0.036257
0.036182
0.036139
0.035991
0.046476
0.036139
0.036179
0.036060
0.035776
0.036129
0.036222
0.036075
0.036265
0.036737
0.047609
0.036184
0.036395
0.036266
0.036407
0.036274
0.036576
0.036632
0.036431
0.036408
0.047824
0.036437
0.036326
0.036172
0.036588
0.036666
0.036618
0.036944
0.037053
0.037109
0.048549
0.037308
0.037155
0.037194
0.037167
0.036854
0.036669
0.036606
0.036418
0.036413
0.047739
0.036348
0.036489
0.036355
0.036398
0.036250
0.036229
0.036202
0.036386
0.036387
0.047863
0.036359
0.036275
0.036197
0.036259
0.036290
0.036223
0.036199
0.036297
0.036049
0.047366
0.036041
0.035933
0.035979
0.036053
0.035924
0.035920
0.035781
0.035903
0.036104
0.047768
0.036171
0.036355
0.036369
0.036389
0.036368
0.036255
0.036189
0.036231
0.036359
0.047780
0.036408
0.036543
0.036533
0.036830
0.036797
0.036891
0.036994
0.037040
0.036860
0.048138
0.038060
0.037221
0.037080
0.036942
0.036868
0.036882
0.036809
0.036919
0.036913
0.048592
0.037080
0.037071
0.037199
0.037156
0.037232
0.037108
0.037097
0.037165
0.036939
0.048685
0.037267
0.037166
0.037375
0.037236
0.037284
0.037153
0.048755
0.037092
0.037124
0.048260
0.036591
0.036590
0.048026
0.048084
0.048004
0.036808
0.036775
0.037175
0.047963
0.048256
0.036989
0.036955
0.036946
0.037054
0.047881
0.037007
0.048186
0.037199
0.036929
0.047821
0.037099
0.037108
0.048009
0.037158
0.037288
0.037249
0.037641
0.037688
0.038038
0.049046
0.038018
0.037658
0.037741
0.037764
0.037926
0.038386
0.037734
0.037552
0.037510
0.048537
0.037998
0.038157
0.037705
0.037641
0.037345
0.036929
0.037181
0.036953
0.036747
0.048498
0.036733
0.036637
0.036514
0.036563
0.036614
0.036798
0.036741
0.036426
0.036435
0.047443
0.036489
0.036548
0.036578
0.036366
0.036300
0.036464
0.036392
0.036244
0.036036
0.046982
0.036084
0.035965
0.035804
0.035831
0.035773
0.035745
0.035769
0.035838
0.035825
0.046777
0.035999
0.035825
0.036014
0.035852
0.035936
0.035931
0.035683
0.036157
0.036265
0.047043
0.036195
0.036156
0.036684
0.036331
0.036700
0.036824
0.036711
0.036641
0.036628
0.047680
0.037011
0.036619
0.036498
0.036377
0.036394
0.036254
0.047313
0.036331
0.047098
0.047001
0.047099
0.047064
0.047002
0.046911
0.047038
0.046818
0.036010
0.036036
0.036056
0.046747
0.036069
0.035881
0.035687
0.035686
0.035831
0.035895
0.035498
0.035539
0.035534
0.046335
0.036217
0.046411
0.046211
0.046395
0.046074
0.045810
0.045848
0.045917
0.045829
0.045766
0.045864
0.045844
0.045743
0.035308
0.045808
0.045726
0.045602
0.045689
0.045721
0.045881
0.045656
0.046042
0.045666
0.045951
0.045781
0.045906
0.035332
0.045871
0.035275
0.045866
0.035306
0.035482
0.035375
0.035417
0.035215
0.035369
0.035123
0.035289
0.035551
0.045691
0.035275
0.035108
0.035324
0.035525
0.045800
0.045807
0.035523
0.035399
0.045730
0.045820
0.046118
0.035356
0.035410
0.035492
0.035359
0.045876
0.035441
0.035556
0.035508
0.046455
0.035397
0.035290
0.035284
0.045874
0.035449
0.045768
0.035418
0.035702
0.035319
0.045877
0.045615
0.035329
0.035363
0.035361
0.045820
0.045732
0.035362
0.045698
0.045487
0.044797
0.046290
0.045636
0.045424
0.045546
0.045629
0.045926
0.045656
0.045840
0.045835
0.045819
0.046012
0.035370
0.045707
0.035242
0.035242
0.045568
0.035139
0.035254
0.045808
0.045955
0.035270
0.035275
0.035257
0.035272
0.035288
0.035393
0.035231
0.035369
0.035439
0.045649
0.045719
