1.821349
0.035350
0.034770
0.034544
0.034771
0.034724
0.034786
0.034676
0.034919
0.034547
0.045034
0.044859
0.034510
0.035264
0.034482
0.034511
0.034462
0.034450
0.034727
0.034606
0.044769
0.034480
0.034516
0.034550
0.034974
0.034720
0.035116
0.034559
0.034514
0.034733
0.044870
0.034632
0.034794
0.034769
0.034714
0.034700
0.034695
0.034810
0.035084
0.034869
0.045127
0.034753
0.034808
0.034775
0.034871
0.034602
0.034863
0.034892
0.034827
0.034823
0.045112
0.045244
0.034741
0.035332
0.034593
0.034804
0.044946
0.034708
0.045025
0.034885
0.044989
0.034590
0.034574
0.034523
0.034637
0.034608
0.034506
0.034612
0.044901
0.034606
0.044986
0.034726
0.034884
0.034636
0.044823
0.034580
0.034593
0.034506
0.034568
0.034539
0.044981
0.034673
0.034991
0.044945
0.044901
0.034624
0.044854
0.046423
0.044926
0.034632
0.044736
0.034574
0.034446
0.034444
0.034605
0.034503
0.034660
0.034540
0.034643
0.034813
0.045120
0.034557
0.034688
0.034539
0.034651
0.034465
0.034537
0.034496
0.034477
0.034347
0.044776
0.034437
0.034381
0.034373
0.034435
0.034488
0.034448
0.034380
0.034541
0.034989
0.044777
0.034662
0.034457
0.034567
0.034506
0.034700
0.034510
0.034637
0.034471
0.034650
0.044835
0.034423
0.035507
0.035127
0.034765
0.034544
0.034819
0.034608
0.034633
0.034578
0.045001
0.034758
0.034662
0.034690
0.034629
0.034537
0.034698
0.034613
0.034630
0.034879
0.044945
0.034577
0.035002
0.034564
0.034601
0.034568
0.034618
0.034905
0.034802
0.034823
0.045000
0.034738
0.034904
0.034955
0.034741
0.034664
0.034965
0.034826
0.034688
0.034773
0.045075
0.034632
0.034779
0.034630
0.034846
0.034683
0.034704
0.034612
0.034597
0.034709
0.045004
0.034651
0.034603
0.034566
0.034604
0.034684
0.034559
0.034678
0.034638
0.034612
0.045032
0.034617
0.034660
0.034805
0.034905
0.034801
0.034765
0.034781
0.034748
0.034654
0.045041
0.034820
0.034631
0.034603
0.034697
0.034691
0.034559
0.034768
0.034609
0.034647
0.044870
0.034689
0.035763
0.036509
0.034604
0.034808
0.034487
0.034564
0.034589
0.034835
0.045084
0.034940
0.034628
0.034610
0.034743
0.034768
0.034619
0.034626
0.034712
0.034740
0.045008
0.034658
0.034632
0.034645
0.034747
0.034642
0.034656
0.034687
0.034583
0.034559
0.044954
0.034498
0.034639
0.034681
0.044969
0.034871
0.034532
0.034822
0.034751
0.034615
0.044944
0.034685
0.034732
0.034639
0.034743
0.034797
0.034989
0.034690
0.034916
0.035081
0.045284
0.034773
0.034631
0.034655
0.034632
0.034708
0.034574
0.034587
0.034606
0.034695
0.045052
0.035171
0.034735
0.034576
0.034587
0.034574
0.034521
0.034677
0.044944
0.034605
0.044989
0.034604
0.034636
0.034513
0.034514
0.034579
0.034528
0.034688
0.034520
0.034566
0.044994
0.034640
0.034782
0.045041
0.034530
0.034679
0.034841
0.034589
0.034433
0.034504
0.044901
0.034773
0.034679
0.034596
0.034554
0.034564
0.034477
0.034454
0.037195
0.035275
0.045113
0.034650
0.034655
0.034723
0.034603
0.034530
0.034558
0.034626
0.034652
0.034529
0.044988
0.034725
0.034764
0.034640
0.034703
0.034804
0.034866
0.034678
0.034750
0.034788
0.045125
0.034827
0.034731
0.034696
0.034748
0.034766
0.034565
0.034687
0.034539
0.034541
0.044870
0.034519
0.034535
0.034572
0.034707
0.034470
0.034739
0.034572
0.034508
0.034567
0.044919
0.034724
0.034763
0.034584
0.034506
0.034536
0.034871
0.034669
0.034698
0.034657
0.045471
0.034767
0.034752
0.034711
0.034755
0.034769
0.034638
0.034623
0.034682
0.034792
0.045082
0.034826
0.034796
0.034772
0.034649
0.035114
0.034914
