704.960000,242.610000,737.340000,242.960000,736.590000,313.940000,704.200000,313.600000
697.897915,241.827491,736.887466,241.878098,736.792244,315.240015,697.802694,315.189408
735.570900,314.274894,694.271126,315.062943,692.838309,239.972445,734.138083,239.184396
692.963829,235.320952,731.339057,237.316596,727.377116,313.502710,689.001888,311.507066
728.086801,315.700770,689.073269,316.104849,688.240621,235.713328,727.254154,235.309249
723.540619,313.182855,684.331209,313.528915,683.628102,233.865351,722.837513,233.519291
681.191836,232.461031,721.124332,233.570878,718.733892,319.579333,678.801396,318.469486
678.052201,230.266251,717.426601,231.565612,714.359258,324.515014,674.984858,323.215654
671.004173,226.041385,715.638015,228.230643,710.330724,336.433895,665.696882,334.244638
669.704761,229.383147,713.611696,233.264149,704.472561,336.657899,660.565626,332.776896
665.881898,233.238047,712.686546,238.377155,702.163611,334.215244,655.358963,329.076136
656.627839,231.382239,708.269989,231.998994,707.054890,333.741738,655.412740,333.124984
654.816394,236.352715,707.193662,241.637731,697.518017,337.528421,645.140750,332.243406
708.053563,348.301557,654.825448,353.477379,643.027621,232.148589,696.255735,226.972768
702.018403,339.622551,647.691132,343.757134,639.296676,233.456311,693.623947,229.321729
696.813648,343.369145,629.578104,350.760741,616.690192,233.529535,683.925737,226.137939
693.299575,342.436720,640.678255,347.502375,629.324202,229.558037,681.945522,224.492382
694.246578,340.702208,638.040899,350.355610,617.942833,233.337231,674.148511,223.683829
701.090010,335.832357,638.860510,356.602434,603.210379,249.790606,665.439878,229.020530
683.151538,339.309604,630.295614,345.513366,616.814364,230.653377,669.670288,224.449616
679.073008,333.397387,628.046731,340.230525,614.767237,241.066250,665.793514,234.233113
615.673746,236.376137,669.293376,236.507840,669.048135,336.351289,615.428506,336.219586
665.720225,329.472149,613.942072,329.698075,613.528512,234.917728,665.306665,234.691801
612.911660,230.777469,662.022522,233.119354,657.338752,331.341076,608.227891,328.999192
608.066350,235.376082,658.899910,236.996332,655.685544,337.843556,604.851984,336.223306
614.660269,234.914477,659.623504,243.975735,644.203468,320.492117,599.240233,311.430859
605.250177,236.303583,652.675369,238.336666,648.281287,340.836274,600.856095,338.803191
649.027363,338.106650,602.937982,338.741322,601.571822,239.531978,647.661203,238.897306
605.319640,234.529524,646.487297,237.134628,640.613971,329.948981,599.446314,327.343877
600.012230,239.115628,642.823521,239.437351,642.163990,327.200498,599.352699,326.878775
638.883945,322.346503,596.743341,322.388869,596.659977,239.467036,638.800580,239.424670
638.520902,333.452620,599.776258,336.819111,591.625806,243.016288,630.370451,239.649797
636.683633,333.468301,595.396258,336.603613,588.132784,240.954527,629.420159,237.819215
593.455771,236.105713,630.699468,237.383936,627.491851,330.844534,590.248155,329.566311
630.385776,326.554016,592.395708,330.026479,584.354214,242.049479,622.344282,238.577015
625.995178,325.575337,589.469168,327.966066,583.791186,241.216792,620.317196,238.826062
624.332618,323.839586,586.425791,325.660149,582.352667,240.851653,620.259495,239.031091
617.765814,323.878589,582.411603,325.164932,579.277604,239.029219,614.631814,237.742876
579.691196,236.963714,610.188394,237.073717,609.871853,324.830959,579.374656,324.720955
609.894996,324.669617,577.202556,325.769509,574.338686,240.645796,607.031127,239.545904
605.740425,325.491977,571.778227,326.719521,568.730530,242.399582,602.692728,241.172037
604.887822,321.010500,571.875158,324.412578,562.865951,236.990151,595.878615,233.588073
603.484749,321.552917,568.617344,326.229933,557.047883,239.978984,591.915288,235.301967
594.109237,320.721685,561.284385,321.979920,558.126927,239.608122,590.951779,238.349886
592.892735,319.573250,559.106928,321.552810,554.105934,236.199192,587.891741,234.219632
591.243520,321.064596,558.355266,322.957952,553.501389,238.644429,586.389643,236.751073
589.966736,319.696135,557.759068,323.927062,546.554946,238.636386,578.762614,234.405459
586.164891,316.085002,553.068772,320.568585,542.685738,243.924940,575.781857,239.441357
582.651596,309.505072,549.481477,314.518657,538.486774,241.777168,571.656892,236.763583
579.859010,317.901215,541.343491,322.940233,530.654665,241.240647,569.170184,236.201629
575.742648,332.287658,539.805936,333.185119,537.438495,238.386551,573.375207,237.489090
576.786062,330.114353,541.124509,333.341708,532.733384,240.621673,568.394936,237.394317
573.332103,332.883793,537.351423,334.584122,532.827335,238.849813,568.808015,237.149484
533.747480,234.561758,571.826662,235.941394,568.436030,329.525825,530.356848,328.146189
535.540204,234.804224,571.389837,236.406398,567.157679,331.103542,531.308046,329.501367
569.253609,335.383685,533.255833,335.783787,532.159257,237.123214,568.157034,236.723113
533.270961,233.537880,572.668890,236.188303,567.053589,319.658490,527.655660,317.008068
570.484891,332.781292,528.074930,333.371092,526.740627,237.427245,569.150588,236.837444
531.312009,235.562732,569.088073,236.188684,567.475042,333.534696,529.698978,332.908744
535.418602,234.052764,572.327581,239.196115,560.802666,321.899569,523.893687,316.756218
530.379367,231.585749,569.673502,234.107971,563.367949,332.343308,524.073814,329.821086
533.701616,230.226558,569.940443,234.026408,560.835143,320.862842,524.596316,317.062992
535.271245,231.616278,571.814513,235.508842,562.847713,319.688870,526.304445,315.796306
529.753740,227.127596,575.580232,235.775987,559.569021,320.616926,513.742529,311.968534
532.657983,225.678398,578.781146,239.969511,551.765070,327.161244,505.641907,312.870131
529.335837,229.125637,570.266696,231.880117,563.637269,330.391678,522.706409,327.637197
530.915291,229.130819,573.305321,236.470947,556.261295,334.902033,513.871265,327.561905
530.787048,229.865679,571.236507,233.094532,562.402852,343.758147,521.953393,340.529293
529.343072,224.922110,579.493098,236.636413,555.515385,339.287248,505.365359,327.572945
526.972868,226.210344,577.962200,233.218925,562.681198,344.392387,511.691865,337.383807
525.930800,226.991183,574.706023,229.527939,568.710055,344.814830,519.934832,342.278074
501.664447,230.700541,575.044754,234.893460,568.206302,354.573246,494.825995,350.380327
539.152700,219.217603,596.774565,245.732617,551.814324,343.439257,494.192459,316.924243
533.246300,223.834142,586.221539,231.901153,570.087517,337.851632,517.112278,329.784621
523.819579,225.968899,578.256143,228.312280,574.491368,315.767743,520.054804,313.424362
578.586725,325.605445,524.297958,327.805663,520.413199,231.952060,574.701965,229.751842
530.444121,227.780089,577.259749,228.606262,575.778333,312.551525,528.962706,311.725351
576.516479,303.161732,528.295635,304.304138,526.572960,231.590166,574.793804,230.447760
539.821007,223.755301,587.366550,234.986996,567.920630,317.304652,520.375087,306.072957
536.372705,226.502609,581.496336,231.172013,573.450594,308.923500,528.326963,304.254096
540.190577,227.662768,581.581451,231.435954,574.475284,309.388768,533.084410,305.615582
542.849098,225.663706,583.140346,232.390718,568.384321,320.771521,528.093072,314.044509
545.590404,225.997657,587.580960,232.507586,575.594425,309.823531,533.603868,303.313602
543.563444,229.591168,588.090601,233.373357,580.812752,319.054401,536.285595,315.272212
542.165787,230.163735,589.438833,231.174636,587.899850,303.142558,540.626803,302.131657
553.204940,225.651243,594.535264,234.787679,576.697461,315.480217,535.367137,306.343781
555.292126,224.804337,597.383221,235.105669,579.791716,306.984309,537.700620,296.682977
556.173395,224.593459,600.359160,235.751816,582.665194,305.817815,538.479429,294.659458
564.295249,222.483428,608.383784,236.019906,586.532041,307.191399,542.443506,293.654921
560.721332,230.846576,601.046454,238.168017,585.923478,321.462532,545.598355,314.141092
558.998770,232.141173,604.270853,234.496922,600.182937,313.057302,554.910854,310.701554
566.210666,227.194195,608.576235,233.180815,597.375461,312.445427,555.009893,306.458807
570.213994,229.516661,611.636852,236.455457,600.361309,303.767600,558.938451,296.828805
573.067915,225.707125,609.783002,232.530472,594.203025,316.363254,557.487939,309.539906
577.156386,228.882649,619.371026,239.635117,603.084200,303.577881,560.869559,292.825413
580.918813,230.160141,614.307349,237.434944,600.431336,301.120483,567.042800,293.845681
581.567888,234.568292,619.726490,243.103704,605.675889,305.918634,567.517287,297.383222
584.226119,227.862370,617.544016,235.662406,600.123934,310.072377,566.806037,302.272340
589.230273,228.989556,627.490410,243.855888,605.295604,300.976657,567.035467,286.110324
585.406688,228.084708,623.327446,234.737982,612.307961,297.544239,574.387203,290.890965
585.178623,229.917376,625.531188,235.045295,617.730973,296.426662,577.378408,291.298743
592.684945,227.824188,631.086627,238.792993,614.556175,296.665951,576.154492,285.697147
589.823536,229.469266,630.170015,236.004895,620.769452,294.037501,580.422974,287.501872
630.598421,293.295045,588.618604,297.342477,582.778006,236.764008,624.757823,232.716576
592.898393,230.005428,631.209524,234.980509,623.350339,295.500991,585.039208,290.525911
598.039877,229.590655,632.904613,238.777095,617.640989,296.706194,582.776253,287.519754
597.358177,232.759948,634.197876,239.945125,622.661113,299.096191,585.821414,291.911014
597.795540,234.752761,637.149913,242.362419,626.455258,297.671268,587.100884,290.061610
601.964381,232.775604,634.941596,241.148035,618.711959,305.073098,585.734745,296.700666
600.564250,234.244896,636.849848,241.533679,624.737604,301.831804,588.452007,294.543021
604.489285,234.391297,642.114382,244.694920,626.658948,301.132566,589.033851,290.828943
605.444975,227.495565,649.455339,237.427760,634.621542,303.157524,590.611178,293.225329
657.189857,285.087922,605.830626,302.035971,586.956662,244.840464,638.315893,227.892415
654.701561,287.094948,607.380354,306.169245,583.477121,246.867985,630.798328,227.793688
646.534822,296.981185,604.490114,308.597069,584.899146,237.685845,626.943854,226.069961
646.441155,294.097271,605.421651,309.784015,579.123287,241.016023,620.142791,225.329279
633.559406,292.391627,586.503753,301.379080,573.945942,235.630085,621.001595,226.642632
618.978222,299.714549,582.621665,301.513599,579.085601,230.054159,615.442158,228.255109
639.308165,285.429100,590.716891,305.307182,563.029563,237.626479,611.620836,217.748397
610.106654,296.312001,575.853127,301.493623,565.001050,229.755104,599.254577,224.573482
629.769868,273.362056,590.558571,306.994055,544.770428,253.609999,583.981725,219.978000
626.045416,281.216484,584.807296,310.071289,537.590343,242.590729,578.828463,213.735924
622.772818,272.817103,585.060353,311.615461,527.108375,255.285450,564.820840,216.487091
623.324234,277.250828,567.277050,310.016099,523.590022,235.286520,579.637206,202.521249
607.333517,266.367728,565.474767,309.933984,497.402493,244.529687,539.261243,200.963431
608.065044,270.975780,568.952536,313.778788,499.764112,250.555830,538.876620,207.752822
596.443005,281.117651,548.701796,314.686947,493.979246,236.862237,541.720454,203.292941
591.896431,283.774862,555.094242,320.038388,483.152085,247.027595,519.954273,210.764068
577.043653,283.350963,534.804708,319.384759,473.270072,247.253638,515.509016,211.219842
567.226589,273.697229,531.077440,311.542829,465.598546,248.999064,501.747694,211.153465
567.113329,271.318977,532.058062,314.003452,454.616228,250.403182,489.671495,207.718706
564.190438,267.968631,517.296981,317.083419,448.416485,251.318204,495.309942,202.203416
552.800972,267.914910,517.705602,319.328697,432.015957,260.836413,467.111327,209.422626
539.151150,272.330448,501.869333,322.717047,425.224929,266.006677,462.506746,215.620078
529.835733,266.229326,493.497287,320.612181,411.923005,266.104512,448.261451,211.721657
515.205033,267.220304,479.170840,322.481108,399.509161,270.535713,435.543354,215.274909
486.740578,251.781847,466.999960,309.570886,385.269748,281.652013,405.010365,223.862974
477.117918,252.186600,452.160510,313.555894,370.079079,280.175362,395.036486,218.806067
456.948675,244.831747,442.679306,300.828710,360.283775,279.832353,374.553143,223.835390
466.409760,269.465152,423.817919,323.909626,344.743803,262.050047,387.335644,207.605574
447.603740,281.596887,419.888093,325.447298,329.994751,268.630220,357.710399,224.779810
439.178064,277.708422,398.233090,331.086550,313.774027,266.300200,354.719001,212.922072
423.553558,279.532459,383.533346,333.257089,296.857610,268.691148,336.877821,214.966518
374.837119,254.420133,351.009613,316.373634,272.477006,286.169753,296.304512,224.216252
389.998382,269.668456,356.535409,336.335217,253.360660,284.547282,286.823634,217.880522
343.321180,262.419656,323.102739,320.534279,236.811330,290.512958,257.029770,232.398335
331.581788,273.369309,294.409488,329.461987,216.174964,277.616410,253.347264,221.523732
313.579420,274.652513,270.429489,337.123387,192.524636,283.312884,235.674567,220.842011
280.130515,245.410879,265.645635,316.512951,184.009922,299.882162,198.494803,228.780090
269.655877,267.828253,229.802150,333.291722,159.247078,290.338260,199.100805,224.874791
230.826976,234.420410,230.460069,314.992491,139.263098,314.577201,139.630005,234.005120
231.805555,272.809572,203.008225,329.088557,122.727908,288.010013,151.525238,231.731028
212.475841,254.006165,198.315605,324.097926,101.398602,304.518340,115.558839,234.426579
193.582366,259.696829,185.699834,322.243750,94.638874,310.767711,102.521406,248.220790
185.821079,253.996379,173.773548,327.837739,84.295194,313.238966,96.342725,239.397606
167.910088,262.314319,159.092251,325.490978,64.785064,312.328120,73.602901,249.151461
163.332934,282.805582,132.311630,340.857216,37.880972,290.395894,68.902276,232.344260
158.167175,289.242868,123.485567,345.356311,49.692546,299.747622,84.374153,243.634179
68.743911,254.675811,137.251403,254.885365,137.028586,327.728775,68.521094,327.519220
104.202167,250.681071,139.023582,301.875018,83.734119,339.482146,48.912704,288.288200
73.726212,239.070039,122.137249,243.339739,114.355376,331.572757,65.944340,327.303057
80.076174,253.611901,128.986220,265.606654,111.357568,337.489600,62.447522,325.494847
82.854817,249.235446,131.254845,261.594735,112.268112,335.948400,63.868084,323.589112
80.206802,251.720439,131.121095,262.718210,116.055656,332.463817,65.141363,321.466046
147.040456,325.426257,92.832501,351.759566,58.326786,280.728452,112.534741,254.395143
158.916768,284.731729,134.904842,347.113732,69.810578,322.057810,93.822503,259.675807
160.340172,322.673727,100.785033,363.996209,53.807895,296.291419,113.363034,254.968937
151.402769,274.464652,141.455037,345.153550,68.383367,334.870502,78.331098,264.181604
146.028534,362.540012,77.989098,367.897038,70.463753,272.317831,138.503188,266.960806
155.612318,374.869605,110.162723,386.180636,82.810593,276.275254,128.260187,264.964222
146.987854,357.749303,79.353616,369.997739,61.202318,269.768688,128.836556,257.520252
158.784760,371.081392,112.086193,384.928614,77.715410,269.016099,124.413977,255.168877
161.693364,368.814842,113.549146,382.841204,80.176079,268.291166,128.320298,254.264805
153.855349,346.754701,107.580679,358.783420,86.419043,277.374279,132.693713,265.345560
161.955358,341.318054,90.364220,368.405585,60.300037,288.947289,131.891175,261.859758
113.970471,262.054097,175.884653,299.564585,133.342270,369.784327,71.428088,332.273839
107.290241,261.046200,177.808780,290.213534,147.315657,363.937461,76.797119,334.770126
114.235736,260.689031,183.552931,289.894970,151.531961,365.893340,82.214766,336.687401
132.206688,260.987089,194.554415,299.594584,152.568765,367.397738,90.221037,328.790243
124.205707,259.790108,198.137067,285.521568,172.405607,359.452928,98.474246,333.721468
203.096833,338.770559,130.325702,364.481774,102.592256,285.987071,175.363387,260.275855
248.135178,322.869032,203.559193,383.773055,116.452277,320.019030,161.028262,259.115007
240.179727,305.265685,195.056721,368.198035,124.632424,317.703241,169.755431,254.770891
237.590122,338.356680,167.684342,364.606837,136.248968,280.892508,206.154748,254.642350
278.096380,330.146023,227.462817,384.890647,145.675668,309.245324,196.309231,254.500700
249.413821,330.960876,178.625791,354.753954,150.315041,270.525159,221.103071,246.732081
280.568151,314.960818,230.829501,372.909192,160.609707,312.637652,210.348356,254.689278
276.284699,346.645186,198.294587,369.733648,170.429201,275.607651,248.419313,252.519188
303.639515,335.075809,243.915474,386.083969,168.678438,297.991008,228.402479,246.982849
311.964661,310.898770,268.431306,377.068208,182.496971,320.531383,226.030327,254.361945
305.030925,360.316187,236.372500,389.415193,189.561056,278.964683,258.219481,249.865677
324.727696,324.401711,263.894388,383.173213,189.160255,305.817278,249.993563,247.045776
332.284686,285.901181,312.417416,366.182551,208.762988,340.531140,228.630258,260.249769
341.539328,280.671100,320.474035,363.855183,221.254466,338.729110,242.319760,255.545027
306.558846,235.504845,345.415490,324.580987,249.706018,366.331210,210.849374,277.255068
335.631889,322.693757,266.963969,369.344704,216.677884,295.326037,285.345803,248.675090
265.840230,252.416671,342.007418,273.401962,315.843939,368.363651,239.676751,347.378360
259.694342,252.935458,343.239694,267.049487,326.404889,366.699967,242.859536,352.585938
343.149700,325.956056,279.388375,346.072452,253.785689,264.921674,317.547014,244.805278
350.287298,337.866793,274.449042,341.258524,270.542112,253.900533,346.380368,250.508803
378.057492,270.694627,355.639983,348.606585,278.633978,326.449744,301.051488,248.537787
386.393330,321.698288,320.740183,364.140257,269.702372,285.190271,335.355519,242.748302
399.421648,271.875335,390.788508,342.002181,301.067396,330.956841,309.700535,260.829995
396.273480,311.788716,345.468018,359.893463,288.029515,299.230225,338.834976,251.125479
407.250129,311.207973,351.966338,362.489597,293.937131,299.931623,349.220922,248.649999
332.526471,250.350216,395.850976,251.553544,394.234565,336.616313,330.910060,335.412984
340.348273,258.912687,378.853626,260.004680,376.517268,342.388224,338.011916,341.296231
369.610103,229.020984,425.162857,252.883433,384.831958,346.775412,329.279204,322.912963
392.127312,336.638602,348.242328,337.614476,346.270665,248.948895,390.155650,247.973022
354.762399,254.400475,399.727623,256.031384,396.773523,337.477829,351.808298,335.846919
374.235650,238.804438,418.685968,247.048380,402.345296,335.155261,357.894978,326.911319
395.465610,235.678207,437.973196,258.819381,393.527448,340.460934,351.019863,317.319759
398.316462,239.257888,436.661078,250.554249,411.809082,334.912404,373.464466,323.616042
389.824802,258.447777,430.866101,259.767124,428.520596,332.729433,387.479297,331.410087
439.500078,331.469867,399.415799,336.477257,389.758690,259.171863,429.842969,254.164473
402.897353,252.428814,452.537331,258.396414,443.708552,331.836380,394.068575,325.868780
466.862457,297.680002,424.182094,328.198134,380.704208,267.393234,423.384570,236.875102
461.392081,321.732884,416.579472,327.377154,407.583917,255.957057,452.396526,250.312788
420.685794,246.947231,467.626562,250.929373,461.385892,324.493264,414.445124,320.511122
474.398948,316.554853,420.646512,319.408389,417.097884,252.562411,470.850320,249.708874
487.541893,317.176878,435.201399,327.158952,421.428664,254.942321,473.769159,244.960247
492.631562,332.940406,445.709647,340.055692,432.753456,254.615787,479.675371,247.500501
447.924559,252.851119,494.250021,253.705135,492.742149,335.498529,446.416687,334.644513
459.500836,254.882303,499.775617,256.955877,496.057484,329.172725,455.782704,327.099151
515.386245,334.476161,474.342703,341.685376,459.809840,258.946806,500.853383,251.737591
472.369034,252.356561,514.625855,256.896506,505.971586,337.448570,463.714765,332.908626
520.177898,340.680101,484.473965,345.287616,472.955179,256.027784,508.659112,251.420269
520.597068,322.877225,486.412221,328.180414,475.118392,255.379353,509.303238,250.076163
490.240217,255.219659,520.766578,260.557782,507.848322,334.431576,477.321961,329.093453
489.144645,253.335579,524.920362,256.332718,518.680419,330.816588,482.904702,327.819450
499.666933,242.286588,529.371422,249.630946,511.598074,321.515809,481.893585,314.171450
495.716052,248.474222,523.226032,252.970514,512.734684,317.160467,485.224704,312.664175
496.369919,243.972593,525.575731,249.956382,512.278424,314.858185,483.072612,308.874397
494.099867,246.317848,523.708640,249.992584,515.714479,314.404653,486.105705,310.729918
494.217290,248.556254,522.332877,252.206580,514.712022,310.904033,486.596436,307.253707
492.331321,251.231830,522.992219,254.231589,517.546503,309.892911,486.885605,306.893152
499.401006,258.020275,528.991087,270.884866,511.164440,311.888263,481.574359,299.023672
524.082385,308.173347,487.774473,308.750581,487.092921,265.880998,523.400833,265.303765
495.700615,256.658346,530.193504,260.747043,522.907235,322.215139,488.414346,318.126442
532.575546,317.042832,494.243198,322.292142,487.096547,270.104729,525.428895,264.855419
529.939578,313.503924,491.991376,317.772313,485.971854,264.255618,523.920055,259.987229
484.446514,265.137597,523.341401,267.853360,519.839496,318.007293,480.944609,315.291530
490.649769,256.697672,523.346254,278.491699,494.931256,321.121293,462.234771,299.327265
477.311003,242.299016,513.288928,257.324877,490.552428,311.765158,454.574503,296.739297
451.396174,246.116668,495.233857,251.788865,487.901505,308.457089,444.063822,302.784892
441.521109,240.661608,482.364127,255.540455,462.334909,310.521441,421.491891,295.642593
426.212954,240.722905,465.504101,253.292038,443.465075,322.186104,404.173927,309.616972
412.718985,239.690238,452.904970,255.931153,429.767228,313.182419,389.581244,296.941504
412.329367,232.058140,448.457038,262.591375,405.871210,312.979969,369.743539,282.446734
399.538493,242.210636,431.791263,276.954145,390.005152,315.744638,357.752382,281.001130
365.856807,243.930562,411.958380,257.792913,394.060154,317.316462,347.958581,303.454111
350.349285,246.294334,395.538128,258.111138,379.212281,320.543092,334.023438,308.726288
330.564830,243.850568,379.611344,249.399207,372.076155,316.005584,323.029641,310.456945
345.082440,237.081908,384.670233,265.424090,341.038189,326.368455,301.450396,298.026273
363.399905,324.866384,317.628207,338.302893,294.540120,259.652933,340.311819,246.216424
349.083091,320.807638,301.864689,329.376339,288.885628,257.854347,336.104030,249.285647
356.403696,313.221308,304.876231,339.562019,268.898674,269.183042,320.426140,242.842331
337.612207,317.533278,286.105913,343.513065,253.797716,279.460366,305.304010,253.480579
273.408149,256.376246,320.325708,257.012640,319.224645,338.187465,272.307086,337.551071
315.593796,329.287287,258.959676,331.207597,256.535285,259.707021,313.169404,257.786711
275.304545,266.713075,325.421557,282.875998,306.158895,342.604491,256.041884,326.441568
255.375429,265.249194,311.950614,280.989322,295.634628,339.634332,239.059442,323.894203
299.700410,341.660378,252.782242,342.250202,251.870697,269.740306,298.788865,269.150483
303.227103,351.602283,243.112841,355.565919,237.812630,275.180568,297.926892,271.216932
234.944573,278.432303,291.794143,290.996237,277.480801,355.761570,220.631231,343.197636
245.997819,277.016832,288.834487,304.597805,248.029760,367.972602,205.193092,340.391629
218.947983,287.087027,269.841700,294.045295,261.399002,355.796339,210.505284,348.838071
263.730307,348.865043,212.771520,362.433989,196.522287,301.409269,247.481074,287.840322
220.111977,282.157248,252.751087,311.431177,212.870663,355.896052,180.231552,326.622123
208.301312,282.551096,241.570486,314.780483,203.481211,354.098598,170.212036,321.869212
186.856992,288.549162,227.918037,303.035961,208.665843,357.603928,167.604798,343.117129
215.791179,338.144064,170.306576,353.865595,154.585045,308.380992,200.069648,292.659461
202.328792,355.137805,167.417278,359.896734,158.980996,298.008142,193.892509,293.249213
201.454992,336.424775,159.334177,352.061709,140.801514,302.140742,182.922330,286.503808
211.308463,320.240219,181.515439,354.608869,135.830282,315.005948,165.623306,280.637297
212.220553,336.019277,166.385011,352.468904,140.646183,280.749763,186.481725,264.300136
103.951100,274.567197,135.618154,278.270085,127.513720,347.579111,95.846665,343.876223
102.820847,277.184028,135.473868,277.643293,134.611738,338.939314,101.958717,338.480048
111.470683,274.438172,143.369570,278.131439,134.918874,351.120417,103.019987,347.427151
141.403941,346.883790,105.358583,347.703927,103.869719,282.267738,139.915077,281.447601
110.220196,278.581141,143.229892,280.034310,140.204443,348.759415,107.194747,347.306246
145.008596,343.864871,111.545878,344.500251,110.305375,279.168277,143.768093,278.532898
134.407198,331.458087,117.592987,335.414595,107.761663,293.633829,124.575874,289.677321
134.677202,323.186466,123.246179,328.081192,112.086202,302.018460,123.517225,297.123733
140.767951,327.057596,123.897091,328.877643,119.903100,291.855478,136.773959,290.035431
137.064933,273.978081,174.104450,282.788368,164.361310,323.749716,127.321793,314.939430
159.147361,272.552953,178.812330,293.246263,145.965806,324.460499,126.300837,303.767188
152.402398,287.533773,160.622507,290.040237,152.601825,316.344583,144.381716,313.838120
189.480992,291.003297,182.534153,301.112055,166.023182,289.765551,172.970021,279.656793
201.136563,295.378208,187.855575,310.048667,167.144339,291.299037,180.425327,276.628578
208.112495,308.553190,195.593906,314.074969,185.595010,291.406173,198.113599,285.884394
176.357135,285.983429,186.977111,288.042294,183.922021,303.800968,173.302045,301.742102
218.719901,290.319995,212.657386,309.028915,187.289359,300.808555,193.351874,282.099635
216.181861,290.550922,212.893481,303.370252,190.001819,297.498146,193.290199,284.678816
212.501667,314.179730,196.942986,314.845462,195.662732,284.924923,211.221413,284.259191
206.260292,284.273569,218.947194,291.517625,208.436211,309.926071,195.749309,302.682015
208.235354,281.637813,224.105517,283.501061,221.421177,306.364855,205.551014,304.501607
217.872207,286.199989,234.004641,292.373824,224.974255,315.970517,208.841822,309.796682
251.688053,284.434612,255.389695,296.869298,233.570339,303.364634,229.868697,290.929947
253.744274,285.107052,264.106099,298.774195,248.407353,310.676291,238.045528,297.009147
263.458852,284.525772,267.595203,298.075128,248.964838,303.762610,244.828488,290.213254
274.678784,301.753126,267.145958,310.576548,256.237000,301.263236,263.769826,292.439813
274.955420,283.685420,283.792991,295.102020,268.412294,307.008191,259.574723,295.591591
288.454304,282.488546,297.933972,291.277481,285.913810,304.242321,276.434142,295.453385
292.129611,283.833245,301.771590,287.186198,295.005809,306.642336,285.363829,303.289382
304.482520,288.927085,310.648448,294.333550,298.685205,307.977307,292.519277,302.570841
312.882576,291.488660,320.364317,295.234776,314.267698,307.410942,306.785957,303.664827
320.627749,291.426278,330.882062,292.520229,329.589210,304.638962,319.334898,303.545011
330.687579,287.994558,337.773501,289.386559,334.871030,304.161460,327.785108,302.769458
345.890340,304.713098,336.403086,306.633613,333.141260,290.520342,342.628513,288.599827
344.450746,293.282194,354.248373,295.897298,351.752138,305.249578,341.954510,302.634474
358.067682,289.268446,370.590060,292.392758,366.312727,309.536491,353.790349,306.412178
362.229134,288.924544,372.385671,289.482931,371.570250,304.314699,361.413713,303.756313
371.356043,288.180303,381.386073,291.614196,375.762451,308.040188,365.732421,304.606294
376.190496,286.992904,390.287492,289.779589,386.248364,310.212314,372.151368,307.425628
390.506960,283.539934,401.847718,290.625708,389.828810,309.861929,378.488053,302.776156
389.904844,286.843751,401.477070,293.392832,392.892464,308.561831,381.320238,302.012750
398.157117,289.055017,406.059986,298.367121,387.036689,314.511552,379.133820,305.199448
404.091940,289.524385,405.599202,301.828240,390.219384,303.712318,388.712121,291.408463
403.543674,283.552139,413.765070,288.447802,405.503639,305.696407,395.282244,300.800745
411.621468,283.840540,419.065517,291.942604,405.105039,304.769273,397.660990,296.667209
415.098858,283.417415,423.839400,285.690389,419.872838,300.943490,411.132296,298.670517
416.947879,282.567965,429.975905,284.711108,427.228286,301.413704,414.200260,299.270562
420.767486,278.637733,430.354406,279.063140,429.472654,298.934211,419.885734,298.508805
421.532857,281.713586,434.071162,287.941820,425.989287,304.211764,413.450982,297.983530
433.375734,295.421795,423.575875,297.839758,419.545935,281.506660,429.345795,279.088696
417.758464,275.739704,433.410002,276.428040,432.421435,298.906313,416.769897,298.217977
434.031037,294.239662,427.748086,296.852762,422.722894,284.770162,429.005846,282.157063
423.384774,286.160194,433.493184,286.640030,432.765157,301.976927,422.656747,301.497091
438.838032,287.983099,438.881305,303.316371,421.381375,303.365759,421.338102,288.032486
437.298787,305.815506,424.213880,305.979732,423.988342,288.009793,437.073249,287.845567
425.295062,286.441760,436.168986,289.663466,431.264299,306.217796,420.390376,302.996091
438.895828,290.450601,439.087502,302.298009,424.193618,302.538970,424.001944,290.691562
433.631701,292.441124,438.013646,301.441513,424.077560,308.226460,419.695615,299.226071
434.143102,290.801393,438.028055,299.330692,425.024370,305.253653,421.139417,296.724354
429.336380,286.702745,438.068598,294.221920,427.742265,306.214166,419.010048,298.694991
434.528963,286.988244,439.890751,296.197311,427.891058,303.183882,422.529271,293.974816
441.425624,302.544543,426.308182,306.676201,420.394240,285.037509,435.511682,280.905851
442.134564,294.545356,434.460740,300.458062,423.325145,286.005694,430.998968,280.092988
419.911607,280.646870,433.901470,281.911166,432.448256,297.991468,418.458393,296.727172
430.971370,291.533608,432.900741,303.224431,414.696460,306.228737,412.767089,294.537914
429.247066,301.713018,417.600942,305.409726,411.921941,287.518579,423.568065,283.821871
428.165057,289.755985,432.086525,300.920655,414.118383,307.231767,410.196915,296.067097
425.782492,288.507739,433.681740,300.085287,416.909138,311.529070,409.009890,299.951521
419.742616,284.807466,429.537946,297.851590,415.144430,308.660230,405.349100,295.616106
433.203321,296.423353,425.156022,311.645913,406.608995,301.841158,414.656294,286.618598
430.704436,293.533584,426.582594,311.611300,403.629988,306.377950,407.751831,288.300234
413.729240,286.061810,428.440823,297.432688,416.401070,313.009658,401.689487,301.638780
428.120939,303.564243,409.966193,311.233898,397.067228,280.700916,415.221974,273.031261
428.539792,303.749711,411.765039,309.003105,404.900605,287.084095,421.675357,281.830701
423.423390,304.500516,401.742510,309.569786,396.726601,288.117126,418.407481,283.047856
407.010600,286.093935,417.342060,291.156619,407.862993,310.500628,397.531533,305.437944
420.002090,291.326323,421.196192,309.364968,401.076165,310.696851,399.882063,292.658206
419.787653,294.945663,420.447503,308.432135,397.896354,309.535490,397.236504,296.049018
414.997641,295.257917,409.242272,312.238772,387.067274,304.722937,392.822643,287.742083
406.483256,294.490200,407.456932,308.845238,384.709719,310.388140,383.736043,296.033102
394.748582,287.404048,404.637100,302.113090,389.573623,312.239886,379.685105,297.530844
390.978956,292.439916,393.299663,305.437486,369.104186,309.757572,366.783479,296.760002
376.857595,289.915081,378.951061,304.068385,355.291808,307.567910,353.198342,293.414607
364.785950,288.635242,366.004539,302.242243,345.928636,304.040162,344.710047,290.433160
348.401517,303.112472,339.067835,304.191384,337.228780,288.281697,346.562462,287.202785
345.774845,291.182786,348.973796,302.310215,328.671117,308.146898,325.472166,297.019468
338.247156,297.488954,333.026929,308.236137,320.026304,301.921346,325.246531,291.174163
315.984474,290.310262,324.917782,299.675608,314.101467,309.992949,305.168159,300.627603
309.040976,291.335983,314.696954,303.329671,298.600161,310.920589,292.944184,298.926900
304.317798,302.017705,292.742087,307.807059,284.995768,292.318432,296.571479,286.529078
286.535473,292.904542,290.432393,303.707546,273.456245,309.831276,269.559325,299.028273
275.445731,291.711416,281.712607,304.766988,266.454891,312.090927,260.188015,299.035355
271.954444,298.338912,276.729592,306.785722,261.869464,315.186445,257.094316,306.739636
255.067697,303.489869,266.742355,303.832596,266.379759,316.184046,254.705101,315.841319
248.517324,311.118597,257.137816,311.579659,256.260895,327.975496,247.640403,327.514434
241.742298,324.548984,252.635948,326.474414,250.496583,338.578470,239.602932,336.653041
248.633287,327.055556,255.159965,336.177202,242.914468,344.939042,236.387791,335.817397
251.406052,331.760182,254.315946,337.988998,245.963671,341.890901,243.053777,335.662085
241.929497,336.881125,251.131302,340.377723,246.358168,352.938917,237.156363,349.442319
247.328037,340.711881,253.579600,344.906933,247.929122,353.327406,241.677559,349.132354
250.174044,354.663713,241.123587,359.883692,231.758330,343.646107,240.808787,338.426128
246.226961,357.010419,239.533300,362.341661,227.261384,346.933611,233.955045,341.602369
244.179156,355.934011,232.784451,362.016853,224.420543,346.349134,235.815248,340.266291
226.993752,336.831165,240.444939,338.393949,238.003090,359.411429,224.551903,357.848646
240.527021,356.308808,223.217077,357.546924,221.852623,338.470659,239.162567,337.232543
239.170055,354.335472,224.131048,361.990138,213.499568,341.102630,228.538574,333.447963
232.334400,362.379828,218.677382,363.017030,217.648756,340.970701,231.305774,340.333499
213.794110,340.748088,226.548435,340.898201,226.301476,361.881123,213.547151,361.731010
227.075431,359.705202,214.631279,362.217979,210.610836,342.307337,223.054987,339.794560
223.855547,337.906461,224.710806,351.567214,205.997445,352.738802,205.142186,339.078049
218.991214,353.048381,208.415354,354.069069,207.105472,340.496715,217.681332,339.476027
209.451173,336.167272,219.966607,339.940393,214.249756,355.872868,203.734322,352.099747
208.232816,338.038402,219.728171,341.295627,214.754301,358.849346,203.258945,355.592121
224.196412,345.827283,224.054811,358.183243,202.051048,357.931078,202.192648,345.575118
219.422923,349.425535,209.421650,359.953077,198.894108,349.951804,208.895381,339.424262
199.227045,335.989983,209.743535,336.679372,208.110772,361.586850,197.594281,360.897461
209.839428,358.311368,199.245252,359.358843,196.888434,335.521947,207.482609,334.474472
198.732984,339.494517,209.331621,339.577102,209.176964,359.425457,198.578327,359.342873
197.621969,339.964880,211.469787,340.697565,210.561258,357.868860,196.713440,357.136175
218.031165,351.824646,204.317199,359.225146,195.907539,343.641094,209.621505,336.240593
222.093502,341.785139,226.005257,353.148942,209.046968,358.986484,205.135212,347.622682
219.351429,344.776183,227.045740,352.608148,216.055725,363.405004,208.361414,355.573039
234.361328,345.925210,230.839227,361.268328,213.021412,357.178146,216.543514,341.835028
232.520862,360.515428,215.093334,362.419633,212.592863,339.535000,230.020391,337.630795
223.137056,346.066250,228.005022,356.444867,212.939288,363.511270,208.071321,353.132653
223.229469,345.952467,224.084789,355.476638,207.682050,356.949689,206.826730,347.425517
