296.560000,73.743000,355.920000,73.521000,356.770000,301.330000,297.410000,301.550000
296.341427,70.371460,357.654503,71.729971,352.818206,290.004524,291.505129,288.646013
297.553210,70.361708,354.144112,71.587104,349.298229,295.378395,292.707328,294.152999
291.848659,72.823514,355.084566,74.158635,350.467274,292.849480,287.231366,291.514359
294.008875,70.009543,357.582261,75.406801,339.187526,292.075280,275.614139,286.678023
288.964184,70.499108,356.447071,73.986091,345.248492,290.709978,277.765605,287.222995
293.905231,69.976265,360.224720,77.429442,336.039922,292.629414,269.720434,285.176238
299.830673,71.619768,357.701046,82.866582,316.730507,293.680085,258.860133,282.433270
297.600852,73.500710,356.868192,82.848561,323.839118,292.259832,264.571777,282.911981
278.659661,71.160964,350.312464,80.730944,321.434631,296.946417,249.781829,287.376437
271.415052,70.873643,347.161800,85.690402,305.010674,301.176839,229.263926,286.360080
265.796974,73.871136,347.769790,83.251777,322.489756,304.161572,240.516939,294.780930
262.047293,75.314972,342.048836,85.426526,315.391102,296.339684,235.389559,286.228130
267.301015,81.201123,335.696516,85.675001,321.989317,295.227172,253.593816,290.753295
332.595597,273.797805,264.042826,274.310445,262.618827,83.886082,331.171598,83.373442
272.229476,80.031671,337.063708,86.501540,315.928804,298.293366,251.094572,291.823498
266.257555,84.599917,338.714493,92.394648,317.536354,289.258780,245.079416,281.464049
264.307696,82.011393,335.785976,88.485027,317.858991,286.424880,246.380711,279.951247
334.346728,295.373893,254.167780,297.343073,249.244830,96.895704,329.423778,94.926524
275.792689,91.237405,347.760145,107.777801,305.274030,292.635384,233.306574,276.094988
281.947411,90.691735,356.014700,112.267562,302.845697,294.790524,228.778408,273.214697
304.955321,77.482067,379.878413,111.668892,294.701069,298.341681,219.777977,264.154856
312.962037,71.639392,384.368332,106.894754,286.935330,304.235788,215.529035,268.980426
328.178896,73.896016,393.181295,116.211847,272.041858,302.297145,207.039459,259.981315
326.531719,74.543511,383.294190,110.226916,266.898322,295.380689,210.135851,259.697284
332.603856,74.837611,399.825115,122.106792,302.392722,260.664896,235.171464,213.395715
312.526769,66.520827,380.724600,101.180686,302.739918,254.625806,234.542087,219.965947
312.191199,64.964555,386.289272,101.942734,301.867392,271.110033,227.769319,234.131855
328.567250,71.700235,387.994276,106.578595,275.054827,299.008963,215.627801,264.130603
317.555169,71.155489,370.041904,94.929067,278.160239,297.783206,225.673503,274.009628
319.268382,67.572672,374.852265,94.000871,286.758269,279.280483,231.174385,252.852284
323.343002,68.987838,393.446856,104.541525,304.199845,280.516505,234.095991,244.962818
314.209241,66.661546,377.666500,94.827061,304.960171,258.635333,241.502912,230.469818
311.523380,64.467596,375.446683,90.506917,301.957932,270.912683,238.034629,244.873362
312.972773,79.775452,383.241438,115.568130,300.699141,277.616275,230.430476,241.823598
315.285179,84.410906,392.085437,125.567282,303.274309,291.294156,226.474051,250.137780
309.103663,84.573934,389.085501,123.073828,306.682218,294.263024,226.700381,255.763129
327.269376,86.095327,407.692283,140.616011,300.328474,298.987274,219.905567,244.466590
331.073297,90.803088,405.454453,142.848058,296.160016,299.048486,221.778859,247.003516
337.734219,91.553407,394.713988,136.784685,275.981885,286.356578,219.002116,241.125300
331.214509,89.314026,405.294703,139.155741,298.376186,298.069705,224.295992,248.227991
359.929763,88.329696,429.519299,153.469994,297.170758,294.858258,227.581221,229.717961
359.234005,86.721768,429.270810,153.689355,292.042147,297.207399,222.005342,230.239811
358.344383,82.199960,431.725917,147.578508,303.148106,291.895525,229.766571,226.516977
365.280017,72.797692,451.412758,141.090954,349.482517,269.647283,263.349776,201.354022
371.749885,77.610706,438.375240,143.121228,329.191038,254.163487,262.565682,188.652965
376.458728,72.468133,442.375421,136.228685,333.365445,248.924967,267.448752,185.164415
350.649806,57.049251,441.607572,107.811803,349.174268,273.436392,258.216502,222.673841
343.916176,54.897466,437.398361,101.602188,351.286532,273.959967,257.804346,227.255246
361.652103,55.309125,449.898696,117.489637,331.459624,285.578385,243.213032,223.397872
332.034707,45.938059,422.587706,86.953599,325.262695,301.825124,234.709695,260.809583
345.326599,47.506283,431.874092,95.916603,316.899581,301.466901,230.352088,253.056580
354.042133,48.943671,436.427102,102.896086,321.080559,279.029469,238.695590,225.077054
334.694493,51.693755,412.717293,85.524626,316.429429,307.589517,238.406630,273.758646
339.048292,51.259436,420.017279,94.367011,334.571906,254.859111,253.602918,211.751536
339.718279,54.435091,421.134704,97.348912,318.577943,291.920368,237.161519,249.006547
327.061216,65.557579,412.537940,103.123006,320.931020,311.566246,235.454296,274.000818
330.608868,65.450385,414.356873,104.786627,318.519484,308.827223,234.771478,269.490981
340.443153,72.577015,423.310841,122.643121,310.230496,309.809794,227.362808,259.743687
333.060929,79.538119,418.295812,120.472256,323.500967,317.858301,238.266084,276.924164
330.420607,80.479125,415.795592,118.550987,328.094338,315.218362,242.719354,277.146500
334.660553,78.024114,422.868838,120.436541,327.806502,318.144768,239.598216,275.732341
366.331642,79.291627,418.605951,118.098187,299.275778,278.841687,247.001469,240.035127
368.170329,80.745646,423.072813,123.537962,306.107148,273.604751,251.204664,230.812435
351.555708,70.243755,442.772715,123.746279,342.455482,294.778167,251.238475,241.275643
326.615113,68.348707,439.658351,121.405206,359.746093,291.667860,246.702855,238.611361
332.615401,59.459945,447.235494,119.908887,349.761575,304.733786,235.141482,244.284845
340.665316,56.961935,454.475538,128.339639,339.729103,311.300377,225.918880,239.922673
363.865496,74.896034,454.722035,165.677534,290.810993,329.724063,199.954454,238.942563
336.223907,60.907050,452.470336,149.652925,314.800454,329.983924,198.554025,241.238049
373.017196,79.729927,416.943676,131.965230,232.669138,286.928092,188.742657,234.692790
256.127578,56.303530,407.891342,95.649689,360.856853,277.068442,209.093089,237.722283
361.931498,73.054283,413.135286,126.251255,242.632173,290.365960,191.428385,237.168988
346.955897,64.863837,447.589708,151.774852,313.699766,306.805318,213.065955,219.894304
334.871752,69.862592,434.784335,144.327160,314.061474,306.306652,214.148891,231.842083
361.169803,50.122046,456.000933,128.814386,313.144070,300.969360,218.312940,222.277020
307.593195,64.844739,414.952229,112.699532,341.626336,277.201278,234.267302,229.346484
343.291619,46.086226,428.376625,85.351904,342.294178,271.884418,257.209171,232.618740
341.257882,47.926625,426.819085,87.097846,340.642399,275.332493,255.081196,236.161272
327.889001,68.356237,407.182282,96.424701,345.993030,269.284054,266.699749,241.215590
316.416162,76.984364,390.709448,95.743315,344.984505,276.833200,270.691219,258.074250
320.134866,78.377094,396.023637,100.141007,346.217760,273.809542,270.328988,252.045629
312.578531,79.356579,382.377086,90.564642,352.641407,275.744483,282.842852,264.536419
304.107904,83.379431,372.524145,86.548191,363.334741,284.955289,294.918500,281.786529
301.852089,83.733698,364.335527,85.172475,359.989222,273.924525,297.505785,272.485748
368.359147,271.420226,305.030607,273.127993,300.007763,86.867580,363.336304,85.159813
368.816101,268.806811,311.013208,273.770511,295.171613,89.293193,352.974506,84.329493
376.580522,270.651713,309.400889,274.709705,298.085334,87.381881,365.264968,83.323889
372.538324,270.851645,313.586767,276.686212,295.089950,89.797233,354.041507,83.962667
382.204343,268.351621,320.014058,276.791900,294.524413,88.977239,356.714699,80.536959
381.715608,265.933627,319.439093,273.712160,296.259065,88.128145,358.535580,80.349612
389.011695,279.028142,323.725820,289.330485,292.055654,88.636868,357.341529,78.334525
392.658480,258.908130,321.509439,270.213686,291.832354,83.447452,362.981395,72.141895
397.394846,273.508132,329.209292,287.489201,288.341552,88.177583,356.527105,74.196514
406.373020,268.001224,333.307698,282.710605,293.065051,82.814912,366.130374,68.105531
400.719616,258.673676,328.152618,269.998197,297.953897,76.486202,370.520895,65.161682
400.373424,265.801042,339.054490,275.678433,306.568849,74.007273,367.887783,64.129883
395.564761,253.931610,320.624425,264.084768,294.595419,71.964997,369.535755,61.811838
440.575540,215.516929,335.423030,261.515751,272.798128,118.356309,377.950638,72.357488
397.098709,249.546767,323.186087,264.585689,283.853519,71.275755,357.766141,56.236832
436.267125,216.713626,337.329811,262.051640,267.888043,110.514740,366.825358,65.176727
382.271778,243.141889,321.361091,256.035594,287.477633,95.967973,348.388321,83.074268
383.049418,243.574045,321.200480,256.813056,286.376125,94.123459,348.225063,80.884448
308.752387,58.715221,361.039990,59.367145,358.611573,254.138465,306.323970,253.486541
287.485448,53.077979,348.890364,53.482782,347.693945,234.968422,286.289029,234.563618
350.436281,263.133802,294.818620,265.134831,287.279859,55.598528,342.897520,53.597499
297.018458,57.574471,351.090877,63.024218,332.747826,245.024067,278.675407,239.574320
288.936930,59.993144,352.474677,69.741673,326.860897,236.683988,263.323150,226.935460
288.110267,59.253471,351.996031,68.468042,328.106401,234.097799,264.220637,224.883227
348.549082,284.438013,289.068564,289.766904,269.392657,70.146530,328.873175,64.817639
307.276794,109.574096,352.049952,153.464791,281.993649,224.929638,237.220492,181.038943
301.949704,68.901210,343.469131,77.476980,312.642714,226.722489,271.123287,218.146719
292.535347,68.622455,344.063965,77.274855,323.875032,197.508297,272.346414,188.855897
314.039290,61.481900,364.875114,81.930156,328.222581,173.050972,277.386757,152.602717
313.794186,61.351474,364.722856,82.063290,322.559516,185.739511,271.630846,165.027696
309.363732,64.399252,361.383505,82.274266,326.239410,184.550431,274.219637,166.675417
315.492589,65.876728,363.547159,90.645906,314.834442,185.153227,266.779872,160.384049
317.312086,66.054828,366.442373,92.645552,316.263103,185.359157,267.132816,158.768433
319.199811,66.646763,364.171213,99.068640,302.516495,184.588028,257.545093,152.166150
324.194105,64.930033,363.246518,98.287106,298.288006,174.336544,259.235593,140.979470
324.408338,65.143401,364.542402,101.236699,298.657810,174.497292,258.523746,138.403994
325.674663,63.427326,367.010106,100.960541,303.147620,171.292490,261.812177,133.759274
336.471687,61.034311,370.611982,129.388940,286.307940,171.495305,252.167645,103.140676
314.735641,50.221123,373.650378,99.166565,303.077879,184.113395,244.163142,135.167952
358.599794,67.444130,350.692245,142.756698,259.573336,133.189541,267.480884,57.876973
299.929526,37.504564,360.353024,70.042988,322.465818,140.399115,262.042321,107.860691
297.302380,36.965265,359.503016,68.151138,323.051996,140.853181,260.851359,109.667308
294.752705,39.841343,353.648370,56.735592,330.294554,138.150188,271.398889,121.255938
328.870413,44.550492,365.923348,87.699601,297.548605,146.414252,260.495670,103.265142
323.351761,40.489472,366.174361,81.048986,305.620720,144.981319,262.798120,104.421805
327.472287,45.923365,366.397567,89.917309,301.310635,147.505395,262.385355,103.511450
297.778531,49.278357,371.236830,83.173147,336.304445,158.880170,262.846145,124.985380
284.227572,52.216871,364.089884,72.439111,342.803315,156.504702,262.941003,136.282462
353.191136,154.487402,273.926182,156.737163,271.391968,67.450203,350.656922,65.200442
288.896665,67.834890,355.673149,84.449982,333.981224,171.630392,267.204739,155.015300
281.752306,72.906490,352.635655,82.276699,340.982959,170.426505,270.099610,161.056296
360.095601,160.079386,281.159698,175.481338,264.546357,90.336993,343.482260,74.935042
287.639295,80.659970,346.989220,97.211202,323.053592,183.040324,263.703667,166.489092
375.838862,104.483250,355.576727,186.721824,265.464248,164.519697,285.726382,82.281124
334.479608,181.906348,277.128082,193.983654,257.843352,102.406218,315.194878,90.328912
274.319031,98.836589,337.987715,102.753630,332.691435,188.840864,269.022752,184.923824
285.090235,94.565375,340.973782,106.902582,322.928314,188.642696,267.044767,176.305489
288.235515,94.606925,343.245592,108.316576,322.681115,190.831692,267.671038,177.122041
274.320540,101.577701,336.397838,104.141271,332.795859,191.363804,270.718561,188.800233
274.112995,101.308311,335.414634,103.846586,331.807613,190.959441,270.505974,188.421166
288.909630,94.647010,342.998290,109.937319,321.031931,187.642155,266.943270,172.351846
294.287881,91.463473,347.398227,109.866405,320.182623,188.409874,267.072278,170.006942
291.047217,94.191002,344.917893,111.636372,320.930509,185.708551,267.059834,168.263181
297.647414,89.791331,348.488506,111.564705,316.416915,186.452260,265.575822,164.678886
295.453592,85.596250,354.593064,108.799949,324.837732,184.637625,265.698260,161.433926
292.988093,86.948849,355.786832,107.456710,330.884429,183.712321,268.085691,163.204460
301.456438,83.900286,365.615864,117.973519,326.896281,190.881957,262.736855,156.808725
303.099816,79.492988,365.799890,124.098846,316.683327,193.139377,253.983253,148.533519
310.695473,77.893727,363.784943,144.827908,296.138697,198.482161,243.049226,131.547980
261.930783,81.406008,347.925814,83.616571,344.184861,229.146622,258.189831,226.936059
284.723076,71.787056,349.394215,82.075261,326.947221,223.175928,262.276082,212.887722
339.068553,218.503774,273.479188,220.666126,268.673962,74.911981,334.263327,72.749629
264.540382,70.735726,341.042930,73.765029,335.417081,215.841188,258.914534,212.811885
330.706366,216.095275,264.202250,219.838462,255.683272,68.484268,322.187388,64.741080
331.974047,218.603963,264.680525,222.220347,256.369187,67.563305,323.662709,63.946921
335.943307,210.221593,256.711272,210.830615,255.594731,65.571885,334.826766,64.962863
261.433459,53.839690,336.171581,61.606713,321.870395,199.219763,247.132273,191.452740
260.629210,55.180188,327.772711,60.633387,316.584252,198.393328,249.440751,192.940130
322.842947,193.703999,251.517528,193.824447,251.288479,58.189224,322.613899,58.068776
340.471893,234.212297,263.107781,241.293386,247.014398,65.465858,324.378510,58.384769
344.942498,240.805935,266.469988,249.919939,245.251447,67.226126,323.723957,58.112121
344.023853,244.748763,254.566596,246.951633,250.065079,64.147674,339.522336,61.944804
251.194862,98.483916,342.418972,100.764145,338.777412,246.450411,247.553302,244.170182
360.323785,233.771780,274.214827,252.660183,248.014784,133.218725,334.123742,114.330322
346.109740,237.293201,255.765338,243.460909,246.743916,111.315367,337.088317,105.147659
311.059785,260.908871,262.495324,265.557699,244.756374,80.245939,293.320836,75.597111
309.590305,268.018070,263.322153,271.662453,248.169192,79.284345,294.437344,75.639962
309.233184,268.905479,262.713245,272.603192,247.460179,80.708444,293.980118,77.010731
302.181676,269.165519,253.068890,269.585657,251.449823,80.321748,300.562609,79.901611
303.713305,269.917856,252.746563,270.370183,251.066490,81.065138,302.033232,80.612811
308.607019,270.115387,251.719859,271.865123,245.949452,84.258533,302.836612,82.508797
258.955266,83.591194,312.465282,84.900899,307.835624,274.052584,254.325608,272.742878
251.223300,82.926812,315.005298,84.527632,310.268178,273.270278,246.486180,271.669458
261.645294,82.747808,316.189365,84.675502,309.396541,276.878420,254.852469,274.950727
323.979250,274.764757,264.237697,276.795019,257.529004,79.388147,317.270557,77.357885
320.252611,277.022656,264.715738,277.752306,262.102570,78.852805,317.639444,78.123154
268.760642,75.851433,318.094765,80.603875,298.475708,284.265255,249.141585,279.512812
268.305954,66.689098,326.393789,70.591179,312.057882,284.000835,253.970046,280.098754
265.332832,66.680049,318.024409,69.048759,308.434020,282.385387,255.742443,280.016676
332.058417,281.696397,265.547124,283.526225,259.618483,68.029637,326.129775,66.199810
328.425723,283.168197,269.804506,283.834193,267.299093,63.306757,325.920310,62.640762
330.252230,282.338008,271.852248,284.431697,264.000916,65.431765,322.400898,63.338076
332.935517,276.173836,272.386369,278.284869,264.975297,65.718710,325.524446,63.607677
335.150035,280.729124,269.477795,281.526705,266.870317,66.828996,332.542558,66.031415
334.932120,285.222819,269.862544,286.277646,266.310577,67.165809,331.380153,66.110982
340.489728,286.752232,282.199015,288.690123,274.931921,70.099951,333.222633,68.162059
348.836610,273.114275,291.323155,278.670834,272.327474,82.055070,329.840929,76.498510
347.277898,268.830420,291.419139,273.513044,275.315480,81.413408,331.174239,76.730783
356.286499,268.115133,292.206513,274.271108,273.866839,83.366149,337.946825,77.210175
362.155191,281.945797,289.960466,288.301600,272.395339,88.781631,344.590064,82.425828
364.361628,285.443048,289.845090,292.091040,271.501558,86.480593,346.018096,79.832602
364.021611,278.162619,296.253657,286.645984,271.886542,91.993349,339.654497,83.509984
372.373369,289.936372,306.755086,299.685374,276.470952,95.849857,342.089235,86.100855
375.736147,286.763453,309.859301,298.705534,273.524883,98.271724,339.401730,86.329642
368.794113,290.878017,303.122306,297.157614,281.878564,74.991288,347.550371,68.711691
379.547106,289.706788,322.545006,302.424749,277.566851,100.831959,334.568950,88.113998
377.918865,288.375504,322.970316,300.976999,276.559932,98.605517,331.508480,86.004022
379.213381,296.231980,324.332395,307.870823,279.130377,94.728389,334.011363,83.089546
378.093225,295.529287,319.554105,304.978669,283.016493,78.627406,341.555613,69.178024
376.006575,290.928154,318.308458,300.194694,282.927125,79.892794,340.625242,70.626255
368.577875,292.473328,311.053017,298.734368,286.435749,72.557081,343.960608,66.296042
373.043845,279.615917,303.757286,286.257658,282.682531,66.406076,351.969090,59.764335
374.111335,280.047046,304.152522,286.771523,282.944554,66.132191,352.903367,59.407713
368.191225,290.625476,293.220312,294.115088,282.497686,63.749919,357.468599,60.260307
303.769287,40.444074,385.378654,55.968913,338.536466,302.204074,256.927098,286.679234
297.321442,60.216786,377.423766,74.010238,338.342317,300.966822,258.239993,287.173370
303.696306,38.848468,386.939785,57.090138,333.903819,299.112846,250.660339,280.871176
299.023243,61.675793,376.558330,82.911682,318.051290,296.528757,240.516203,275.292868
297.810531,59.880694,376.213976,80.676739,319.024852,296.286212,240.621407,275.490167
300.276119,61.109546,375.686351,83.362355,312.418561,297.763996,237.008329,275.511187
292.616500,54.203112,378.310430,60.668737,360.441794,297.495597,274.747865,291.029972
312.521259,46.784922,383.550211,64.167487,325.608328,300.930661,254.579376,283.548096
296.392441,50.328430,375.906595,55.581714,360.249749,292.565075,280.735595,287.311791
294.135086,44.348640,366.221476,51.680927,341.728520,292.480145,269.642130,285.147859
293.727967,42.313393,368.198652,50.084022,346.019984,262.635769,271.549298,254.865141
305.258289,36.624928,363.421513,48.056834,314.986330,294.485231,256.823106,283.053324
288.519696,55.433652,370.156590,60.111975,358.180083,269.102424,276.543189,264.424101
292.637462,38.175090,372.416928,44.111149,355.350759,273.477114,275.571293,267.541055
292.724021,36.889002,374.311099,45.587605,349.457948,278.693543,267.870870,269.994940
298.981371,41.383124,369.705493,50.524859,340.974327,272.800669,270.250205,263.658934
305.839448,39.080105,381.085371,57.106245,337.522202,238.950559,262.276279,220.924419
303.295062,42.738999,381.420441,58.119693,346.518098,235.404207,268.392718,220.023514
303.771994,51.371305,371.471282,58.188540,349.241165,278.947091,281.541876,272.129855
303.480484,52.419312,371.474571,59.917249,347.447093,277.807394,279.453005,270.309457
305.033029,54.142840,377.810056,61.932376,354.772917,277.166563,281.995890,269.377027
299.041247,60.780405,379.299044,66.154188,365.347875,274.515774,285.090079,269.141991
299.702648,59.920603,379.149131,65.440628,364.567932,275.299263,285.121449,269.779237
306.879181,59.837446,379.750861,68.394714,355.825438,272.137980,282.953759,263.580712
304.232805,60.923984,374.215697,62.886965,368.452048,268.368648,298.469156,266.405666
303.881319,61.916045,371.880149,62.315028,370.691514,264.894874,302.692685,264.495892
305.994719,65.006654,382.892748,66.577074,378.781102,267.910094,301.883074,266.339674
375.712431,260.680780,307.455706,261.933976,303.798420,62.735776,372.055146,61.482580
376.111592,260.636041,309.653159,262.493127,304.081902,63.117827,370.540335,61.260742
377.007693,259.497197,309.163282,261.534694,303.050791,58.001458,370.895203,55.963961
315.721708,53.392918,385.506414,56.622011,376.072396,260.502819,306.287690,257.273726
315.819923,54.125827,386.168117,57.671679,376.037112,258.666517,305.688918,255.120666
313.342622,50.145371,381.880197,50.894329,379.601452,259.423546,311.063878,258.674588
388.609142,260.062936,323.223646,265.664497,304.302819,44.806820,369.688315,39.205259
390.502827,263.566024,323.875283,268.739869,306.042030,39.087483,372.669574,33.913638
390.769567,262.960246,323.944422,268.720119,304.091244,38.386640,370.916389,32.626767
386.255666,259.271025,323.664169,260.050764,320.853483,34.430249,383.444980,33.650511
408.228471,252.810143,356.339115,262.585356,313.803731,36.796538,365.693087,27.021326
398.952418,252.603017,319.098337,255.894200,310.182224,39.562236,390.036305,36.271053
414.104389,233.775214,346.677862,245.495063,312.560078,49.208951,379.986605,37.489102
404.675248,247.663990,336.985195,253.364788,319.518919,45.973986,387.208973,40.273188
391.533873,250.407128,338.040356,252.196546,331.203862,47.823879,384.697379,46.034461
334.628971,51.734209,404.172927,51.943509,403.570655,252.059790,334.026699,251.850490
409.235675,257.898340,336.246624,258.177065,335.461643,52.616064,408.450694,52.337339
414.165567,249.589362,338.687580,260.808823,309.379602,63.641837,384.857589,52.422377
407.754101,255.371781,327.298622,256.833171,323.674375,57.303584,404.129854,55.842194
406.638744,251.540101,331.801217,254.686637,323.517478,57.665392,398.355005,54.518856
328.319426,52.750413,408.238314,53.441466,406.479270,256.871361,326.560383,256.180308
329.627900,45.897462,405.758141,49.569563,396.305880,245.534441,320.175640,241.862340
392.692544,245.990219,325.996295,247.114785,322.646524,48.445107,389.342774,47.320541
397.787200,244.262042,328.217676,246.098171,322.997308,48.302466,392.566832,46.466337
334.600156,69.896109,406.884205,78.000694,387.769618,248.481943,315.485568,240.377358
338.337855,70.815764,406.780184,80.672435,382.417469,249.841212,313.975140,239.984540
335.646235,52.160729,409.167279,62.313503,383.696284,246.761036,310.175239,236.608262
346.793326,52.057248,408.419764,59.312810,386.337619,246.871534,324.711181,239.615972
348.079252,56.870541,412.436487,67.109714,382.386740,255.984210,318.029504,245.745037
335.240914,53.588219,402.965901,57.511723,391.666209,252.559685,323.941222,248.636181
405.138732,246.290004,336.909603,250.753930,325.005801,68.809587,393.234930,64.345661
403.307094,239.684227,334.348319,243.467904,324.777842,69.042766,393.736618,65.259089
406.371533,247.506035,336.307745,252.653258,322.517072,64.935183,392.580861,59.787960
414.903541,236.690594,342.393113,245.988819,319.468178,67.213108,391.978606,57.914883
418.199633,227.428990,340.264193,236.289501,320.623394,63.532610,398.558834,54.672099
420.136889,248.820113,338.898479,255.344738,323.300548,61.134164,404.538958,54.609539
423.342385,243.148766,339.386857,251.067228,321.413206,60.501506,405.368733,52.583044
430.122089,239.684674,344.031470,250.673155,320.135885,63.460222,406.226504,52.471741
442.680237,228.644648,344.297073,246.023134,312.310582,64.941079,410.693746,47.562592
426.605011,240.985620,340.599288,251.836354,316.803819,63.227315,402.809542,52.376581
431.098580,203.208745,330.826344,221.355397,303.466776,70.175718,403.739012,52.029066
433.566901,197.888252,331.173216,221.208089,297.253453,72.271821,399.647138,48.951983
356.532980,50.311987,425.689200,71.416134,370.349435,252.759112,301.193215,231.654964
360.493600,59.332499,461.137503,113.833166,384.836570,254.734630,284.192667,200.233963
367.919337,63.411760,464.974073,131.764131,367.063919,270.788482,270.009183,202.436111
360.093714,58.120343,429.701804,91.931828,353.993480,247.793421,284.385390,213.981937
364.394973,59.674423,437.785978,102.047056,346.644844,259.906955,273.253838,217.534322
360.171946,61.321242,424.812490,94.971885,351.902765,235.026396,287.262221,201.375753
366.514760,56.931705,432.877487,94.914092,352.612820,235.152306,286.250093,197.169919
366.006056,56.968654,432.885564,98.546219,345.110706,239.736292,278.231197,198.158727
357.648108,69.551161,425.564148,111.114992,344.035094,244.334918,276.119054,202.771086
348.860729,78.339516,432.809487,130.459725,357.695068,251.444700,273.746310,199.324491
334.359616,77.309449,429.188305,126.489274,362.444256,255.185353,267.615567,206.005527
328.719745,73.885623,425.477952,117.351851,365.392285,251.105843,268.634077,207.639616
339.823872,79.236832,430.103553,133.940314,355.804794,256.558984,265.525114,201.855503
334.516397,80.786843,416.555235,132.356610,334.550851,262.811812,252.512013,211.242045
339.862566,78.648038,415.645559,130.326856,328.930254,257.488150,253.147261,205.809331
300.288530,77.751281,392.457274,83.391307,382.802314,241.171699,290.633570,235.531673
331.384945,74.787608,429.226989,131.341022,352.582230,263.942740,254.740186,207.389326
325.117773,72.872347,427.584800,117.998205,365.384293,259.236540,262.917266,214.110682
318.740377,72.399390,420.817242,110.350907,365.760816,258.434247,263.683951,220.482730
307.435364,67.116231,348.434779,75.161155,315.393128,243.551611,274.393713,235.506687
306.518497,72.723784,348.269420,81.075856,315.696337,243.904458,273.945413,235.552385
302.060645,64.119639,347.101184,72.292515,316.092331,243.181616,271.051793,235.008740
293.949191,61.135987,338.414941,66.946239,316.169978,237.186537,271.704228,231.376286
291.536927,60.766060,333.896583,64.943105,317.069059,235.592002,274.709404,231.414957
289.697666,64.485224,333.423618,68.791618,316.877998,236.791328,273.152046,232.484934
284.799681,69.554186,327.542528,72.712522,315.395081,237.108086,272.652235,233.949750
283.958107,69.543373,327.844354,72.556803,316.599115,236.327433,272.712868,233.314003
281.199806,72.213544,324.968243,73.029447,321.923529,236.360446,278.155092,235.544542
324.270044,235.212602,281.782796,236.013270,278.716824,73.318198,321.204073,72.517530
324.638878,236.076007,281.552031,236.847328,278.632029,73.732837,321.718875,72.961516
326.971717,235.406243,281.389483,236.820449,276.407619,76.246671,321.989853,74.832465
329.303064,233.521395,279.278308,235.717016,272.166406,73.680305,322.191163,71.484685
331.558852,228.501498,281.856230,232.249669,270.015419,75.234567,319.718041,71.486397
276.175720,71.936164,325.220725,72.364428,323.806458,234.327003,274.761452,233.898739
280.060439,65.431062,326.905140,67.042115,321.207514,232.712398,274.362813,231.101345
278.842860,66.883967,327.686404,68.403909,322.586154,232.301135,273.742610,230.781193
282.476559,64.940644,328.297174,67.827390,317.690059,236.191508,271.869444,233.304762
286.605801,59.055170,330.104830,63.972114,310.916753,233.724421,267.417724,228.807476
285.145920,60.563437,326.888698,63.685579,314.317964,231.755185,272.575187,228.633042
287.374717,57.270682,333.062914,63.130938,311.220140,233.423307,265.531943,227.563051
285.703300,57.842024,330.634261,61.213711,317.558692,235.458170,272.627731,232.086482
285.466193,57.915738,330.274511,60.840114,318.985061,233.821065,274.176742,230.896690
289.655198,62.362143,329.613117,64.196461,321.771410,235.016564,281.813491,233.182246
293.804973,65.923472,335.017206,68.910127,322.997741,234.764233,281.785508,231.777578
293.518961,64.698945,333.613205,67.277629,322.891310,233.985276,282.797065,231.406592
288.035095,66.517668,336.665985,69.923400,325.162180,234.187740,276.531290,230.782009
285.101512,76.205762,338.613379,76.839993,336.736053,235.235119,283.224186,234.600887
282.166216,75.018053,336.853706,75.051072,336.757949,233.644793,282.070459,233.611774
288.051246,72.003551,342.116481,75.316885,332.375280,234.268675,278.310045,230.955341
295.301333,76.988571,340.347823,80.351901,328.576167,238.014618,283.529677,234.651287
294.449074,78.021695,341.593309,81.258332,330.904880,236.943946,283.760645,233.707309
299.952458,79.156784,347.815669,86.794368,323.340682,240.174206,275.477471,232.536621
304.451048,78.054140,347.443254,87.368305,314.957262,237.316730,271.965056,228.002565
304.744838,79.229788,348.587959,88.449733,316.737241,239.907788,272.894120,230.687844
303.544530,82.309407,348.116556,91.295046,317.765062,241.849445,273.193036,232.863806
314.225716,79.564044,358.800827,94.441045,309.210823,243.024748,264.635712,228.147747
314.806287,79.678404,360.144458,95.747335,308.176850,242.372910,262.838679,226.303979
314.867668,81.868688,370.919617,100.484754,323.049734,244.618337,266.997785,226.002272
302.668496,82.437568,374.902111,94.968633,349.839982,239.435862,277.606367,226.904797
306.010448,81.817846,378.941057,97.873784,346.589539,244.823517,273.658931,228.767579
312.041350,82.292157,382.410813,100.377215,345.365613,244.521115,274.996150,226.436057
319.207390,81.094915,387.537834,99.817236,349.172420,239.838638,280.841976,221.116316
321.285746,79.786425,389.563973,99.984661,347.538611,242.047423,279.260385,221.849188
311.563706,80.831561,387.109123,95.442211,360.504657,233.002522,284.959240,218.391873
324.753792,80.241419,395.859881,96.057106,365.985805,230.368609,294.879715,214.552921
325.227333,82.367841,396.373599,96.805278,370.575556,223.935489,299.429291,209.498053
315.173285,82.513681,389.830398,91.857683,371.443813,238.763615,296.786700,229.419613
329.074308,82.520792,424.104898,105.638630,390.837765,242.389967,295.807175,219.272129
308.924056,86.017980,384.062620,87.648360,380.829032,236.673178,305.690468,235.042798
314.303024,86.368180,372.715029,88.262328,368.114954,230.120055,309.702949,228.225907
323.314635,85.089300,362.446882,91.466276,339.671968,231.224302,300.539721,224.847326
321.598895,85.654909,386.414564,95.812535,365.766275,227.568978,300.950605,217.411352
323.390012,85.034615,387.549427,97.957435,363.822281,215.758328,299.662867,202.835508
342.425435,234.192231,304.362978,234.249595,304.152646,94.687253,342.215103,94.629890
342.778556,233.718011,305.685995,234.248514,303.650009,91.893281,340.742570,91.362778
298.379813,88.922596,375.580025,89.593287,374.329724,233.509731,297.129512,232.839040
337.454639,219.738931,290.513825,222.096906,283.690751,86.268169,330.631565,83.910195
337.318993,220.321509,288.863637,221.755236,284.843577,85.890218,333.298934,84.456491
341.433257,222.809452,292.804389,226.855220,281.191537,87.272359,329.820405,83.226591
341.297451,232.044913,299.603520,233.140896,295.717762,85.316958,337.411693,84.220975
335.131632,233.351200,297.237213,234.059673,294.421965,83.479216,332.316384,82.770743
297.505509,82.328835,363.411629,84.818420,357.763616,234.336782,291.857496,231.847197
359.246221,206.480285,287.060315,206.960072,286.272094,88.368942,358.457999,87.889154
359.680483,205.456485,287.122678,207.381403,283.962365,88.256649,356.520170,86.331731
344.282446,226.234650,287.479222,229.569665,279.141684,87.561606,335.944907,84.226591
356.975829,225.926936,291.775572,231.047755,280.915904,92.778245,346.116161,87.657427
348.034080,226.747586,290.938667,229.494602,284.126068,87.897977,341.221481,85.150961
287.459008,85.436104,339.408035,87.489234,333.605710,234.301703,281.656682,232.248572
281.597510,96.280188,331.908946,101.180117,318.355952,240.339406,268.044517,235.439478
283.361274,93.267215,334.996209,99.925850,316.717603,241.668809,265.082668,235.010174
281.855082,88.938783,346.148347,90.511601,342.503403,239.508691,278.210138,237.935873
275.535254,83.541488,343.101027,85.486033,339.366266,215.255218,271.800493,213.310673
276.459217,77.356014,341.843389,78.841366,338.411714,229.901350,273.027542,228.415998
345.525964,234.472493,281.800220,238.352428,272.531487,86.118705,336.257231,82.238770
378.470161,227.129433,309.992128,243.085830,275.419934,94.716758,343.897967,78.760361
374.116745,231.886000,304.773491,242.890038,280.448774,89.604951,349.792028,78.600912
376.704172,230.611470,306.175880,243.767277,278.049672,92.982654,348.577964,79.826847
377.718501,232.913947,306.359886,246.417233,278.629925,99.877220,349.988539,86.373935
376.018261,234.839909,306.784127,246.510833,280.575735,91.037691,349.809869,79.366766
294.846694,78.121654,350.659976,79.158762,347.638836,241.745279,291.825554,240.708171
370.599502,233.949951,309.796200,240.388347,293.153554,83.217547,353.956856,76.779152
371.389957,241.849320,310.977676,247.399163,295.715607,81.265391,356.127888,75.715548
374.959475,232.901526,314.383034,240.673012,294.207060,83.407253,354.783501,75.635767
318.806575,81.421249,378.648383,86.120571,366.900080,235.725092,307.058272,231.025771
373.816470,232.018775,313.954146,233.250715,310.976958,88.583430,370.839282,87.351490
317.794197,88.148420,381.743076,95.810397,362.730021,254.498357,298.781142,246.836379
306.247490,92.217147,374.127005,96.797190,363.634544,252.302987,295.755029,247.722945
301.730759,116.085089,372.181697,117.669414,369.118667,253.874561,298.667729,252.290235
371.985499,242.059013,302.743988,243.886578,298.735137,92.001974,367.976648,90.174409
376.028181,233.865202,316.654896,240.702086,299.495660,91.686782,358.868945,84.849899
381.156259,245.991139,330.572477,256.841329,297.763572,103.885608,348.347354,93.035419
389.870460,233.837782,331.691384,245.694668,301.812032,99.083397,359.991108,87.226511
389.064519,240.020242,329.953670,246.814177,315.166870,118.161153,374.277719,111.367218
394.909116,236.245929,335.240581,248.292276,307.424472,110.512203,367.093007,98.465857
398.965359,246.058507,337.803274,257.348157,312.451078,120.001719,373.613164,108.712070
417.176248,249.659843,371.611000,265.226830,322.375880,121.113490,367.941127,105.546504
407.719544,255.421746,337.090734,264.322948,318.756914,118.848683,389.385724,109.947481
420.458929,252.774499,375.053123,267.752746,327.455581,123.463184,372.861387,108.484936
410.734079,233.218040,371.140440,245.038025,333.662439,119.497221,373.256077,107.677236
416.172857,250.658861,374.944763,263.308362,347.678060,174.438915,388.906154,161.789413
413.998127,247.965651,375.753123,260.034781,332.413975,122.700451,370.658978,110.631321
408.148122,249.816062,372.094705,259.274404,335.716464,120.607415,371.769881,111.149072
409.748508,249.720438,374.021641,259.609780,335.732137,121.282682,371.459003,111.393340
410.174212,254.181875,373.671422,264.047547,335.441945,122.599236,371.944735,112.733564
407.533882,259.206348,371.464399,266.681557,341.016598,119.764398,377.086080,112.289189
406.821077,258.455032,370.483415,265.828071,340.815711,119.612242,377.153373,112.239203
409.044360,258.245794,369.470174,267.356508,336.196260,122.824698,375.770446,113.713983
420.464485,227.959294,374.294131,258.982496,330.861649,194.344001,377.032002,163.320799
424.847465,242.030333,378.943589,269.882461,330.088216,189.362547,375.992092,161.510418
410.686780,235.574922,354.554365,257.293281,326.501485,184.788911,382.633900,163.070552
349.701263,163.517367,404.926866,183.635912,382.361471,245.578142,327.135868,225.459597
345.009289,164.011730,399.887698,178.030312,382.691571,245.347827,327.813162,231.329245
362.770435,166.151731,406.750698,198.654948,364.713205,255.536088,320.732941,223.032871
369.702950,163.925115,399.619391,216.312988,336.883296,252.138850,306.966855,199.750977
367.460200,163.264498,401.256739,214.415040,337.156692,256.767664,303.360153,205.617121
342.007012,162.241626,394.650475,186.882677,363.164687,254.149324,310.521224,229.508273
323.150444,157.165968,399.454280,173.343870,380.748581,261.570181,304.444744,245.392279
330.399060,155.606170,399.916546,179.663613,370.938262,263.400585,301.420776,239.343142
334.602420,154.650658,398.013456,181.119344,364.173744,262.189149,300.762708,235.720463
343.114188,103.982862,389.885244,119.075286,343.529941,262.729244,296.758885,247.636819
338.714005,103.490132,384.930876,116.218238,345.522702,259.312783,299.305830,246.584677
330.358656,96.594946,376.760180,105.980184,347.263717,251.813544,300.862194,242.428306
333.244794,98.720699,373.611001,108.943761,334.962839,261.547714,294.596632,251.324652
327.045936,92.239043,372.148572,100.197971,344.014685,259.630544,298.912050,251.671616
331.777934,94.717041,376.199259,106.421734,334.954149,262.954020,290.532824,251.249327
291.413109,101.801574,356.858738,103.217185,353.443294,261.117751,287.997665,259.702139
292.905096,100.630705,360.446148,104.486845,351.427757,262.445755,283.886706,258.589616
295.968637,101.144151,361.113797,105.816490,349.965760,261.250557,284.820599,256.578217
288.378710,106.750841,352.057659,110.074455,344.093526,262.663634,280.414578,259.340020
291.558810,104.266747,353.998386,110.177838,339.549053,262.807912,277.109477,256.896821
304.399805,100.809007,362.587663,114.450968,327.546546,263.913898,269.358688,250.271936
305.476947,102.261095,354.826368,112.004516,325.596104,260.052778,276.246684,250.309357
302.578386,104.736332,351.834386,113.052648,326.704649,261.891432,277.448649,253.575116
297.570106,104.557292,345.434076,109.854915,328.850211,259.689951,280.986241,254.392327
295.903203,106.869849,349.197115,113.612482,331.341624,254.742655,278.047713,248.000022
299.552477,101.143191,353.761633,110.027113,328.953700,261.403624,274.744544,252.519702
295.125924,97.464611,359.443153,111.705735,325.677906,264.199812,261.360677,249.958687
292.942076,99.634435,342.431254,108.479757,314.912475,262.446090,265.423297,253.600768
288.689377,100.697159,340.005194,108.692182,316.346451,260.545108,265.030635,252.550084
286.937841,101.168874,335.712111,108.897570,311.421922,262.188133,262.647652,254.459437
284.453796,93.988803,337.407756,101.970265,313.915151,257.834751,260.961191,249.853290
286.109785,94.400762,338.180729,102.689741,313.313792,258.902574,261.242848,250.613595
283.995682,90.229108,335.881353,97.019531,315.643231,251.659177,263.757560,244.868754
281.877377,88.164201,331.170040,92.690057,316.838160,248.783490,267.545497,244.257633
281.459708,88.077005,329.116390,91.060826,319.854113,238.995109,272.197431,236.011288
331.717461,246.456257,283.513125,250.125059,271.355720,90.389121,319.560056,86.720318
280.207425,89.099402,327.064804,90.476304,322.816912,235.036302,275.959534,233.659399
280.002325,89.244763,324.550213,89.856217,322.559734,234.873808,278.011847,234.262354
337.997870,237.787059,284.662186,239.835338,279.029419,93.162208,332.365103,91.113929
342.116483,232.396144,292.520816,238.741994,274.752436,99.874126,324.348103,93.528276
339.278979,229.846558,290.637699,235.764828,273.849137,97.782423,322.490417,91.864153
342.916181,228.837503,295.098671,234.269018,280.048847,101.774668,327.866357,96.343152
327.935781,242.066121,288.858848,242.371339,287.779420,104.172429,326.856354,103.867212
290.964745,99.321248,343.809836,100.148314,341.644426,238.506370,288.799336,237.679304
351.769594,241.797957,298.308439,248.335325,281.359706,109.732331,334.820861,103.194962
355.232928,252.394984,295.941122,259.119146,279.661569,115.570563,338.953376,108.846400
301.887842,107.455686,338.354050,127.806313,306.221481,185.384537,269.755273,165.033910
278.844261,112.420070,330.013503,112.474448,329.861468,255.539471,278.692226,255.485093
272.211541,114.169215,327.913814,114.990922,325.815527,257.230654,270.113254,256.408948
277.028497,115.303304,333.410861,116.268473,330.980064,258.268503,274.597699,257.303333
281.200660,113.795418,338.497930,115.116576,335.147853,260.406083,277.850582,259.084925
350.823246,246.982456,273.842820,262.419701,246.351836,125.331272,323.332262,109.894027
356.339907,238.290064,278.671398,262.569548,239.554452,137.436950,317.222961,113.157466
354.175490,245.477785,269.790637,264.477680,239.078479,128.074766,323.463332,109.074871
370.095136,230.997722,269.097608,279.479681,208.764504,153.793868,309.762032,105.311909
368.455498,240.597595,258.561064,269.901544,222.857402,136.007176,332.751836,106.703227
367.527901,226.372570,264.025948,277.137837,201.778061,150.224728,305.280014,99.459461
359.094447,253.059251,242.831337,262.532749,231.018704,117.562698,347.281814,108.089200
371.742101,212.814805,275.081067,288.156002,189.508350,178.368161,286.169384,103.026964
373.259974,197.475334,291.454101,281.892699,196.769760,190.137463,278.575633,105.720098
391.965838,140.889512,362.613558,268.320958,230.576156,237.907752,259.928436,110.476306
354.654299,129.071064,342.480017,264.122404,238.721061,254.768991,250.895343,119.717652
356.319191,132.494240,376.087042,228.128832,246.980342,254.815430,227.212492,159.180837
359.626203,262.081860,283.958987,262.639479,282.912028,120.570420,358.579244,120.012801
367.236411,240.915599,285.270804,247.749473,275.019994,124.801063,356.985600,117.967189
355.121904,259.657531,253.422492,265.981344,244.932990,129.453367,346.632401,123.129555
301.809116,129.945030,358.778996,135.105489,346.615056,269.391634,289.645177,264.231175
310.903528,126.736079,365.309927,138.452397,335.337949,277.631556,280.931550,265.915237
314.488168,123.899652,381.185491,160.766673,314.587001,281.252159,247.889679,244.385139
319.746361,126.623621,368.043124,142.787030,322.706733,278.253559,274.409971,262.090151
304.832485,150.234187,358.208674,165.685811,325.990394,276.980842,272.614205,261.529219
305.897369,130.255889,357.660316,140.426169,334.290312,259.370813,282.527365,249.200533
305.053141,140.090717,367.208795,183.165319,302.293550,276.836517,240.137895,233.761915
298.272293,140.961170,365.181560,179.047203,307.551379,280.291488,240.642112,242.205455
291.929376,151.390311,357.902698,178.940736,321.044697,267.202343,255.071374,239.651918
291.325041,150.077657,355.266231,169.809979,324.451372,269.663344,260.510182,249.931022
312.318222,135.787788,363.629888,157.047836,315.966232,272.085282,264.654566,250.825234
317.268543,102.964137,380.385739,132.219660,317.525899,267.836337,254.408703,238.580814
305.297656,122.729567,360.045039,145.303541,307.372432,273.047437,252.625049,250.473463
303.495173,91.921207,359.332241,107.765982,313.778513,268.297553,257.941445,252.452778
303.380548,99.148685,355.097376,112.201259,315.673275,268.407190,263.956447,255.354616
290.290464,143.160781,346.213298,152.582410,327.000564,266.621130,271.077731,257.199501
296.181063,112.899950,350.220236,122.259690,326.100905,261.514481,272.061733,252.154741
304.959860,86.201399,346.449203,94.586181,311.512611,267.458444,270.023268,259.073662
299.569898,84.741598,338.749743,88.959693,320.471332,258.739019,281.291487,254.520924
298.556147,109.443571,339.217952,115.014570,318.605256,265.463248,277.943451,259.892249
289.599069,142.838853,336.226221,147.652817,324.893348,257.420906,278.266195,252.606942
292.063890,87.849690,339.306209,89.767995,332.610948,254.652951,285.368629,252.734646
294.897318,87.643932,345.395085,91.513810,333.487769,246.891555,282.990002,243.021677
342.250076,259.961917,299.467217,262.771294,287.895257,86.546661,330.678116,83.737283
354.196736,260.035873,308.494892,266.346028,285.161991,97.355486,330.863836,91.045331
350.836402,260.906815,304.711726,266.011153,285.655534,93.812360,331.780210,88.708023
358.789623,259.865255,314.393010,267.954841,283.539704,98.628224,327.936317,90.538638
368.320505,249.781463,321.343697,262.672880,279.378022,109.748376,326.354830,96.856959
375.603495,254.636432,327.179098,269.560129,278.280174,110.892958,326.704571,95.969261
399.694410,238.325570,342.578772,271.226444,268.970038,143.442304,326.085676,110.541430
392.098948,247.225545,348.542096,272.167651,288.355712,167.063073,331.912564,142.120968
377.166651,259.822142,330.777250,274.689309,281.430906,120.715980,327.820307,105.848813
384.777291,256.702612,333.761642,275.668660,277.242818,123.642027,328.258467,104.675979
373.348916,265.066934,326.195706,278.965412,280.944848,125.443331,328.098058,111.544853
368.072500,269.490142,323.766457,280.315556,283.300030,114.695345,327.606073,103.869931
382.945498,261.921582,325.441991,278.380072,279.187958,116.775390,336.691464,100.316900
364.290912,273.080096,320.267758,284.578441,279.202243,127.352891,323.225397,115.854547
367.398850,269.934133,321.940697,283.068889,275.683512,122.977131,321.141666,109.842375
361.682604,271.457286,318.842999,282.776964,277.429541,126.046703,320.269146,114.727024
381.729796,260.636118,323.417492,283.373769,267.505236,139.982857,325.817540,117.245207
383.467301,261.763348,324.046992,284.465319,268.254012,138.432357,327.674321,115.730386
374.737302,273.235612,316.202007,290.510818,266.615768,122.492842,325.151062,105.217636
365.461297,279.533703,314.868430,294.409056,262.308852,115.647592,312.901719,100.772240
365.441917,277.515503,314.370148,292.123261,263.398395,113.915384,314.470165,99.307625
362.692344,280.702893,311.039289,294.151034,260.608759,100.452076,312.261815,87.003935
357.776460,276.122213,307.893520,288.238458,261.906863,98.910026,311.789803,86.793781
346.927868,287.342940,297.046391,293.834309,271.375981,96.575741,321.257457,90.084373
347.043908,288.514709,297.163042,294.785100,272.220821,96.370102,322.101686,90.099712
346.063769,288.194904,292.224131,293.485528,273.087831,98.746413,326.927469,93.455788
286.437817,97.591223,351.435631,103.994881,332.898727,292.146448,267.900913,285.742790
285.468107,97.384423,349.007891,102.746401,332.921957,293.365752,269.382173,288.003774
290.774923,98.738607,353.391648,106.936158,329.126897,292.281664,266.510172,284.084113
287.727158,102.587707,356.779854,115.838094,322.426998,294.863604,253.374302,281.613216
290.177973,104.125695,355.989099,116.856923,321.223054,296.571921,255.411928,283.840693
288.279195,106.070064,352.664659,117.973520,319.755106,295.980391,255.369642,284.076936
282.435878,107.923012,357.239458,124.733767,319.059100,294.626644,244.255519,277.815889
283.166647,107.482515,355.522026,122.696094,319.118104,295.832180,246.762724,280.618601
279.306534,109.828604,352.563810,122.674311,322.055256,296.660340,248.797980,283.814634
265.010646,151.849712,335.800113,156.510108,326.743116,294.082090,255.953650,289.421694
334.566229,292.380781,273.657961,295.724869,266.621444,167.563722,327.529712,164.219634
284.598373,101.237957,369.003175,126.860984,318.459121,293.358127,234.054319,267.735100
270.219788,93.961947,359.161614,114.633766,317.530869,293.752723,228.589042,273.080904
250.277603,140.864020,342.032062,147.581106,331.615712,289.867006,239.861253,283.149920
261.545110,92.043907,351.937915,107.428758,320.289078,293.379670,229.896274,277.994819
244.602769,89.159292,344.655995,97.190015,328.924579,293.184691,228.871353,285.153968
285.973903,98.201593,345.857569,107.450865,317.008650,294.230872,257.124984,284.981600
240.654580,83.471314,343.522556,90.965850,328.642102,295.210961,225.774126,287.716426
348.899839,291.183342,240.574439,293.564270,235.743570,73.773604,344.068970,71.392675
246.087757,72.755370,347.452693,85.817851,321.117047,290.182642,219.752110,277.120162
297.124778,72.414279,349.470843,80.714251,316.270957,290.098509,263.924893,281.798537
252.346624,70.246952,352.671869,80.356671,332.610396,279.439578,232.285151,269.329859
243.229321,76.413820,343.859340,80.514628,336.061083,271.876632,235.431064,267.775825
244.670125,77.921187,347.009294,78.889504,345.185632,271.628272,242.846463,270.659956
276.506652,76.480350,367.892043,96.388083,323.009153,302.420602,231.623761,282.512868
258.532484,75.041002,353.270364,85.004993,330.640282,300.172381,235.902402,290.208390
287.567162,134.348760,367.249916,174.342455,305.037503,298.293406,225.354748,258.299711
283.318375,147.423931,354.845786,170.798959,312.478548,300.442392,240.951137,277.067364
254.469474,117.807822,342.353854,118.234595,341.485841,296.982487,253.601461,296.555714
349.818491,292.464796,267.987709,297.968051,253.660267,84.925842,335.491050,79.422587
339.159496,239.975059,270.016135,241.167667,267.351797,86.698456,336.495158,85.505847
347.866474,199.662889,285.183379,219.431821,246.486745,96.732998,309.169840,76.964066
344.026980,169.881586,279.806420,191.414471,248.140412,96.972470,312.360972,75.439585
296.471555,82.219096,367.657989,99.505427,319.375478,298.336499,248.189045,281.050169
297.820985,85.178436,372.213475,104.577504,329.736205,267.471405,255.343715,248.072337
341.598230,139.606339,378.300151,165.846187,279.338439,304.264860,242.636518,278.025012
307.304665,124.558319,388.645535,164.396944,325.119080,294.102656,243.778210,254.264032
307.405069,123.782832,370.387599,153.093378,304.167477,295.387243,241.184947,266.076697
307.826062,114.028245,389.894559,159.331219,320.982992,284.167806,238.914495,238.864832
286.018365,138.627604,352.135290,150.186961,326.185712,298.612710,260.068787,287.053353
310.979779,68.932205,368.208461,81.506202,320.986118,296.431700,263.757435,283.857703
311.526172,65.621886,369.289210,76.557390,327.581705,296.862932,269.818667,285.927428
312.027351,67.041587,360.657772,79.318863,310.525559,277.893084,261.895137,265.615807
305.252941,116.866957,352.789473,133.220392,303.298816,277.080949,255.762284,260.727515
296.579577,66.589293,361.490100,74.626801,337.377575,269.358370,272.467052,261.320862
294.649267,64.329054,359.800307,81.342884,305.089167,290.848190,239.938127,273.834360
299.503757,63.391726,365.423083,85.097650,297.700600,290.765945,231.781274,269.060021
317.762297,73.114352,374.176935,108.744048,278.906226,259.591884,222.491588,223.962188
290.588946,70.933047,373.632415,100.549654,303.292975,297.777893,220.249506,268.161286
290.568715,70.294186,377.655870,105.529810,301.763757,293.102143,214.676602,257.866519
282.606472,72.405236,372.382711,105.402971,301.673277,297.780626,211.897039,264.782890
278.602555,73.821419,373.667091,114.984498,300.206828,284.638131,205.142292,243.475053
271.599334,71.691183,368.684830,107.964941,297.236518,299.193949,200.151022,262.920191
295.823493,79.957064,376.462951,117.320729,297.584102,287.559584,216.944644,250.195919
280.984200,74.973351,348.674403,87.636971,309.244495,298.399648,241.554292,285.736028
286.611320,74.961426,355.842358,92.323860,306.287076,289.920778,237.056039,272.558344
287.936875,73.151535,352.863619,86.764764,316.658223,259.442275,251.731479,245.829046
273.614615,57.620082,385.456572,99.317309,320.802445,272.735174,208.960488,231.037948
210.521809,63.480161,354.303527,83.083842,329.180363,267.347790,185.398646,247.744110
303.482435,59.234197,391.284338,94.626338,318.288048,275.717763,230.486145,240.325622
370.218826,283.099618,287.968493,284.387604,284.614870,70.226360,366.865203,68.938374
294.303600,58.732812,380.539462,64.072852,367.038230,282.103146,280.802367,276.763106
265.468428,55.414127,380.091880,56.878969,377.162197,286.125874,262.538745,284.661033
285.779889,53.008599,384.604734,53.813806,382.774717,278.415725,283.949873,277.610518
387.878876,276.635106,289.070877,281.592690,277.959050,60.126485,376.767049,55.168901
398.040774,248.926839,313.502242,266.769947,274.786065,83.337281,359.324598,65.494174
420.145030,256.302019,321.983696,281.708069,270.761820,83.802152,368.923155,58.396102
424.054858,250.639656,337.378622,280.965134,269.988672,88.351275,356.664908,58.025798
298.326708,56.269079,404.493494,61.833362,392.658352,287.648430,286.491566,282.084147
419.727894,256.438642,313.756392,273.710379,280.327224,68.604246,386.298726,51.332509
423.277248,252.628466,316.165772,273.165279,277.830388,73.223858,384.941863,52.687045
407.914291,282.863244,287.134742,290.824748,272.349092,66.519870,393.128641,58.558367
262.764710,62.429091,404.341476,63.049515,403.355161,288.120271,261.778395,287.499847
402.848196,285.232378,262.556993,285.592845,262.011420,73.260213,402.302624,72.899745
420.532289,260.685978,375.307112,265.679313,352.212937,56.512871,397.438114,51.519536
432.524595,261.213747,382.230940,265.287030,365.064959,53.335197,415.358614,49.261914
439.350137,275.525477,386.579977,280.859553,363.695070,54.458544,416.465230,49.124468
445.142352,278.265561,383.570952,284.118458,362.007648,57.276460,423.579048,51.423563
469.053276,276.415056,400.343918,286.816410,366.366163,62.365838,435.075522,51.964484
466.074926,278.896467,397.990411,288.513830,366.002227,62.058811,434.086742,52.441449
462.958403,281.865809,370.860237,284.485507,364.547193,62.544025,456.645359,59.924326
363.541131,56.703601,471.076320,64.855758,454.412352,284.670334,346.877163,276.518177
465.135333,282.139200,370.319703,284.749796,364.228314,63.513325,459.043944,60.902730
489.974970,256.892179,433.908578,265.295920,404.615537,69.864497,460.681929,61.460755
487.550581,257.749925,431.064033,264.963699,405.913307,68.024113,462.399855,60.810339
503.351957,273.690679,439.990599,284.526615,404.034995,74.282111,467.396352,63.446175
505.361983,251.854431,452.730378,269.531453,392.628505,90.583996,445.260110,72.906975
523.599486,244.360613,451.499290,270.309631,387.334446,92.025511,459.434642,66.076493
528.756743,244.030912,446.902159,274.055691,382.494167,98.464407,464.348750,68.439628
522.967147,260.589440,432.657177,282.893460,386.987040,97.973046,477.297010,75.669026
524.294279,257.742744,435.520204,283.207538,382.947727,99.932028,471.721802,74.467235
526.866359,258.054491,429.607351,286.978402,374.736990,102.472344,471.995997,73.548432
515.212887,254.208681,427.946466,288.892329,358.001109,112.905045,445.267530,78.221397
529.580864,260.042798,431.666643,298.420305,358.509521,111.771320,456.423743,73.393813
534.827405,258.575523,449.227765,310.021387,375.982806,188.150713,461.582445,136.704849
503.588052,255.644987,431.115632,286.409253,356.402415,110.404804,428.874835,79.640538
506.688645,254.585882,431.954264,285.863732,358.359323,110.018131,433.093703,78.740281
460.443302,279.405807,414.272670,285.103232,389.911264,87.683977,436.081896,81.986552
499.329637,262.902711,430.849680,283.813931,372.120295,91.487241,440.600253,70.576021
487.442788,266.621183,430.114086,282.034608,378.234755,89.074585,435.563457,73.661161
475.567311,270.779325,429.417859,282.478928,378.719582,82.497970,424.869034,70.798368
453.198369,278.836399,405.728826,281.547072,393.690252,70.726451,441.159796,68.015779
467.346820,274.329453,420.045289,281.300841,389.448640,73.699674,436.750172,66.728286
465.378783,274.496351,414.200850,281.586035,385.310388,73.035958,436.488321,65.946274
451.970995,281.628187,402.991459,284.480196,390.656520,72.643702,439.636056,69.791694
451.329655,282.138978,403.889003,285.072278,390.726761,72.197557,438.167413,69.264257
452.448930,281.668194,403.454484,284.251441,392.411103,74.800184,441.405549,72.216937
404.192607,80.682222,448.423351,81.987494,442.404599,285.940371,398.173854,284.635100
401.967722,80.101883,447.915105,81.218019,442.967906,284.876691,397.020522,283.760554
403.563832,82.940436,449.548971,85.517475,438.753270,278.157921,392.768131,275.580883
407.932917,86.031242,458.241363,91.683756,438.174940,270.278738,387.866494,264.626225
408.368632,86.794417,457.918459,92.411450,437.898777,269.012114,388.348950,263.395081
402.004979,86.644810,451.924309,90.530259,438.175795,267.167887,388.256466,263.282438
398.431235,84.227729,444.685751,86.544498,435.601582,267.910889,389.347066,265.594121
400.536061,82.892652,444.589157,85.220992,434.943174,267.726677,390.890078,265.398336
396.784981,81.648120,442.282954,83.090579,436.513118,265.082473,391.015145,263.640014
393.465523,76.952395,439.679919,78.766823,431.637591,283.609008,385.423195,281.794580
394.143706,75.117216,441.591803,77.337147,431.879604,284.922571,384.431507,282.702640
389.294016,79.369229,437.766634,80.549266,432.826942,283.457898,384.354324,282.277861
382.952540,83.856089,438.316595,84.957006,434.555129,274.117528,379.191074,273.016611
384.553504,82.162185,440.241013,83.481055,435.710980,274.755544,380.023471,273.436674
385.920190,80.781902,442.483490,84.978303,427.749462,283.578331,371.186162,279.381931
386.248833,87.463244,440.052204,88.454443,436.450042,283.983765,382.646671,282.992566
387.724122,86.663422,439.992882,88.601715,432.687011,285.614736,380.418250,283.676444
387.067030,87.681778,440.262319,89.580547,433.284343,285.073237,380.089053,283.174468
383.483267,90.391950,440.246885,90.869334,438.621507,284.135937,381.857889,283.658553
437.630518,284.075037,382.286769,284.086459,382.247062,91.701047,437.590810,91.689624
444.424937,283.779871,381.050414,284.025847,380.317610,95.222582,443.692132,94.976605
446.325302,218.348744,378.523525,225.056884,365.501841,93.441669,433.303618,86.733529
443.339088,217.728397,380.127358,222.757339,369.667158,91.276942,432.878888,86.247999
432.593996,263.414815,378.389598,265.821754,370.794367,94.776762,424.998765,92.369823
375.576496,90.164776,423.662993,90.999988,420.366106,280.815108,372.279609,279.979897
382.955157,86.889234,428.294988,90.479658,414.343626,266.657290,369.003794,263.066866
379.030601,91.462865,427.940065,94.170878,418.248227,269.215275,369.338764,266.507262
381.874554,86.613909,438.382873,92.683312,417.691726,285.325309,361.183407,279.255906
381.907493,85.621117,437.916945,91.579764,417.269539,285.659031,361.260086,279.700384
374.772354,86.276545,438.381012,91.240869,423.184104,285.961249,359.575447,280.996926
367.651328,73.010962,434.958968,75.650477,426.698264,286.298460,359.390624,283.658945
360.622198,75.252481,427.426524,75.472242,426.741388,283.744553,359.937062,283.524792
429.722458,277.807059,362.614185,279.050522,358.934551,80.464817,426.042824,79.221355
431.178037,277.774526,364.803216,283.359501,349.416040,100.490096,415.790862,94.905121
431.723034,277.114774,365.831926,283.772066,347.354545,100.890625,413.245653,94.233333
433.548298,275.202560,366.237274,284.635326,341.146116,105.588004,408.457139,96.155237
427.020212,274.983613,365.680165,284.005731,340.681378,114.042684,402.021425,105.020566
430.594458,275.719825,367.702183,286.331595,338.927960,115.796774,401.820235,105.185004
418.091091,273.304902,365.013848,278.195544,349.886980,114.026397,402.964223,109.135756
408.651448,263.706062,342.748478,265.049726,339.749227,117.944881,405.652198,116.601217
408.150797,262.971066,344.480569,264.068611,341.958142,117.738787,405.628371,116.641243
406.108917,260.159824,344.073279,262.456180,338.807497,120.202045,400.843135,117.905689
349.792391,116.746244,409.205949,124.887507,390.066839,264.561484,330.653282,256.420221
353.196915,116.751951,411.424499,125.667935,390.056882,265.213351,331.829298,256.297368
361.671793,116.578885,415.871640,130.538739,378.386848,276.075366,324.187001,262.115513
312.198098,118.405588,394.416605,124.079634,385.058113,259.686782,302.839606,254.012736
343.097041,116.347630,399.926683,124.239544,380.738500,262.413578,323.908857,254.521664
314.128501,116.736894,394.825709,125.257863,382.604845,240.994648,301.907637,232.473679
352.493791,113.435920,412.550303,140.504924,351.863342,275.147750,291.806830,248.078745
341.678094,111.723152,409.790326,139.511012,354.635635,274.703474,286.523402,246.915614
331.078082,112.570282,385.901473,125.158303,348.137412,289.628477,293.314020,277.040456
325.961348,122.789184,374.499234,130.627215,352.748696,265.319849,304.210810,257.481817
327.868254,114.974708,376.409920,122.420331,353.718497,270.356839,305.176831,262.911216
327.052576,113.289322,371.948201,120.583921,344.015223,292.501316,299.119598,285.206717
331.946504,108.811910,376.504989,119.546707,335.444388,289.982912,290.885904,279.248114
334.979072,111.401951,378.104694,122.892652,332.422153,294.343297,289.296531,282.852596
327.619155,107.928135,372.041208,116.707246,336.715739,295.453127,292.293686,286.674017
315.602311,99.191393,367.317184,105.197706,345.130599,296.226115,293.415726,290.219802
314.021589,99.498697,367.165300,105.662784,345.077320,296.094415,291.933609,289.930328
329.223282,94.590862,373.918272,104.137250,332.795371,296.669514,288.100381,287.123126
329.280030,90.439761,377.905393,100.258409,338.402459,295.890680,289.777097,286.072032
314.597377,93.222203,368.929660,97.393711,353.726832,295.404699,299.394548,291.233191
319.875254,92.145767,370.423330,98.432333,345.748558,296.833532,295.200482,290.546966
304.537669,86.547178,374.598356,95.781785,348.462676,294.066747,278.401989,284.832140
306.098153,87.449632,375.508768,95.889728,351.201291,295.792297,281.790677,287.352202
323.572743,90.071052,381.466944,98.576339,351.900947,299.827608,294.006746,291.322321
327.527473,92.254168,386.438082,97.808533,367.394546,299.787763,308.483937,294.233398
328.508407,92.025268,385.757464,97.973982,364.729453,300.342745,307.480395,294.394031
323.720579,94.337658,387.767107,101.448868,365.272463,304.045027,301.225935,296.933817
328.947100,108.152073,391.325395,115.253733,369.730552,304.934673,307.352256,297.833013
330.115585,100.908171,393.324358,108.573591,369.561555,304.520788,306.352782,296.855367
326.608375,117.571466,390.849252,123.849112,373.247227,303.975491,309.006351,297.697846
336.066890,173.841376,393.699210,189.488895,361.126824,309.458213,303.494505,293.810695
332.002217,111.136257,392.035897,116.358812,375.665195,304.541309,315.631515,299.318754
323.012738,121.123134,385.035940,121.294280,384.539280,301.283178,322.516079,301.112032
348.631058,101.331513,396.328364,108.223838,367.126672,310.309792,319.429366,303.417468
347.239974,102.065824,396.880239,108.868146,369.160779,311.152227,319.520514,304.349905
