163.190000,53.132000,206.470000,52.967000,207.130000,227.570000,163.860000,227.730000
168.621218,50.725116,215.432670,53.310869,205.596668,231.377959,158.785217,228.792206
171.784757,47.624268,218.092632,50.118539,208.375369,230.526300,162.067494,228.032029
170.632489,47.200583,217.189183,49.184808,209.467960,230.351074,162.911266,228.366849
166.914255,50.713591,215.891928,52.008613,211.190435,229.818863,162.212761,228.523841
169.679305,50.875091,218.792703,52.927164,211.423897,229.288913,162.310499,227.236840
170.684021,52.993381,218.787113,55.199329,210.824176,228.839757,162.721085,226.633808
172.318289,57.976021,220.973168,61.019915,210.471733,228.879246,161.816854,225.835352
171.589547,60.025063,220.745931,64.137700,207.003705,228.391960,157.847321,224.279323
172.558768,55.261508,220.448131,58.812465,207.931006,227.622472,160.041643,224.071514
208.334151,223.835735,170.182426,225.427006,163.150034,56.820995,201.301759,55.229724
208.607980,225.250509,170.058546,226.928512,163.092291,66.889951,201.641726,65.211948
205.061770,221.111707,166.182240,222.870071,158.596154,55.132674,197.475683,53.374309
204.140541,223.044259,165.152360,224.702704,157.801412,51.890228,196.789593,50.231782
200.322988,219.657038,162.273658,221.601039,153.679129,53.382950,191.728458,51.438949
199.961438,219.588778,160.911046,221.060748,154.664149,55.334692,193.714542,53.862722
195.930680,219.620748,157.148527,221.509635,148.873402,51.606869,187.655555,49.717982
196.803016,218.081106,157.778664,220.179522,148.701796,51.376511,187.726148,49.278096
190.426658,217.897965,151.350233,218.477972,148.841366,49.449715,187.917791,48.869708
193.116045,218.658976,154.917091,220.178545,148.193002,51.148173,186.391956,49.628604
151.820929,51.409100,191.766878,53.276692,183.999393,219.415527,144.053444,217.547935
227.790121,212.153554,160.493754,219.272661,143.147198,55.297007,210.443564,48.177900
210.221772,215.128230,156.359579,218.983647,145.293105,64.379206,199.155297,60.523789
205.376399,214.753353,152.945961,216.890047,146.664081,62.744559,199.094520,60.607865
151.554881,65.202941,192.283440,68.404096,180.517034,218.109070,139.788475,214.907916
151.638605,62.118786,195.435660,66.000659,181.941532,218.247565,138.144477,214.365692
151.290278,60.156616,209.499996,63.295199,201.168485,217.815542,142.958767,214.676959
150.993590,60.331324,196.551612,62.495053,189.184630,217.609271,143.626608,215.445542
154.590126,62.130191,199.937955,67.007639,183.563665,219.246779,138.215836,214.369331
154.553542,62.901047,198.668692,67.397903,183.295720,218.210160,139.180570,213.713304
155.952633,56.629537,193.907812,60.835431,176.545017,217.522195,138.589838,213.316301
155.520754,59.071624,194.315083,63.505417,176.685478,217.759057,137.891150,213.325264
154.931795,60.926324,195.368045,65.802248,177.030331,217.877713,136.594080,213.001789
154.783621,61.369656,194.229435,66.084261,176.104398,217.731502,136.658583,213.016897
153.890915,62.215415,195.018482,67.704026,174.815722,219.088475,133.688155,213.599864
153.605773,62.659530,194.936306,68.337660,174.242677,218.964491,132.912144,213.286361
158.892366,60.835455,195.697426,66.725847,171.531714,217.720964,134.726655,211.830572
159.662637,63.217444,195.343256,68.662829,172.502892,218.323203,136.822273,212.877819
165.134717,61.983448,197.442495,68.707098,166.676699,216.539658,134.368921,209.816008
162.868732,62.349571,197.608170,69.683823,166.329743,217.837310,131.590304,210.503058
164.999501,63.984824,196.538623,70.793229,164.539119,219.027099,132.999997,212.218694
166.916159,63.614625,197.887181,70.497253,165.028186,218.358906,134.057164,211.476279
165.044739,66.582339,198.650270,74.900891,162.929429,219.206992,129.323898,210.888440
164.834668,66.235679,198.173959,74.524252,162.338067,218.667657,128.998776,210.379083
163.198028,63.897463,200.304853,73.370275,163.161457,218.868089,126.054632,209.395277
164.041119,65.294807,198.455734,73.834579,162.450212,218.934036,128.035598,210.394264
168.446489,65.163371,199.079499,72.958965,161.935785,218.916248,131.302775,211.120653
169.789540,65.872848,199.783342,73.665547,161.933091,219.349725,131.939289,211.557026
169.911186,66.498211,201.264005,74.442951,164.850614,218.143372,133.497795,210.198633
169.290589,66.082182,201.603326,74.330819,164.701533,218.887803,132.388795,210.639167
174.135758,67.858245,203.076981,74.747954,168.628437,219.454071,139.687213,212.564362
174.531419,67.792403,203.774790,74.939858,168.668175,218.576415,139.424804,211.428961
170.403722,67.026397,205.916937,75.052372,173.030015,220.569933,137.516801,212.543958
172.160126,66.802989,208.457068,75.358715,174.234164,220.546481,137.937222,211.990755
165.361459,67.787221,203.825357,73.974327,179.850322,223.021932,141.386424,216.834826
165.111528,67.602074,203.322072,74.291449,177.268715,223.111462,139.058171,216.422087
163.568851,66.854341,209.722519,72.708331,190.599485,223.476978,144.445818,217.622988
164.368573,65.369693,210.726714,70.971025,192.229293,224.060702,145.871151,218.459370
163.071201,65.498187,216.128616,69.930029,203.115973,225.715631,150.058558,221.283789
168.761128,64.911053,214.896890,68.953225,201.215691,225.105034,155.079929,221.062861
167.921552,63.453497,215.622658,64.283911,212.820010,225.275143,165.118905,224.444729
168.250800,64.356958,216.565644,65.693728,212.154306,225.132713,163.839461,223.795944
223.192880,222.811699,168.715647,224.557803,163.629171,65.863256,218.106403,64.117152
169.080298,64.620391,225.086144,65.666993,222.085888,226.217087,166.080041,225.170485
230.269878,224.656079,173.297164,227.351904,165.668553,66.131246,222.641266,63.435421
231.643230,221.476278,178.338543,227.328715,160.914240,68.626126,214.218926,62.773688
238.502940,222.548440,174.942036,230.549397,155.259682,74.189572,218.820587,66.188615
239.209948,220.678123,178.682253,228.975383,157.217602,72.392870,217.745296,64.095610
246.100209,222.597230,180.520414,233.839596,153.089042,73.824896,218.668837,62.582530
248.182970,222.345436,182.556846,233.748097,154.864671,74.370367,220.490795,62.967706
261.876414,223.084080,190.346885,234.664835,164.126306,72.711184,235.655836,61.130429
260.001048,222.810298,190.559720,234.331670,163.902426,73.663499,233.343755,62.142126
260.645561,226.379929,206.785258,236.992197,174.948453,75.411287,228.808756,64.799019
259.217904,227.319252,206.694348,237.452868,175.552016,76.039013,228.075572,65.905397
263.421678,228.889794,214.526247,237.593585,184.397740,68.340171,233.293171,59.636380
263.515801,230.471408,214.405427,239.096265,184.113245,66.611050,233.223619,57.986193
267.213259,232.135964,219.979673,239.703344,192.814718,70.146881,240.048304,62.579501
268.746654,231.983130,219.940796,240.520171,190.467679,72.023757,239.273537,63.486716
269.874647,231.152946,224.408112,237.529170,200.302874,65.643490,245.769409,59.267266
270.112655,228.593452,224.645362,234.926624,200.936566,64.715732,246.403859,58.382560
274.804907,227.252800,229.066147,233.087201,206.775741,58.341680,252.514502,52.507279
274.862347,227.967112,228.472344,233.411009,207.986101,58.838102,254.376104,53.394206
271.335677,228.993719,226.712381,231.913996,215.274626,57.139419,259.897922,54.219141
273.671705,227.456765,230.655603,231.528018,214.011361,55.668075,257.027462,51.596821
271.911557,229.136626,224.903647,230.344947,220.256259,49.545292,267.264169,48.336971
273.369811,227.710997,229.093222,230.854246,216.340613,51.217797,260.617203,48.074548
221.951752,47.479772,271.279267,47.725101,270.375738,229.394729,221.048224,229.149400
271.699296,225.780508,227.558700,228.179311,217.552263,44.049967,261.692859,41.651164
225.517591,46.882863,278.275043,49.511882,269.372227,228.167801,216.614775,225.538781
223.710287,46.817542,275.350903,48.758594,268.628235,227.611460,216.987618,225.670408
224.994471,51.499164,273.217403,54.074800,263.931557,227.931160,215.708625,225.355524
227.267268,52.578194,274.399079,55.568270,263.358798,229.593420,216.226987,226.603344
265.730350,226.221223,217.508993,227.089085,214.471477,58.314333,262.692834,57.446472
265.419941,225.691293,218.452376,226.735288,214.683807,57.193833,261.651372,56.149838
234.859641,66.473407,289.793310,80.123453,251.993182,232.247458,197.059514,218.597412
219.644943,68.011452,272.100149,71.753926,260.954087,227.979212,208.498881,224.236739
221.101369,70.967601,278.996540,80.288124,254.659619,231.458846,196.764448,222.138323
221.715281,71.334267,279.979863,81.073258,254.805491,231.681706,196.540909,221.942716
234.796575,75.168372,298.888541,104.253768,237.947710,238.541695,173.855745,209.456299
236.414598,74.788170,299.289543,103.916116,235.603017,241.388454,172.728072,212.260507
238.973072,82.872469,300.818100,118.639118,239.151464,225.268475,177.306436,189.501826
233.522026,81.291753,299.866841,116.552283,237.115050,234.623565,170.770235,199.363035
245.005116,85.829049,305.790118,126.441888,238.568866,227.051546,177.783864,186.438707
243.134000,84.880330,307.851347,134.963855,232.726059,232.039875,168.008713,181.956350
239.135761,81.800518,309.871538,143.327036,227.836181,237.641405,157.100404,176.114887
257.463093,92.848391,314.233607,154.080399,223.342346,238.349131,166.571832,177.117123
247.672531,85.370214,312.279345,138.988879,235.563410,231.426322,170.956595,177.807657
221.938357,78.537287,307.556244,132.526293,247.416592,227.898116,161.798705,173.909110
210.401653,79.426903,295.641640,117.983668,248.859432,221.408186,163.619445,182.851421
215.702124,80.549702,298.173803,119.964478,249.299481,222.229361,166.827801,182.814586
204.477557,84.586852,288.857308,110.937208,255.648640,217.278813,171.268889,190.928457
203.161196,84.785966,287.596000,106.955948,259.134537,215.351982,174.699732,193.181999
201.791832,85.414051,284.562621,99.391698,264.285189,219.467633,181.514399,205.489985
204.178889,88.090045,284.007983,99.012981,268.105472,215.234752,188.276378,204.311815
276.454325,218.382055,214.041736,225.863355,198.386424,95.259235,260.799013,87.777935
286.458952,217.549982,235.273532,232.644072,196.414280,100.868842,247.599700,85.774752
297.786622,214.513245,257.178171,234.546848,193.738426,105.953418,234.346878,85.919815
289.824908,214.251768,252.564931,231.459688,194.058004,104.775766,231.317981,87.567846
285.571877,208.711305,251.294937,225.079082,191.699442,100.275864,225.976382,83.908087
291.314519,200.494369,247.714297,224.809267,182.874568,108.542010,226.474789,84.227111
297.731951,184.342671,242.553481,218.520994,168.585470,99.104902,223.763940,64.926580
267.029162,208.442281,222.191632,221.986464,178.909134,78.701314,223.746664,65.157131
249.262479,199.562489,198.471422,213.707605,160.306299,76.667583,211.097356,62.522467
244.304399,197.317963,208.526857,208.491623,160.510321,54.744890,196.287863,43.571230
239.460793,188.891785,208.176855,198.259064,162.192032,44.683371,193.475969,35.316092
239.033483,173.030408,199.245970,187.405400,145.898777,39.749519,185.686290,25.374527
240.148736,163.614129,194.274780,180.087776,142.592752,36.169484,188.466708,19.695837
235.712423,149.219603,197.411355,164.724326,143.325114,31.115949,181.626182,15.611227
233.309762,155.874461,192.094123,170.431834,143.569546,33.046368,184.785186,18.488995
221.684135,159.707142,178.081474,171.989273,138.979180,33.172636,182.581842,20.890506
225.257794,148.070205,184.741550,162.841784,134.967752,26.319655,175.483996,11.548076
221.249673,155.482676,190.657845,166.439480,136.196083,14.380101,166.787911,3.423297
225.058004,150.909620,186.414079,163.236968,141.307193,21.835335,179.951118,9.507987
225.877186,154.579804,181.486622,166.461196,143.512763,24.585469,187.903328,12.704078
223.588691,164.487684,193.839122,172.978388,150.871013,22.427539,180.620582,13.936835
230.528616,167.573104,192.095263,176.813841,151.478998,7.885849,189.912351,-1.354889
237.586909,170.760378,197.874950,181.764334,154.882750,26.610633,194.594709,15.606677
234.862163,181.179831,203.946815,189.318767,162.018966,30.057886,192.934313,21.918951
243.810200,186.291408,206.252402,195.419104,166.402220,31.447253,203.960018,22.319558
254.379510,191.409133,210.292806,202.745304,169.876893,45.566619,213.963598,34.230448
255.462510,200.144554,223.821953,206.801851,193.031953,60.464276,224.672510,53.806979
261.316644,209.904196,224.449975,216.637797,198.033538,72.007016,234.900208,65.273414
271.613791,210.237313,227.881845,219.301681,196.989000,70.256069,240.720946,61.191702
275.726937,209.570911,234.522289,218.526625,201.956057,68.691543,243.160705,59.735829
281.700034,210.484374,239.753067,218.852105,209.629235,67.843024,251.576202,59.475293
293.326228,198.242803,247.995018,209.479499,217.495415,86.437645,262.826624,75.200949
297.348018,213.422655,248.022823,223.666099,219.998306,88.719811,269.323501,78.476367
302.270807,205.357429,247.752778,218.313862,217.595563,91.418450,272.113592,78.462016
318.458077,195.843478,261.562288,217.226404,217.014524,98.693511,273.910313,77.310584
322.263135,199.092749,283.007782,215.379776,232.517998,93.688182,271.773351,77.401155
320.498894,199.121908,283.962629,213.885170,236.265938,95.844930,272.802203,81.081668
318.676900,202.156535,283.958606,216.267976,235.834974,97.869690,270.553269,83.758249
324.444531,198.133875,287.190217,215.291894,234.572291,101.045333,271.826605,83.887314
340.053764,187.275807,296.308819,215.447260,229.166857,111.188474,272.911802,83.017021
343.102497,181.775269,296.988634,214.159165,226.997633,114.493718,273.111496,82.109822
330.602094,195.808617,287.233072,218.055610,229.216402,104.956003,272.585424,82.709009
332.676178,193.752775,287.631509,217.445888,228.398727,104.834214,273.443397,81.141101
334.101266,193.001063,289.042793,218.563920,225.808357,107.103487,270.866829,81.540630
303.616087,212.723174,264.381638,220.670438,238.079980,90.823096,277.314429,82.875832
317.734254,205.279742,271.096566,221.443712,227.992646,97.076543,274.630334,80.912573
303.591922,214.139001,261.926779,221.330658,238.717340,86.865877,280.382483,79.674220
331.930756,194.301598,287.549771,219.512309,222.722229,105.389777,267.103214,80.179066
313.044991,211.457427,276.009324,224.579715,229.601231,93.599918,266.636898,80.477629
307.039975,214.562297,269.845737,226.082609,227.056009,87.932582,264.250247,76.412271
301.703420,216.089347,257.321689,228.506095,218.123718,88.399064,262.505449,75.982316
302.213557,215.515180,257.599806,228.890245,215.290928,87.765114,259.904679,74.390049
276.319979,211.585379,211.695566,211.860887,211.111156,74.778799,275.735569,74.503291
205.665770,65.335008,273.472275,68.713598,266.510332,208.436093,198.703827,205.057503
204.694330,60.146237,271.212026,68.214329,254.555320,205.541185,188.037624,197.473093
205.407451,53.265357,266.123881,61.793998,244.802280,213.585074,184.085849,205.056434
206.933637,54.302472,264.355544,64.469866,236.758334,220.329330,179.336426,210.161936
208.917489,53.745468,260.033199,63.407317,229.949714,222.563049,178.834004,212.901200
199.536245,51.001446,249.897286,58.214710,226.454180,221.888093,176.093139,214.674830
196.747651,51.643374,243.870450,57.363861,223.712544,223.415632,176.589745,217.695145
193.568692,47.685593,239.268177,52.355821,221.699225,224.272929,175.999740,219.602701
192.684900,52.743401,237.083448,56.798339,221.674682,225.512823,177.276134,221.457884
191.775127,54.735265,239.340908,60.348405,219.567345,227.909679,172.001564,222.296538
192.589812,55.632352,244.920978,63.196394,220.810594,230.001984,168.479429,222.437942
181.264782,60.271276,236.516774,65.512206,220.903170,230.117100,165.651178,224.876170
191.114046,64.148514,259.286096,77.248389,228.791306,235.943982,160.619255,222.844107
192.767531,68.020192,258.134548,81.013272,227.275983,236.259939,161.908965,223.266859
184.059075,74.160003,242.447918,82.409639,221.095919,233.533703,162.707076,225.284067
194.863438,74.069319,260.582289,92.103787,219.191707,242.933939,153.472855,224.899471
201.515834,75.582394,268.739823,99.891881,214.940140,248.666283,147.716151,224.356797
202.361520,75.108414,275.219183,107.386249,210.663515,253.101575,137.805852,220.823741
210.877789,76.436946,283.577507,120.116589,199.383411,260.247928,126.683694,216.568285
219.514302,77.069229,287.204552,128.891932,185.914723,261.195602,118.224473,209.372899
231.985618,83.203294,288.940513,133.050436,180.344952,257.130743,123.390058,207.283600
229.362358,75.405425,291.834087,139.083877,194.846906,234.233125,132.375178,170.554673
223.533400,73.901440,282.547276,118.284739,182.894209,250.787593,123.880332,206.404294
231.235642,73.223502,288.577989,120.129744,178.850888,254.269877,121.508541,207.363635
235.880863,75.502576,291.400740,122.948405,180.693805,252.494785,125.173928,205.048956
242.689231,76.112549,296.937113,127.872019,184.645381,245.562339,130.397499,193.802868
243.416125,73.427485,294.212617,116.329479,189.432748,240.390142,138.636256,197.488149
216.888001,74.647509,290.494563,96.752643,247.353898,240.404160,173.747336,218.299026
251.733501,80.459510,294.410504,114.422237,197.925484,235.663722,155.248481,201.700995
249.872454,78.873574,291.104381,110.301310,196.821172,233.997091,155.589245,202.569355
246.254438,77.098096,288.487864,109.205125,193.626187,233.985701,151.392761,201.878671
245.702989,76.781340,290.868857,110.133985,196.936919,237.335819,151.771050,203.983174
246.512599,77.021723,292.859118,108.030024,203.631148,241.394494,157.284630,210.386193
241.577476,78.071274,291.782208,109.201555,207.201822,245.606864,156.997090,214.476583
234.316221,75.799452,289.807486,103.697373,217.693990,247.137057,162.202726,219.239135
232.972719,76.297839,298.465345,108.471654,229.291642,249.280800,163.799016,217.106985
227.772870,75.043145,294.909134,101.599899,236.301125,249.762689,169.164861,223.205935
227.666861,73.103216,296.484485,98.754064,240.400427,249.219717,171.582803,223.568869
231.937119,70.851606,303.222770,99.628708,241.352000,252.892857,170.066349,224.115755
237.243424,68.457870,308.867424,95.598340,257.443374,231.306972,185.819374,204.166501
264.695433,72.062846,340.993388,122.143145,243.109167,271.270966,166.811212,221.190667
269.035622,70.780120,341.743539,118.361546,262.181156,239.938719,189.473238,192.357293
260.176762,65.393063,339.422401,107.509437,268.559930,240.843368,189.314291,198.726994
259.465398,64.362594,339.389765,108.219825,260.583803,251.833922,180.659436,207.976691
263.168070,59.972307,345.576769,105.224313,266.728577,248.815228,184.319878,203.563222
278.832252,66.667311,354.904195,119.451587,263.140761,251.699733,187.068818,198.915457
276.869482,60.634582,354.704645,110.782441,260.580973,256.873054,182.745810,206.725196
240.363696,54.811632,335.717335,83.974520,291.556391,228.367172,196.202753,199.204285
228.100800,51.572797,324.459943,77.218577,283.793063,230.016646,187.433921,204.370866
224.673310,51.121497,324.651796,73.998750,290.018176,225.355069,190.039690,202.477816
225.296410,49.424996,313.526141,65.831545,285.140208,218.482984,196.910477,202.076435
225.686285,49.180984,303.137592,59.998739,281.895455,212.084942,204.444148,201.267187
227.644652,51.104334,294.372551,59.446976,276.665718,201.073538,209.937819,192.730896
215.802581,53.601184,282.294302,56.110766,276.832270,200.828039,210.340550,198.318457
276.679894,207.578281,207.803569,209.104346,204.362986,53.819541,273.239311,52.293476
280.954546,225.014822,235.737797,227.430853,226.409230,52.843961,271.625979,50.427930
275.298628,219.103518,235.872102,220.320782,230.707951,53.056733,270.134477,51.839469
275.645490,221.705854,233.712588,224.256693,223.371351,54.258438,265.304254,51.707600
283.870098,224.786175,250.843710,229.912523,223.392943,53.061544,256.419331,47.935196
290.623697,222.398227,255.504035,229.448341,219.649168,50.839773,254.768830,43.789659
300.235796,218.778863,260.263281,228.816497,215.705981,51.377529,255.678495,41.339896
306.402959,217.187786,263.888493,229.626968,214.724106,61.593600,257.238573,49.154418
313.097341,213.663335,269.533176,228.237882,214.358106,63.316399,257.922271,48.741852
321.706189,207.873048,274.936489,226.741305,212.179024,71.181213,258.948725,52.312956
330.789586,196.271334,282.958710,223.659501,202.942302,83.918314,250.773178,56.530148
337.277838,186.434218,285.482094,221.318932,199.221711,93.242184,251.017455,58.357470
339.904228,184.794044,287.732667,221.836297,199.928809,98.170375,252.100370,61.128122
361.717461,164.222448,296.689038,248.708977,174.231035,154.454295,239.259459,69.967767
343.043555,186.980772,294.886076,225.444532,197.549214,103.576626,245.706693,65.112866
353.461069,192.825840,304.856912,234.949510,195.971199,109.312350,244.575356,67.188680
348.674203,167.785373,298.772410,227.081757,188.518197,134.295611,238.419990,74.999227
340.521945,184.599283,269.360093,246.079572,172.154771,133.566915,243.316623,72.086626
345.052653,187.497706,276.939909,249.967355,174.311200,138.067847,242.423944,75.598198
331.671243,203.805549,268.197975,250.417852,175.750242,124.529203,239.223510,77.916901
324.457311,210.136280,260.750870,249.418289,178.258650,115.634763,241.965092,76.352753
325.126764,208.939908,265.853848,246.849842,181.387855,114.785626,240.660771,76.875692
324.739354,207.229428,266.439482,245.177634,181.733665,115.043992,240.033537,77.095786
324.791878,210.308324,270.569138,245.812614,182.156494,110.787359,236.379234,75.283069
322.345273,214.278226,265.294643,249.543683,179.551180,110.832347,236.601810,75.566890
326.101726,212.175324,257.910206,256.062825,168.672286,117.406734,236.863806,73.519232
321.011477,214.962250,253.203328,255.145536,168.750319,112.633492,236.558469,72.450206
329.538999,209.600107,247.639765,251.114988,172.431648,102.746812,254.330881,61.231931
301.852370,223.830987,246.599598,250.179210,174.428376,98.834662,229.681148,72.486438
302.934508,221.095894,245.211202,249.682455,170.661936,99.149129,228.385241,70.562568
295.675891,224.645234,248.833627,245.553885,179.635948,90.528298,226.478212,69.619646
295.816720,223.397517,249.413131,243.888761,180.791290,88.490696,227.194879,67.999452
291.762035,223.896130,245.616943,244.717300,175.287660,88.849432,221.432753,68.028263
291.170976,224.871971,243.560836,246.346617,172.601137,89.026154,220.211277,67.551508
291.348721,224.497253,246.279014,243.558878,178.898384,84.242706,223.968090,65.181080
289.581890,224.050098,247.076889,242.321195,178.342761,82.421432,220.847762,64.150334
291.114960,222.086202,238.348567,245.752656,166.902670,86.457885,219.669063,62.791431
292.216787,222.451986,241.761659,244.344452,171.979423,83.518732,222.434550,61.626266
291.447066,218.870906,245.595306,238.706509,176.621503,79.267434,222.473263,59.431831
292.660445,213.733749,245.171924,235.762226,173.818816,81.940711,221.307337,59.912234
272.261878,222.636086,224.258790,232.508736,190.547301,68.595753,238.550389,58.723102
284.408620,211.997472,235.659028,229.639799,178.951546,72.944683,227.701138,55.302356
281.017556,215.303361,238.995153,229.024297,186.855595,69.339164,228.877998,55.618227
261.621276,225.278419,215.154171,231.018610,194.253987,61.830689,240.721092,56.090498
281.616478,213.027762,234.328293,228.179353,183.822988,70.552070,231.111173,55.400479
275.640057,219.422531,233.142671,229.914719,192.519072,65.373558,235.016458,54.881370
277.112561,217.187469,226.525336,230.531951,183.768525,68.446351,234.355750,55.101868
271.318311,219.609633,214.775115,231.744713,179.514694,67.449387,236.057890,55.314307
274.565608,216.981518,223.785107,229.849018,182.171065,65.622715,232.951566,52.755215
283.854946,213.322471,225.608393,229.359863,181.435225,68.926373,239.681779,52.888981
280.900394,213.755534,226.602349,230.121743,179.429159,73.615614,233.727203,57.249405
308.887628,205.015727,228.302813,229.380103,181.266033,73.806641,261.850848,49.442266
274.883891,217.880784,226.340703,231.016562,183.088753,71.179234,231.631941,58.043456
274.049772,216.887336,226.942266,229.970766,183.953854,75.188962,231.061359,62.105533
272.903552,218.459302,227.929795,230.213380,187.350242,74.946839,232.323999,63.192762
277.267220,218.340560,227.543404,231.947886,185.332921,77.702577,235.056738,64.095250
276.300670,219.495891,226.613409,231.721697,189.686484,81.645887,239.373746,69.420081
274.095885,220.636559,222.820731,231.081236,192.510689,82.282750,243.785843,71.838074
277.156237,220.664154,221.632188,232.926480,189.081288,85.535367,244.605337,73.273042
274.141247,221.314019,219.987943,232.267653,190.497390,86.470294,244.650695,75.516661
282.993217,220.383243,220.027972,234.345908,187.753614,88.803292,250.718859,74.840626
278.187509,222.475943,222.987938,234.889304,190.129041,88.772791,245.328612,76.359430
278.908050,222.317149,227.226666,236.980659,185.929436,91.429008,237.610819,76.765498
274.443122,225.717502,224.303049,238.713245,185.604613,89.407250,235.744686,76.411507
279.135445,224.101047,216.430700,243.406616,171.384372,97.095544,234.089117,77.789975
275.036192,226.203427,224.090294,240.267677,182.522621,89.694246,233.468519,75.629995
281.574857,222.870106,221.309839,239.117193,180.982249,89.530808,241.247267,73.283721
276.178515,222.747652,224.581857,238.158531,179.921760,88.633522,231.518418,73.222643
277.890971,221.555861,224.379309,237.769571,179.235253,88.776315,232.746916,72.562605
280.675113,220.355331,226.098192,238.054211,177.860070,89.305348,232.436991,71.606469
282.667185,221.378996,226.597738,239.208315,178.353699,87.490987,234.423146,69.661668
284.391497,220.880543,227.085833,239.204716,178.580671,87.513252,235.886335,69.189080
285.466484,220.032325,227.318619,238.337015,179.582860,86.696503,237.730726,68.391814
286.033468,220.863533,226.619505,237.222679,183.636651,81.115404,243.050614,64.756258
287.440130,221.865469,227.517896,239.353077,181.570064,81.910346,241.492297,64.422738
285.863403,222.826083,226.446488,238.534583,184.347710,79.297250,243.764625,63.588751
285.272250,222.830566,224.375328,237.706305,184.998373,76.508571,245.895295,61.632832
283.386884,223.255764,224.601949,236.940471,186.899186,74.981976,245.684121,61.297270
280.970696,220.631463,221.216762,233.847073,185.534613,72.511451,245.288548,59.295841
277.540551,214.689687,219.097873,227.575316,185.174484,73.716019,243.617162,60.830390
276.747062,217.099332,216.421924,229.689741,183.094371,70.005553,243.419509,57.415144
273.703508,219.792323,219.818501,227.075638,197.644854,63.025728,251.529861,55.742413
272.283702,220.008588,219.291405,226.892113,197.417092,58.494371,250.409389,51.610846
271.653540,222.186889,226.682537,226.963426,208.707675,57.730442,253.678678,52.953905
271.620973,223.370339,227.149099,227.126397,212.717927,56.260779,257.189800,52.504720
271.877978,222.104701,229.222976,225.388934,216.086044,54.768927,258.741046,51.484694
271.948472,223.552677,227.824875,227.285936,213.274737,55.317042,257.398334,51.583783
270.328294,222.515273,228.809306,225.484160,216.438942,52.488378,257.957930,49.519491
270.785168,223.776753,223.958678,227.561185,210.113195,56.244757,256.939685,52.460325
269.746104,223.350381,228.659006,225.735194,218.523552,51.115030,259.610649,48.730217
270.342311,223.602301,230.732263,225.346636,223.057186,51.062426,262.667234,49.318090
270.470976,225.760859,233.100640,226.726618,228.564498,51.199284,265.934833,50.233525
232.026556,41.685665,273.071708,42.061782,271.374096,227.319630,230.328945,226.943512
272.894799,225.627586,233.502455,226.455433,229.801491,50.348485,269.193835,49.520637
269.220680,225.684637,232.870032,225.942479,231.612076,48.595377,267.962725,48.337536
269.905245,226.142611,232.633850,226.731210,229.846658,50.240196,267.118053,49.651596
271.020055,225.161545,231.272248,225.579062,229.416615,48.922141,269.164423,48.504624
268.699431,226.461587,229.871329,226.503363,229.682741,51.222215,268.510843,51.180439
229.316127,51.190036,271.073817,51.667255,269.077032,226.390221,227.319342,225.913002
228.885701,53.040415,275.019632,54.475640,269.620450,228.027093,223.486519,226.591867
228.567047,55.055931,277.670392,57.335947,269.690336,229.197652,220.586992,226.917637
266.515223,228.352023,214.145254,229.624097,209.977182,58.028878,262.347151,56.756804
266.745271,228.007463,220.010956,229.855339,213.266207,59.275089,260.000523,57.427213
215.828083,59.485161,263.447140,59.749691,262.505158,229.319991,214.886101,229.055462
262.149415,228.243301,215.299641,229.780938,209.802588,62.292997,256.652362,60.755360
216.065122,63.129784,262.622780,63.801285,260.238953,229.080970,213.681295,228.409469
215.272789,65.139769,266.255983,65.946978,263.650899,230.483648,212.667705,229.676439
223.110789,64.743983,273.347719,68.676652,260.543679,232.238752,210.306749,228.306083
229.887830,64.584305,285.691169,72.592303,262.334506,235.352040,206.531168,227.344042
229.734762,65.893904,284.698524,73.921372,260.794508,237.591240,205.830747,229.563772
232.420615,65.979094,286.754767,75.001281,259.688206,238.003735,205.354055,228.981548
239.287924,65.925332,294.533676,79.052138,255.956940,241.406999,200.711189,228.280193
238.954858,68.050521,286.230515,78.762052,249.654554,240.191125,202.378897,229.479593
238.086341,66.733449,292.645423,80.421729,251.580585,244.098977,197.021502,230.410697
238.208895,66.975187,293.080535,80.957094,251.426103,244.428856,196.554463,230.446949
247.700201,66.928923,294.627346,80.682286,246.658301,244.355010,199.731157,230.601647
252.914831,68.993427,302.312980,85.955406,246.633438,248.110199,197.235289,231.148219
253.886107,67.749203,301.227086,83.788824,245.088410,249.482250,197.747431,233.442629
259.475314,68.684804,304.100415,84.959026,244.292647,248.956274,199.667545,232.682051
265.525150,68.755617,308.615646,85.798786,242.937096,251.854844,199.846600,234.811676
268.807176,67.572609,313.634013,85.506759,246.281317,253.856438,201.454480,235.922288
273.103386,64.536043,319.624861,83.531169,250.767527,252.171517,204.246052,233.176391
276.011604,61.914466,324.795476,81.650841,255.718166,252.394392,206.934294,232.658018
279.581130,63.898525,326.850697,85.076447,252.963280,249.994711,205.693714,228.816789
278.206629,41.474005,330.113508,57.670194,269.287819,252.609362,217.380940,236.413173
274.807902,40.839402,330.042475,56.383861,274.961023,252.106371,219.726449,236.561912
291.418212,45.174775,339.207581,63.687978,265.154766,254.845454,217.365397,236.332251
267.856013,37.896349,340.200737,63.123999,273.727880,253.746605,201.383156,228.518955
266.368753,35.999649,344.256956,68.483572,266.984593,253.763088,189.096389,221.279164
282.491638,45.185536,340.357116,62.328976,283.212317,255.213903,225.346839,238.070464
234.932032,36.444042,334.340865,56.629442,294.811125,251.305073,195.402292,231.119673
279.139456,45.841528,334.745220,58.276335,290.912525,254.286654,235.306760,241.851847
281.425043,45.058677,331.258819,54.491938,293.787808,252.442768,243.954033,243.009507
297.399283,42.010021,340.209937,54.212020,283.267274,253.995071,240.456620,241.793072
291.534346,38.522056,336.969759,48.341443,292.493710,254.137137,247.058297,244.317750
301.039242,39.167254,343.634720,50.563922,288.997752,254.771655,246.402274,243.374986
309.329787,38.152024,381.425286,63.342975,312.353323,261.024184,240.257824,235.833232
309.714053,33.821631,377.332915,56.069752,310.588552,258.926339,242.969690,236.678218
308.432408,32.151902,372.164100,51.518891,309.715440,257.021081,245.983748,237.654092
301.859135,30.238984,377.586106,49.907696,323.327592,258.809686,247.600621,239.140974
292.039210,29.117409,351.918328,40.312566,311.824042,254.763359,251.944924,243.568202
276.641927,29.676027,350.501342,35.295978,334.073791,251.192728,260.214377,245.572777
277.761811,28.309170,330.172171,33.881242,307.130903,250.605166,254.720543,245.033094
279.075458,29.644175,331.236810,37.199785,300.401756,250.074492,248.240403,242.518882
284.561720,27.677660,331.172844,36.756000,290.190624,247.171933,243.579500,238.093594
278.853225,29.525464,325.296182,37.498663,289.302885,247.155442,242.859928,239.182244
270.434545,28.033885,323.426733,36.743289,288.589115,248.712038,235.596927,240.002634
268.477838,28.194700,326.823052,39.413735,286.185215,250.753069,227.840001,239.534034
261.387186,32.812521,322.216444,45.083855,280.441689,252.162180,219.612431,239.890845
254.507708,34.618472,302.528589,43.048497,266.074423,250.706361,218.053542,242.276335
246.456692,35.392710,292.005460,41.356235,264.838287,248.856178,219.289519,242.892653
245.242559,34.755932,291.415755,42.684419,256.077354,248.484948,209.904159,240.556460
237.526109,35.690118,287.713903,44.397259,252.449979,247.657822,202.262186,238.950680
237.336139,36.678926,290.282392,49.061774,244.053095,246.727785,191.106842,234.344938
231.093722,37.053302,292.549573,53.200184,241.848365,246.171556,180.392514,230.024674
223.580429,37.275913,289.266789,54.862903,238.574877,244.194173,172.888518,226.607184
215.866534,36.779096,286.260231,56.577909,233.463396,244.294435,163.069699,224.495622
210.556606,36.342581,284.637864,58.893268,228.663837,242.773536,154.582578,220.222848
204.155304,37.165815,277.483068,59.899049,222.509975,237.218914,149.182211,214.485680
198.218081,34.962242,275.325310,60.401465,219.537540,229.496265,142.430312,204.057042
192.067485,34.533833,279.234124,65.760382,216.300617,241.434685,129.133978,210.208136
265.535910,232.852835,199.211307,241.986247,172.588380,48.657084,238.912983,39.523672
251.728391,237.651565,177.680668,239.583331,172.665507,47.344050,246.713230,45.412285
170.307484,46.859821,247.151597,50.317729,238.570861,241.004973,161.726748,237.547064
171.999313,42.218509,247.358838,54.535008,216.795674,241.538273,141.436149,229.221775
171.892777,39.437682,264.394528,72.131344,205.166881,239.706980,112.665130,207.013318
164.930035,37.482762,252.280869,68.190288,198.897015,220.046353,111.546181,189.338826
157.856916,39.641589,244.541168,62.868746,197.718170,237.613189,111.033919,214.386033
170.172615,38.434411,260.157438,81.393950,194.490714,218.942180,104.505891,175.982641
175.480413,39.539719,231.551100,49.673995,197.601275,237.510795,141.530589,227.376519
154.510456,33.518265,238.803565,58.268394,190.445621,222.964160,106.152513,198.214032
140.786626,37.961410,228.323129,56.188728,192.157815,229.872266,104.621312,211.644948
220.889944,235.341810,133.999259,236.006831,132.603804,53.678838,219.494489,53.013816
156.307285,47.097384,226.546036,58.902892,196.560048,237.309321,126.321296,225.503814
149.533164,48.118416,225.819853,58.858917,200.758683,236.861190,124.471995,226.120688
152.168773,48.809932,226.357603,60.160386,199.116513,238.213576,124.927684,226.863122
152.552155,52.694260,224.872099,62.973927,200.013996,237.856702,127.694051,227.577035
151.582492,55.119042,225.285068,65.097566,201.942449,237.508949,128.239873,227.530425
175.792870,60.313566,221.112478,62.554947,212.520520,236.280110,167.200912,234.038729
167.122378,56.421808,225.403813,63.826996,203.342525,237.457105,145.061090,230.051918
157.227488,55.564272,227.242889,65.769323,202.194128,237.625308,132.178726,227.420257
170.938047,49.980463,245.363046,72.982333,197.799857,226.878094,123.374858,203.876224
174.211831,59.943219,226.341169,67.299566,202.142659,238.777653,150.013321,231.421306
174.979165,58.947862,227.027544,66.574433,201.859861,238.334084,149.811482,230.707513
221.585051,237.869219,151.304393,239.113235,148.172140,62.156579,218.452797,60.912563
181.654581,42.400391,248.852629,58.839721,204.615886,239.663558,137.417838,223.224228
191.549377,40.631797,251.106744,58.058912,198.825399,236.731011,139.268032,219.303896
161.492922,58.979769,225.993041,65.943977,207.421819,237.944296,142.921699,230.980088
175.803932,56.591657,232.515779,68.772405,196.823353,234.951305,140.111506,222.770556
155.185863,50.564271,221.922848,52.332909,216.991069,238.426424,150.254084,236.657786
156.695763,50.155285,229.335512,53.190289,221.579391,238.825203,148.939642,235.790199
158.596186,54.096654,223.497757,58.442004,211.406346,239.037679,146.504776,234.692329
224.864106,236.088699,159.494039,240.607165,145.251049,34.549346,210.621116,30.030880
219.001760,236.151539,160.945087,238.802989,151.757503,37.629866,209.814176,34.978416
217.632976,238.024541,158.467598,239.201501,154.476170,38.553697,213.641548,37.376738
213.940175,239.522422,160.026490,240.462210,156.625350,45.346018,210.539035,44.406230
212.662689,238.863246,158.923170,238.946440,158.667916,74.063825,212.407435,73.980631
215.205951,238.258818,162.439327,240.696822,154.515813,69.205293,207.282438,66.767289
216.473307,238.007646,161.456472,240.605299,154.125319,85.335566,209.142153,82.737913
220.758898,238.608856,168.184246,244.796326,150.184334,91.851881,202.758987,85.664411
214.589994,238.362458,167.747342,240.032027,162.453589,91.506545,209.296241,89.836977
216.080784,239.088716,167.275863,241.554819,159.932354,96.224609,208.737275,93.758505
219.911877,239.306696,167.417728,242.541961,158.409736,96.381783,210.903884,93.146518
223.423375,238.359675,164.905786,243.278528,152.653370,97.516535,211.170959,92.597682
223.792746,236.682347,161.058575,240.564362,152.324042,99.412477,215.058213,95.530462
226.934290,231.589688,159.824044,240.935063,141.766879,111.264418,208.877126,101.919043
225.181771,228.696415,155.738812,237.993151,138.248341,107.346228,207.691301,98.049491
224.787086,229.246801,150.330046,239.339933,132.956622,111.176175,207.413662,101.083043
221.920986,232.121639,146.633879,239.151340,133.957368,103.387704,209.244475,96.358003
149.702106,97.301647,218.464779,97.938798,217.225874,231.643996,148.463200,231.006845
161.618919,96.640333,229.019154,101.887392,218.525037,236.687862,151.124801,231.440803
163.800292,97.274306,227.309042,103.163828,214.737180,238.730584,151.228429,232.841062
167.088148,87.507595,227.797904,94.346589,210.633370,246.716172,149.923614,239.877178
168.897282,91.333803,227.675875,97.627525,211.689821,246.925152,152.911227,240.631429
172.664125,93.730534,227.469524,99.657918,211.501877,247.296952,156.696478,241.369568
183.133771,85.022656,230.724319,91.628864,208.997233,248.148887,161.406686,241.542678
190.043584,78.221319,231.411049,84.012293,208.826252,245.345405,167.458787,239.554432
195.383520,78.698378,231.111135,83.118501,211.343363,242.900337,175.615748,238.480214
207.108577,75.380143,236.221423,79.929426,210.980239,241.458762,181.867393,236.909479
201.975389,79.958773,237.342213,83.532018,221.491664,240.415622,186.124840,236.842377
192.910460,86.196560,238.293327,88.527897,230.739792,235.568386,185.356925,233.237048
202.630640,89.200605,246.466556,92.224713,236.429092,237.722646,192.593176,234.698539
193.421060,90.040400,247.441017,91.145042,244.514684,234.250542,190.494727,233.145900
249.451574,233.283634,191.177722,234.212200,188.825357,86.585107,247.099209,85.656542
251.232250,232.343312,194.069376,233.001829,192.423083,90.094645,249.585957,89.436128
253.651990,230.129383,194.643166,230.562904,193.610596,90.014614,252.619420,89.581092
255.328206,227.864516,196.962888,229.293633,193.565363,90.538348,251.930681,89.109230
257.627115,228.207814,198.434989,229.700254,194.915083,90.096184,254.107209,88.603744
205.750616,96.590344,262.277415,98.999758,256.797179,227.570516,200.270380,225.161102
209.020600,91.098417,261.303405,93.009152,256.312099,229.584642,204.029294,227.673908
214.793069,90.226669,261.450128,92.626765,254.354191,230.569374,207.697132,228.169277
219.558804,91.193667,265.641500,95.124018,253.932330,232.412049,207.849634,228.481698
222.316688,90.616345,265.343479,92.822903,258.301271,230.142448,215.274481,227.935889
224.545321,88.673418,266.789415,89.379817,264.478903,227.553208,222.234809,226.846810
273.259592,225.235755,231.929982,226.998584,226.210582,92.906961,267.540191,91.144132
277.143104,223.946019,232.828144,227.913270,220.537446,90.623786,264.852406,86.656536
283.684777,220.424279,239.764182,225.981984,222.646452,90.706553,266.567047,85.148849
290.578007,221.814698,247.343738,228.630552,225.226987,88.339761,268.461256,81.523907
296.627225,221.002510,253.510480,230.082717,223.951510,89.723949,267.068255,80.643742
300.544927,220.663418,258.833659,229.982330,226.641053,85.888860,268.352320,76.569947
302.469198,220.357532,262.757272,231.045309,223.314286,84.489393,263.026212,73.801616
301.594394,219.518422,263.244747,229.438778,224.773123,80.716976,263.122771,70.796620
301.438269,218.315864,264.214568,228.722549,222.587828,79.827744,259.811529,69.421059
297.914546,217.578848,260.925849,226.556050,224.803297,77.720576,261.791995,68.743374
292.440739,216.630306,256.437293,223.895537,226.313161,74.612958,262.316607,67.347726
287.208715,214.967024,251.712678,220.859319,227.424924,74.546383,262.920962,68.654088
281.291672,213.305248,245.399962,218.043542,226.221155,72.767573,262.112865,68.029280
274.800434,213.251368,237.915919,216.905749,223.723323,73.656586,260.607838,70.002205
271.852514,212.311237,230.977691,216.840522,215.502633,77.184875,256.377457,72.655590
263.130508,214.067621,222.603513,215.337173,218.315248,78.445990,258.842243,77.176438
258.287557,212.015343,214.821716,213.284812,211.068503,84.777109,254.534344,83.507640
212.979945,88.723859,254.108649,89.305271,252.364415,212.691380,211.235711,212.109969
210.578345,87.667567,255.152060,90.465753,247.317138,215.272153,202.743424,212.473967
208.535365,92.876905,251.889428,94.526038,247.345896,213.970904,203.991834,212.321771
205.118227,87.528953,252.120012,90.632941,243.972044,214.012626,196.970259,210.908639
199.339983,101.383001,249.882397,102.228109,248.063265,211.022798,197.520851,210.177689
249.817655,210.526896,195.913663,211.020265,194.943370,105.009080,248.847362,104.515711
247.842397,208.715997,201.020865,212.561282,192.351494,107.000009,239.173026,103.154724
249.898869,207.152459,202.807449,215.257699,184.398937,108.304306,231.490357,100.199065
253.037194,206.847281,210.003923,218.096004,182.082984,111.281276,225.116256,100.032552
253.014129,207.903360,212.533241,218.979175,182.346216,108.648911,222.827104,97.573096
253.457048,207.395960,213.581951,219.625504,179.950704,109.968989,219.825800,97.739445
258.181170,205.027960,212.809367,218.576757,180.957808,111.913219,226.329611,98.364422
256.153229,205.528718,218.207521,221.063737,173.585659,112.070746,211.531367,96.535727
252.409597,196.881306,215.727915,212.859028,172.657535,113.977969,209.339218,98.000248
240.755146,203.424107,208.792686,210.586846,184.854058,103.764940,216.816518,96.602201
243.104350,201.869037,211.598701,210.657047,182.158865,105.113122,213.664515,96.325112
244.452813,202.656713,214.015172,211.925830,182.138452,107.250038,212.576093,97.980921
245.593641,202.292389,216.900390,212.099355,182.456411,111.323056,211.149663,101.516090
247.545089,202.289110,217.446533,213.798253,178.165327,111.070571,208.263883,99.561428
247.569692,204.431861,216.669238,215.500095,179.374103,111.378999,210.274557,100.310766
247.956280,205.738677,214.927018,217.781508,176.630817,112.748455,209.660078,100.705624
249.221265,206.229271,214.133485,219.103210,174.768940,111.815575,209.856720,98.941635
248.454757,207.299560,213.276266,219.760681,175.159896,112.155886,210.338387,99.694765
247.199820,208.598828,211.675028,220.461613,175.388861,111.797541,210.913654,99.934756
247.850775,208.127700,213.146721,219.718646,176.751153,110.747916,211.455207,99.156971
247.160391,205.930609,214.829221,217.233613,177.388020,110.136610,209.719191,98.833606
251.945196,206.392888,219.957935,219.971460,174.978918,114.013656,206.966179,100.435084
249.600841,209.117479,219.556527,219.197256,187.441889,123.474674,217.486203,113.394898
257.896641,207.394654,225.290357,220.187380,186.400470,121.064276,219.006754,108.271550
254.965405,210.670863,228.194810,220.850284,189.826225,119.945731,216.596820,109.766310
258.460452,211.752605,228.804076,224.048005,188.175796,126.053023,217.832172,113.757623
261.933351,211.801845,229.893472,226.272783,183.875888,124.385968,215.915767,109.915029
262.378583,213.660343,231.531326,225.838264,194.185699,131.240010,225.032956,119.062088
274.628191,205.944437,238.631340,230.695130,178.580477,143.358507,214.577329,118.607814
278.935528,207.506313,240.663302,232.860990,176.237485,135.611892,214.509710,110.257215
275.268371,212.879157,242.573900,230.384538,188.195482,128.822992,220.889952,111.317611
278.640916,210.788564,243.511112,231.644253,183.305066,130.231799,218.434870,109.376110
278.352911,211.364002,245.371893,230.369385,184.312046,124.409092,217.293065,105.403709
272.572762,210.376453,239.772108,227.225272,186.066495,122.673188,218.867149,105.824368
274.456135,203.935393,237.656621,225.763742,179.173120,127.168818,215.972634,105.340470
272.449089,203.495678,240.450199,222.544499,182.437879,125.093334,214.436770,106.044512
262.060327,208.782225,226.420139,224.307774,174.668311,105.507149,210.308498,89.981600
248.999747,213.386181,200.462631,222.528514,176.503414,95.327798,225.040529,86.185465
246.842078,212.099354,212.727784,219.153253,185.597400,87.944431,219.711694,80.890531
246.054868,211.930679,216.312008,218.961235,187.018025,95.032654,216.760884,88.002098
244.916404,210.950546,215.780182,217.529682,185.907349,85.235485,215.043571,78.656349
241.927660,212.026316,211.884429,217.967269,184.853095,81.270570,214.896325,75.329617
237.938631,211.453736,206.980538,215.956622,186.442981,74.757514,217.401075,70.254627
235.081351,211.656363,203.398241,215.148670,187.420938,70.198444,219.104047,66.706138
231.306461,211.812065,199.902959,213.668617,191.177164,66.072157,222.580666,64.215605
232.290654,211.658932,199.318001,212.794089,194.223638,64.819256,227.196291,63.684099
231.519039,212.187526,198.499149,212.437106,197.394759,66.324092,230.414649,66.074513
235.600409,209.835822,201.242555,211.000969,196.392292,67.976416,230.750145,66.811269
239.065289,207.604576,202.413177,209.026585,196.914741,67.305083,233.566853,65.883073
239.870930,207.124869,201.443497,208.004550,198.276646,69.665793,236.704078,68.786112
204.824009,71.341980,244.079517,71.767336,242.604950,207.853098,203.349442,207.427742
210.360419,69.448482,256.539642,72.231727,248.291116,209.090151,202.111893,206.306906
212.951473,69.378919,261.354977,73.207558,251.052459,203.456987,202.648955,199.628348
218.175737,70.358041,268.923973,75.313252,256.310708,204.490581,205.562471,199.535370
219.489877,71.991879,276.656157,77.829265,263.794118,203.788865,206.627838,197.951478
223.639584,86.653111,286.225587,96.077934,270.112179,203.079810,207.526176,193.654987
230.301601,83.158479,295.607025,94.790882,276.522615,201.932592,211.217191,190.300190
289.263118,71.986412,290.953074,202.113459,210.295813,203.160953,208.605857,73.033905
221.296257,75.381233,293.456335,76.356370,291.902212,191.361494,219.742133,190.386358
227.933080,71.527809,303.700671,74.684792,298.698068,194.747283,222.930476,191.590300
236.666221,70.949846,309.609259,75.304655,302.470229,194.883405,229.527191,190.528597
308.651060,187.779209,235.623545,193.244950,227.469735,84.302264,300.497250,78.836523
312.649331,184.308734,243.551844,193.865212,227.354423,76.750825,296.451911,67.194348
315.253719,183.145754,252.116040,196.101019,227.618813,76.713408,290.756491,63.758144
319.121321,182.281313,255.107279,196.055338,228.789054,73.742794,292.803095,59.968769
328.871257,191.190811,268.343504,210.130856,225.903774,74.503853,286.431528,55.563808
328.943808,193.108229,274.423717,209.657801,232.238532,70.685020,286.758623,54.135448
332.702389,196.719586,282.612803,214.025117,234.157318,73.774278,284.246903,56.468748
333.754214,195.931261,291.912712,210.616520,242.516841,69.876920,284.358344,55.191661
335.032783,190.898692,297.284182,204.866714,247.065816,69.151507,284.814416,55.183485
334.824245,185.266636,300.115178,198.824414,249.521519,69.300332,284.230587,55.742554
337.687053,187.251851,307.187397,199.465253,254.798327,68.637778,285.297984,56.424376
339.771735,190.449153,311.290148,202.006016,256.941657,68.065580,285.423244,56.508717
343.462820,193.578846,317.093769,204.936271,258.035161,67.817207,284.404212,56.459782
329.522569,161.066723,302.836992,171.924443,259.699561,65.903369,286.385137,55.045648
326.193273,157.189043,298.884470,166.472963,263.653181,62.839556,290.961984,53.555636
326.049516,157.849232,295.579719,166.376870,265.259228,58.039814,295.729025,49.512175
298.510895,49.077489,340.151495,195.652389,306.964725,205.080449,265.324126,58.505550
291.120350,42.221476,341.829401,199.646541,310.200620,209.834661,259.491570,52.409596
343.096558,201.827839,311.509364,212.211080,261.323696,59.539645,292.910890,49.156404
341.236098,204.043741,308.647941,213.947705,260.094357,54.186252,292.682515,44.282287
338.157529,205.684369,303.559777,214.759706,259.732539,47.677878,294.330291,38.602540
335.900178,206.862380,298.448634,215.786047,256.167451,38.337063,293.618995,29.413397
330.555295,209.661564,290.767165,217.052398,257.508411,38.005813,297.296541,30.614978
329.698530,211.517371,290.058521,219.402588,252.800870,32.103547,292.440879,24.218330
327.181777,213.230349,285.031244,220.744715,252.957730,40.833903,295.108263,33.319537
325.119650,216.470052,281.274213,223.099217,253.401590,38.749084,297.247027,32.119920
328.086709,217.637484,280.021352,226.278681,248.214392,49.357263,296.279748,40.716065
328.199800,220.037881,275.641844,229.400780,245.118792,58.061841,297.676749,48.698942
330.221139,222.807304,271.360637,233.318472,240.014832,57.788045,298.875334,47.276877
329.697159,222.385746,264.390733,233.355635,233.898161,51.825908,299.204587,40.856019
329.492067,215.892176,256.538430,229.193158,223.813790,49.704049,296.767428,36.403067
330.541707,47.629308,330.541707,229.465246,235.294312,229.465246,235.294312,47.629308
231.137020,45.770968,338.904787,50.151772,331.515480,231.928728,223.747713,227.547924
227.936292,47.490938,348.781319,56.968980,334.617504,237.557617,213.772476,228.079575
217.727679,42.804869,347.068179,51.427569,334.371015,241.885008,205.030516,233.262307
216.565225,43.367655,352.687410,56.456325,333.599766,254.967845,197.477581,241.879175
207.093422,34.045099,339.327353,42.059278,326.142737,259.605423,193.908806,251.591244
256.415672,28.214108,312.185868,230.049166,200.970632,260.779683,145.200435,58.944624
294.150276,255.586687,199.372759,266.813253,172.395490,39.064294,267.173007,27.837729
292.229431,249.014129,206.688706,270.986885,147.504025,40.578804,233.044750,18.606048
296.500992,261.656720,212.835337,289.942330,128.890944,41.644257,212.556599,13.358647
276.399438,264.738373,194.608748,284.070278,133.008778,23.449098,214.799468,4.117193
267.514719,261.813116,181.908038,283.527483,115.714243,22.565180,201.320924,0.850813
249.761099,265.019337,163.328599,283.169838,107.706097,18.296050,194.138596,0.145549
235.327693,264.880481,151.419509,281.138523,100.477644,18.226214,184.385827,1.968172
212.878274,268.025656,127.926959,277.416144,98.346923,9.819501,183.298238,0.429013
114.056066,0.813214,200.764849,6.471854,183.603398,269.441114,96.894615,263.782474
113.365671,-5.534438,198.163480,5.153817,165.029891,268.027025,80.232081,257.338770
111.982556,-6.637094,198.937135,8.819902,152.316842,271.086134,65.362262,255.629138
109.141614,-7.171625,195.700457,10.366456,142.520467,272.835206,55.961624,255.297124
112.976558,-11.220886,205.226557,13.248506,136.566173,272.099250,44.316174,247.629858
108.732416,-13.600890,202.417170,11.014437,133.277060,274.158379,39.592305,249.543052
102.571029,-0.115959,198.968791,25.384275,132.303893,277.395566,35.906131,251.895332
98.052779,13.715454,192.968857,39.243439,128.963910,277.221431,34.047832,251.693446
81.833608,22.634800,177.147688,39.896716,133.992897,278.181915,38.678817,260.919999
91.426140,28.088168,185.383085,51.643209,127.881073,281.008693,33.924128,257.453652
98.968349,33.319840,193.889297,63.861683,122.770434,284.891889,27.849487,254.350046
101.878189,37.921091,194.846051,69.822760,120.408825,286.747771,27.440963,254.846103
110.437582,44.546063,197.888756,79.060263,116.309737,285.763037,28.858564,251.248837
116.286545,52.112813,198.273204,88.607303,110.223006,286.416388,28.236346,249.921897
124.432130,56.254318,201.097441,94.034436,102.239463,294.641999,25.574153,256.861880
120.850388,67.413578,189.015053,99.870244,97.156564,292.789108,28.991898,260.332442
127.155380,64.119668,186.704271,93.906743,92.272905,282.689397,32.724013,252.902322
126.759081,63.854193,185.872078,93.143666,91.428471,283.752920,32.315475,254.463447
132.430353,70.048948,178.804447,95.319553,86.566738,264.584999,40.192643,239.314393
134.524280,69.330112,180.395359,95.313004,83.887474,265.691298,38.016395,239.708406
139.511051,76.837803,183.605297,103.029372,87.366508,265.050090,43.272262,238.858521
140.259216,77.441043,183.103006,102.912773,87.584019,263.576987,44.740228,238.105257
137.004591,83.994798,181.359180,109.472228,96.065175,257.963680,51.710585,232.486250
137.319973,83.804603,182.245587,109.348279,99.880267,254.210461,54.954653,228.666786
145.646728,82.032011,184.121370,104.747126,100.656528,246.119063,62.181886,223.403948
146.276381,84.139581,184.165331,106.525180,100.870080,247.507319,62.981130,225.121720
156.394161,74.689285,192.600437,96.615885,105.938159,239.716878,69.731884,217.790278
154.661807,77.538391,189.788133,98.744634,105.506909,238.349260,70.380584,217.143016
151.743824,67.288658,192.963708,90.279189,116.495205,227.380108,75.275320,204.389577
156.888411,70.737678,191.925100,90.068500,116.088797,227.520125,81.052108,208.189303
151.406641,77.309911,188.284677,95.083189,124.745209,226.922166,87.867174,209.148888
154.471603,75.740755,188.478814,92.661818,122.530058,225.202742,88.522847,208.281680
146.215372,76.544866,191.491596,94.945262,137.792480,227.077917,92.516256,208.677520
146.763117,75.519206,192.360022,94.243272,139.428529,223.142216,93.831624,204.418150
139.307502,75.267619,195.434910,93.232281,160.085090,203.676535,103.957682,185.711872
141.149829,74.227479,197.934921,93.114715,160.475237,205.738482,103.690144,186.851246
113.987821,80.012998,189.227156,86.993967,178.270912,205.077923,103.031577,198.096953
139.139361,73.697465,202.293160,93.190579,166.230901,210.025107,103.077102,190.531994
141.880150,70.379163,204.540566,90.807235,166.193133,208.432927,103.532717,188.004855
142.187779,70.317295,204.666249,91.131041,165.191902,209.624692,102.713432,188.810945
152.986558,70.769470,204.218701,94.049662,144.830454,224.743903,93.598312,201.463710
152.907910,72.079641,203.668016,94.886664,145.979663,223.279872,95.219558,200.472849
160.507840,74.594618,205.051833,101.079470,135.661521,217.784731,91.117528,191.299879
159.795598,71.720296,203.848240,96.718151,135.854075,216.541338,91.801433,191.543483
160.262036,74.384886,200.924576,98.815896,134.004853,210.195896,93.342313,185.764886
160.675116,68.647095,203.807616,97.504763,130.302234,207.370563,87.169735,178.512895
171.089751,74.112957,204.776042,91.698001,143.691153,208.713540,110.004861,191.128496
165.637885,76.891054,202.890017,95.902501,144.559443,210.198812,107.307312,191.187366
172.172895,75.862834,204.912402,93.206091,143.153488,209.790679,110.413981,192.447422
172.922923,77.157526,204.517130,94.381967,142.181057,208.722904,110.586851,191.498463
169.410968,82.012976,202.837786,98.998477,148.188785,206.545631,114.761966,189.560131
170.123461,84.866795,200.558155,99.211532,149.992956,206.493829,119.558262,192.149092
171.834838,77.015490,205.764814,88.976668,165.362613,203.584587,131.432637,191.623409
175.625172,72.875170,208.436254,85.673344,162.119054,204.418212,129.307972,191.620039
176.884362,76.094263,208.106123,87.082561,166.833002,204.354540,135.611241,193.366242
175.410473,77.898446,207.967564,89.170255,167.890018,204.928799,135.332927,193.656989
174.323351,79.096530,212.498977,89.908215,179.440172,206.637532,141.264546,195.825848
174.270344,78.986657,212.785325,90.183004,179.196284,205.727947,140.681303,194.531600
163.487002,85.200786,217.403664,93.969145,199.485712,204.146673,145.569050,195.378313
166.651526,75.494885,219.080902,84.318435,198.814310,204.742157,146.384934,195.918607
164.769532,83.457112,226.773839,93.500820,208.499870,206.314212,146.495563,196.270504
167.062382,85.036326,227.542308,95.722089,207.925160,206.752400,147.445235,196.066637
171.464361,85.186092,230.193986,96.010155,209.920345,206.011674,151.190720,195.187611
172.864550,82.955423,232.549962,94.891337,210.004346,207.630450,150.318934,195.694536
185.597441,73.576009,243.780576,89.121039,214.194872,199.856683,156.011737,184.311653
185.025140,72.288488,244.162054,88.238029,214.123752,199.612551,154.986838,183.663010
231.064209,79.846542,231.064209,201.862167,162.564209,201.862167,162.564209,79.846542
157.415113,79.210785,229.363254,81.942992,224.923417,198.858722,152.975276,196.126514
189.222047,69.757575,267.705979,100.816993,223.456944,212.629718,144.973012,181.570300
226.626604,78.185680,239.195846,200.107201,137.795769,210.560828,125.226527,88.639307
162.909122,71.570357,248.499457,86.606497,229.016008,197.512284,143.425673,182.476143
162.176654,71.209592,247.222558,85.029550,229.120360,196.427705,144.074456,182.607747
197.383009,56.538548,276.140222,86.527104,230.070845,207.516447,151.313631,177.527890
176.508242,68.931354,255.439920,87.118993,229.579371,199.349973,150.647693,181.162334
235.138901,201.246195,175.399837,208.318586,158.426099,64.944834,218.165162,57.872443
225.773319,192.845716,165.024186,195.382679,159.511169,63.370140,220.260302,60.833177
223.629580,193.506354,177.201867,195.192814,171.889516,48.945516,218.317230,47.259056
