1.857237
0.038528
0.035730
0.035633
0.035439
0.035710
0.035892
0.035630
0.035532
0.035500
0.046034
0.035806
0.035905
0.036128
0.035912
0.035673
0.035732
0.035695
0.035644
0.035735
0.046118
0.035836
0.035771
0.036247
0.036414
0.036363
0.036338
0.036366
0.036386
0.036417
0.047560
0.036281
0.036312
0.036217
0.036259
0.036057
0.035929
0.036061
0.036112
0.036029
0.046378
0.036053
0.036181
0.036309
0.036194
0.036225
0.036220
0.036197
0.036394
0.036515
0.046703
0.036427
0.036318
0.036429
0.036324
0.036279
0.036189
0.036305
0.036370
0.036268
0.046628
0.036244
0.036260
0.036077
0.036234
0.036426
0.046817
0.047071
0.047021
0.046298
0.046134
0.047153
0.046323
0.036957
0.036040
0.036265
0.035921
0.036608
0.036497
0.036442
0.047376
0.036144
0.035869
0.035645
0.035495
0.048410
0.048633
0.045888
0.035709
0.035588
0.045779
0.037959
0.035636
0.035741
0.035843
0.035959
0.035893
0.035798
0.035844
0.035825
0.046070
0.035862
0.035543
0.035892
0.035737
0.035735
0.035725
0.035494
0.037769
0.037769
0.048056
0.037728
0.037382
0.037373
0.036892
0.036612
0.036553
0.036497
0.036436
0.036412
0.046538
0.036333
0.046676
0.047028
0.036799
0.047155
0.036635
0.036800
0.036404
0.036197
0.047179
0.036444
0.046976
0.036659
0.036657
0.036548
0.036436
0.036699
0.036619
0.046963
0.046716
0.036330
0.036042
0.036130
0.036139
0.036110
0.036102
0.036127
0.035928
0.035942
0.046586
0.036250
0.036378
0.036510
0.036696
0.037106
0.038028
0.037434
0.037582
0.037840
0.048231
0.037891
0.037780
0.037850
0.038206
0.038426
0.036059
0.035956
0.035953
0.035988
0.046381
0.038413
0.038257
0.038004
0.037976
0.038012
0.038375
0.035731
0.035750
0.035679
0.046544
0.035957
0.035540
0.035560
0.035749
0.035680
0.035482
0.035486
0.035389
0.035467
0.045950
0.035739
0.035804
0.035692
0.035687
0.035690
0.035763
0.035782
0.035904
0.035755
0.046056
0.035838
0.035566
0.035573
0.035480
0.035538
0.035610
0.035715
0.035685
0.035872
0.046343
0.036160
0.036181
0.036148
0.036009
0.036177
0.036154
0.036228
0.036150
0.036339
0.046566
0.036311
0.036357
0.036421
0.036316
0.036362
0.036220
0.036071
0.036115
0.036147
0.046435
0.036041
0.036653
0.035889
0.035691
0.035758
0.035829
0.035937
0.035779
0.035934
0.046156
0.036015
0.035971
0.036206
0.035717
0.035994
0.035969
0.035919
0.035894
0.035924
0.046292
0.036052
0.036119
0.036429
0.036226
0.036020
0.035679
0.035863
0.035921
0.035764
0.046216
0.035955
0.035669
0.035952
0.035879
0.036015
0.035921
0.035767
0.035606
0.035590
0.045920
0.035638
0.035662
0.035937
0.035875
0.036270
0.036368
0.036520
0.036176
0.036313
0.046840
0.036461
0.036124
0.037828
0.036413
0.036412
0.036349
0.036199
0.036313
0.036483
0.046785
0.036396
0.036283
0.036316
0.046333
0.046450
0.036105
0.035828
0.035765
0.035635
0.045812
0.038258
0.037507
0.048443
0.037358
0.037297
0.037104
0.047509
0.047564
0.037561
0.048036
0.037905
0.037626
0.037400
0.037292
0.037439
0.037299
0.037314
0.037297
0.037179
0.047594
0.037164
0.037350
0.047787
0.037425
0.037476
0.037440
0.037553
0.037571
0.037482
0.047698
0.037157
0.039498
0.037820
0.037063
0.037400
0.037410
0.037395
0.037656
0.037712
0.048149
0.037627
0.037771
0.038053
0.037943
0.037882
0.035562
0.037901
0.037345
0.037405
0.047911
0.037178
0.036861
0.036808
0.036508
0.036662
0.036552
0.037038
0.037022
0.047372
0.047903
0.048114
0.037716
0.037590
0.037620
0.037569
0.037385
0.037061
0.037117
0.037584
0.048024
0.037830
0.037869
0.038191
0.038254
0.035813
0.038025
0.037809
0.037704
0.037715
0.048322
0.038248
0.035726
0.037997
0.038336
0.038000
0.037347
0.037996
0.038151
0.038001
0.047995
0.040325
0.038330
0.048090
0.047802
0.047733
0.047421
0.047281
0.047245
0.047263
0.047152
0.046930
0.046901
0.046735
0.046759
0.047234
0.036469
0.036653
0.036003
0.036180
0.046338
0.036178
0.036079
0.036545
0.036114
0.036276
0.036444
0.036942
0.037060
0.037206
0.047699
0.047880
0.037367
0.037202
0.037589
0.037722
0.038189
0.037668
0.037823
0.037582
0.047777
0.037193
0.036936
0.037260
0.037212
0.037320
0.037124
0.036956
0.036803
0.036975
0.047336
0.037036
0.036787
0.036757
0.036817
0.036632
0.037050
0.036666
0.036719
0.036870
0.048821
0.036638
0.036971
0.047930
0.047545
0.047564
0.047282
0.047533
0.047589
0.047778
0.048180
0.048311
0.038308
0.035857
0.035994
0.036055
0.036202
0.036366
0.036350
0.036905
0.046845
0.036111
0.036004
0.035946
0.035636
0.035512
0.038149
0.037983
0.037959
0.037730
0.047680
0.036944
0.036870
0.036569
0.036408
0.036734
0.036867
0.037066
0.037305
0.037519
0.047654
0.036979
0.036936
0.037118
0.036735
0.036661
0.036807
0.037142
0.037382
0.037320
0.047528
0.037441
0.038031
0.037450
0.037318
0.037303
0.037488
0.037601
0.037369
0.037474
0.047782
0.037290
0.037206
0.037208
0.037228
0.037550
0.037768
0.037523
0.037466
0.037701
0.047960
0.037466
0.037535
0.037578
0.038346
0.035686
0.035789
0.035604
0.035817
0.035856
0.046081
0.035981
0.035719
0.035649
0.038023
0.035681
0.035665
0.035530
0.035659
0.036208
0.046577
0.036201
0.036267
0.036193
0.036285
0.036470
0.036650
0.036343
0.036333
0.036231
0.046422
0.036112
0.035935
0.035912
0.035647
0.035619
0.035592
0.035584
0.035479
0.038152
0.046329
0.035804
0.035725
0.035763
0.035899
0.035675
0.035476
0.035826
0.035729
0.035777
0.047180
0.035871
0.035924
0.046478
0.046479
0.036149
0.046632
0.036053
0.035874
0.035758
0.046264
0.035856
0.036298
0.036409
0.036570
0.036361
0.036469
0.036379
0.036417
0.036216
0.046854
0.036303
0.036640
0.036593
0.036437
0.047310
0.036065
0.035718
0.046942
0.046692
0.046392
0.046472
0.036104
0.046278
0.046661
0.046570
0.046617
0.046409
0.036025
0.036070
0.046133
0.035923
0.046370
0.046397
0.046576
0.046709
0.036462
0.046754
0.036395
0.036226
0.046611
0.035991
0.036058
0.036072
0.035747
0.035668
0.035485
0.037973
0.037870
0.038750
0.048460
0.038598
0.039761
0.035812
0.035808
0.035440
0.038192
0.035453
0.037977
0.035370
0.048224
0.037365
0.037622
0.038005
0.035685
0.035763
0.035757
0.035704
0.035655
0.035627
0.045922
0.035575
0.035710
0.038018
0.035788
0.035834
0.035764
0.035671
0.035583
0.035490
0.046023
0.035465
0.035690
0.035805
0.035739
0.035616
0.035484
0.037817
0.038077
0.037495
0.047659
0.037175
0.037148
0.036880
0.047435
0.037295
0.037329
0.037351
0.037510
0.037535
0.049007
0.038193
0.037780
0.037672
0.037629
0.037412
0.037434
0.037353
0.037404
0.038406
0.049026
0.049316
0.035904
0.036049
0.035866
0.035925
0.035731
0.035684
0.035480
0.035398
0.046312
0.035442
0.038306
0.037564
0.037882
0.035646
0.035602
