1.863756
0.037992
0.036790
0.036797
0.037158
0.037384
0.037694
0.037936
0.037909
0.037878
0.047993
0.037393
0.036970
0.036695
0.036512
0.036480
0.036322
0.036075
0.036196
0.036240
0.053578
0.036775
0.036712
0.037161
0.037222
0.036932
0.036773
0.037135
0.036767
0.036649
0.046706
0.036041
0.035901
0.035846
0.035947
0.036137
0.036578
0.036755
0.036682
0.037103
0.047594
0.037109
0.036975
0.036858
0.037528
0.036586
0.036309
0.036147
0.036039
0.036393
0.046445
0.036144
0.036119
0.036316
0.036651
0.036662
0.036913
0.037094
0.037378
0.037706
0.048073
0.037718
0.037820
0.037884
0.037739
0.038095
0.035704
0.035812
0.035788
0.035782
0.046294
0.035952
0.035886
0.035714
0.035450
0.037631
0.037773
0.037344
0.037452
0.037605
0.048034
0.037847
0.038028
0.035492
0.037847
0.035483
0.037821
0.035462
0.038741
0.035668
0.046047
0.038543
0.037519
0.037197
0.037225
0.037103
0.037011
0.037151
0.037308
0.037541
0.048303
0.035542
0.035617
0.035556
0.035536
0.035485
0.035594
0.045672
0.035395
0.037646
0.047904
0.037592
0.037461
0.037555
0.037430
0.037059
0.036944
0.036772
0.036398
0.036280
0.046929
0.036613
0.036640
0.036746
0.036590
0.036355
0.036269
0.036498
0.036437
0.036282
0.046640
0.036448
0.036917
0.036011
0.036359
0.036159
0.036384
0.036952
0.036390
0.036535
0.047087
0.036432
0.036186
0.036436
0.036445
0.036392
0.036325
0.036391
0.036895
0.036890
0.047180
0.036327
0.036220
0.035984
0.036275
0.036432
0.036229
0.036327
0.036669
0.036511
0.046897
0.036456
0.036719
0.036280
0.036272
0.036373
0.036586
0.036966
0.037248
0.037669
0.047846
0.037446
0.037338
0.037205
0.037426
0.037149
0.037889
0.037306
0.037457
0.037285
0.047778
0.037414
0.037180
0.037436
0.037387
0.037809
0.035548
0.035630
0.036011
0.035630
0.045809
0.035394
0.035384
0.035362
0.037996
0.037970
0.038016
0.037685
0.037297
0.037192
0.047430
0.037370
0.037646
0.037793
0.037811
0.035555
0.035791
0.035637
0.036098
0.036061
0.046227
0.035889
0.035910
0.036021
0.035746
0.035859
0.035708
0.035749
0.035694
0.035720
0.046778
0.035443
0.035616
0.037476
0.037161
0.036861
0.036776
0.036568
0.036880
0.036964
0.047251
0.037112
0.037416
0.037585
0.037698
0.035509
0.037701
0.037866
0.035555
0.035591
0.045684
0.035321
0.037687
0.037728
0.035593
0.035706
0.035433
0.035451
0.035471
0.035361
0.045630
0.037686
0.037409
0.037143
0.037163
0.037128
0.037001
0.037009
0.037161
0.037202
0.047834
0.037766
0.038020
0.035593
0.038343
0.037529
0.037080
0.036804
0.036984
0.037043
0.047239
0.037264
0.037384
0.037595
0.037281
0.037027
0.036948
0.036676
0.036546
0.036618
0.047076
0.036766
0.037110
0.037101
0.037321
0.037233
0.037334
0.037152
0.037075
0.037051
0.047600
0.037406
0.037515
0.037609
0.037655
0.037730
0.037685
0.037757
0.037745
0.037641
0.048087
0.037666
0.037635
0.037553
0.037613
0.037533
0.037424
0.038016
0.037457
0.037304
0.047813
0.037821
0.037400
0.037256
0.037406
0.037093
0.037093
0.037095
0.037193
0.037086
0.047381
0.037137
0.037289
0.037503
0.037363
0.037433
0.037424
0.037340
0.037452
0.037580
0.048025
0.037543
0.037391
0.037545
0.037285
0.037545
0.037643
0.037380
0.037560
0.037492
0.048116
0.036893
0.036841
0.037490
0.037763
0.037705
0.035555
0.035348
0.037911
0.035728
0.047363
0.035816
0.035919
0.035869
0.035673
0.035746
0.035324
0.037682
0.035420
0.035375
0.046396
0.035703
0.035796
0.035952
0.035833
0.035630
0.035500
0.035532
0.035482
0.035454
0.046629
0.035556
0.035500
0.035661
0.037830
0.035598
0.035584
0.035498
0.035512
0.035644
0.046683
0.035814
0.035908
0.035773
0.036371
0.035793
0.035783
0.036015
0.035929
0.035908
0.046594
0.035612
0.035664
0.035752
0.035719
0.036779
0.035594
0.035757
0.035384
0.035616
0.048652
0.035450
0.035622
0.036172
0.035562
0.035298
0.035350
0.035522
0.035588
0.035432
0.046466
0.035737
0.035809
0.035789
0.035498
0.035492
0.035422
0.037738
0.037648
0.037802
0.048502
0.037287
0.037027
0.036963
0.036933
0.037214
0.037404
0.037549
0.037780
0.037876
0.046538
0.037774
0.037711
0.037565
0.037428
0.037234
0.036920
0.036737
0.036850
0.038998
0.047998
0.036154
0.036288
0.036345
0.036491
0.036700
0.036963
0.037073
0.037125
0.037088
0.047856
0.036613
0.036387
0.036353
0.035957
0.036095
0.035941
0.036106
0.036152
0.036349
0.047572
0.036625
0.036485
0.036401
0.036267
0.036075
0.036052
0.035939
0.035876
0.036065
0.047135
0.036409
0.036332
0.036101
0.036048
0.035800
0.035996
0.035884
0.035751
0.035655
0.046606
0.035741
0.035746
0.036510
0.038276
0.036598
0.035881
0.035661
0.035587
0.035530
0.046823
0.035498
0.035504
0.035545
0.035549
0.035465
0.035407
0.035376
0.035415
0.035466
0.046403
0.035509
0.035387
0.035489
0.035583
0.035751
0.035921
0.035698
0.035601
0.035670
0.046662
0.035787
0.036460
0.035842
0.035952
0.036334
0.035865
0.035734
0.035584
0.035674
0.046598
0.035677
0.035709
0.035684
0.035729
0.035748
0.035856
0.035897
0.035877
0.036006
0.047113
0.036567
0.036817
0.036896
0.036899
0.037288
0.037431
0.037710
0.037867
0.037669
0.048512
0.037659
0.037474
0.037162
0.036803
0.037493
0.036613
0.037821
0.035994
0.035862
0.046704
0.035658
0.035457
0.035539
0.046751
0.035924
0.035935
0.036133
0.036253
0.036471
0.047490
0.036859
0.036811
0.036664
0.036842
0.036972
0.037021
0.037240
0.037726
0.037993
0.046788
0.035824
0.035996
0.036037
0.036077
0.035841
0.035760
0.036032
0.035881
0.035766
0.046874
0.035787
0.035961
0.036002
0.036022
0.035921
0.035932
0.035894
0.035947
0.035949
0.046762
0.035815
0.036050
0.035875
0.035900
0.036001
0.036039
0.035980
0.036822
0.035975
0.046653
0.035543
0.035517
0.035382
0.037579
0.037122
0.037094
0.036826
0.036892
0.047873
0.047704
0.036933
0.036721
0.036783
0.036822
0.036640
0.036617
0.036397
0.036799
0.036991
0.047638
0.037282
0.037505
0.037312
0.037213
0.036925
0.036775
0.036717
0.036808
0.036504
0.047929
0.036287
0.035989
0.035878
0.035866
0.035854
0.035987
0.035727
0.035610
0.035522
0.046351
0.035701
0.036103
0.036081
0.036211
0.036383
0.036323
0.036331
0.036677
0.036897
0.047885
0.038321
0.037339
0.037542
0.037807
0.037889
0.037607
0.035444
0.037743
0.037375
0.048607
