1.851624
0.038148
0.048810
0.047578
0.037024
0.047706
0.037057
0.037232
0.037198
0.037215
0.047597
0.037204
0.037047
0.037313
0.037408
0.037241
0.037113
0.037199
0.037011
0.037029
0.047487
0.037159
0.037128
0.037001
0.037041
0.046217
0.046287
0.037131
0.036916
0.036969
0.047202
0.036886
0.037716
0.037189
0.036870
0.036890
0.047306
0.036880
0.036711
0.047137
0.046992
0.036570
0.036520
0.036470
0.036424
0.036515
0.036537
0.036447
0.036543
0.036477
0.046855
0.036643
0.036438
0.036558
0.036545
0.036587
0.036546
0.036520
0.036732
0.036673
0.047175
0.036656
0.036592
