735.000000,217.000000,816.000000,217.000000,816.000000,388.000000,735.000000,388.000000
736.131151,225.830339,816.645319,228.906639,810.445390,391.173655,729.931222,388.097355
741.128102,223.240778,813.230884,225.577142,807.779367,393.816967,735.676585,391.480603
746.521888,224.479992,833.256022,227.567291,827.170911,398.521526,740.436778,395.434227
763.173184,219.623113,843.443847,226.192838,829.658195,394.629638,749.387532,388.059913
758.191172,220.494587,842.865086,226.771495,830.596585,392.270509,745.922671,385.993601
782.665853,212.577056,855.098240,217.862883,844.998535,356.260480,772.566148,350.974653
778.995353,211.036830,849.166259,213.407412,844.425095,353.749224,774.254189,351.378642
707.944435,239.818642,770.252690,266.415466,709.321784,409.158013,647.013530,382.561189
866.933087,343.848621,793.044632,345.470342,790.098505,211.239648,863.986960,209.617927
870.736187,364.799479,801.889667,369.075226,792.421942,216.629359,861.268463,212.353612
807.174142,206.947342,891.821124,217.932186,870.603822,381.428411,785.956841,370.443567
806.280567,203.412848,894.605040,208.983968,883.694930,381.952729,795.370457,376.381609
807.981261,215.134925,896.475752,224.078845,880.661864,380.547365,792.167374,371.603445
829.294340,208.808119,913.026258,221.354451,884.404937,412.367888,800.673019,399.821555
831.400296,223.170199,911.704816,228.851108,901.126570,378.383662,820.822051,372.702752
835.334998,225.973061,913.981739,235.475712,897.035345,375.729068,818.388603,366.226417
734.112989,244.669188,801.750313,257.763822,771.275529,415.174321,703.638205,402.079687
800.850441,363.594596,727.153039,369.112013,718.830155,257.941357,792.527556,252.423939
798.601988,359.301263,727.312504,363.244148,720.810202,245.679034,792.099686,241.736149
854.403871,216.809214,950.329100,224.709392,936.785937,389.152643,840.860708,381.252465
862.262573,203.502979,952.208911,210.707066,938.665226,379.806180,848.718889,372.602092
867.385379,207.820365,957.945748,216.093726,943.007735,379.605503,852.447366,371.332142
862.159021,211.593564,953.754339,214.474873,948.618093,377.753483,857.022775,374.872174
878.730043,196.976017,963.604415,201.349529,953.853634,390.577637,868.979262,386.204125
962.850489,398.132261,879.446882,399.877980,875.526671,212.585669,958.930279,210.839951
979.538902,380.366894,888.651835,388.199618,872.354714,199.095882,963.241781,191.263157
972.740672,375.729685,889.390504,378.326966,883.714964,196.191414,967.065132,193.594133
896.298466,194.999863,984.414123,196.283118,981.847612,372.514431,893.731956,371.231175
990.150725,372.609113,905.115972,376.956944,895.921380,197.129350,980.956133,192.781520
995.199741,381.125519,909.526642,384.366383,902.605475,201.403494,988.278573,198.162630
996.085901,380.144536,909.692282,385.204434,898.919596,201.269631,985.313216,196.209733
916.433159,200.499835,1003.167196,200.741982,1002.667022,379.897534,915.932985,379.655387
925.733283,191.049864,1015.529437,197.971192,1001.477043,380.284594,911.680890,373.363266
934.477399,183.477486,1024.058154,197.467934,995.202855,382.228243,905.622100,368.237795
936.802945,185.727598,1020.289486,201.074628,987.213990,381.002519,903.727449,365.655489
954.944549,178.715764,1038.369249,221.304070,970.494137,354.262186,887.069436,311.673881
1025.694522,329.939044,969.358227,339.111513,944.427927,185.992351,1000.764223,176.819883
1033.209059,374.411654,955.816327,384.812874,931.606590,204.674618,1008.999322,194.273398
1033.216229,375.336028,956.052310,385.053906,931.139205,187.233676,1008.303124,177.515798
951.141638,184.863866,1038.836218,198.510230,1009.951414,384.130423,922.256835,370.484059
941.079572,200.029021,1036.177395,212.455321,1013.960677,382.478700,918.862854,370.052401
936.058142,190.061164,1027.051958,195.672461,1015.917039,376.238314,924.923223,370.627016
935.291078,195.362581,1029.982503,201.261709,1018.631150,383.470966,923.939725,377.571838
932.831584,203.177853,1031.404718,210.051517,1019.476889,381.104898,920.903754,374.231234
941.435644,183.051216,1032.122778,188.727155,1020.677852,371.588097,929.990718,365.912158
954.477431,172.609149,1041.445412,188.906202,1005.645330,379.950621,918.677348,363.653568
976.712787,169.478931,1055.534254,196.607543,998.810792,361.416067,919.989324,334.287454
960.116641,192.539496,1030.346520,199.409571,1017.307398,332.703016,947.077518,325.832941
963.578849,193.400929,1033.932173,203.634747,1018.975054,306.458837,948.621729,296.225018
1060.821608,338.376749,992.993569,356.361441,949.030988,190.559568,1016.859027,172.574876
1047.302582,355.156412,958.235257,356.154475,956.253808,179.329639,1045.321132,178.331576
968.914285,178.609094,1056.632326,185.647940,1042.334670,363.825210,954.616630,356.786364
967.874304,178.102239,1057.728889,183.739580,1046.622487,360.766523,956.767903,355.129182
973.015493,183.426318,1066.106796,190.322051,1052.829938,369.557545,959.738635,362.661812
980.639683,187.205243,1073.349654,194.511197,1059.064878,375.779946,966.354907,368.473992
978.813529,194.688158,1070.308292,198.533213,1063.032264,371.669456,971.537501,367.824401
1064.383335,376.894775,975.180416,377.086416,974.788422,194.625900,1063.991341,194.434259
985.610082,209.980910,1075.201809,213.646093,1068.043250,388.629935,978.451523,384.964752
986.556049,193.496032,1076.434405,194.981176,1073.329104,382.908646,983.450748,381.423502
990.683493,190.719028,1083.069025,194.641155,1075.284197,378.012440,982.898664,374.090312
989.019324,188.672871,1084.023727,191.513966,1078.255443,384.401694,983.251040,381.560599
997.863760,202.170586,1089.588610,208.970577,1077.214855,375.879731,985.490005,369.079740
1003.329960,213.238757,1086.289835,217.571032,1076.280786,409.236950,993.320911,404.904676
993.475677,220.213653,1088.336631,226.826180,1075.506354,410.884747,980.645400,404.272220
991.571005,217.865614,1091.521016,229.501161,1071.116651,404.775817,971.166640,393.140270
996.560670,206.941935,1087.880561,210.914361,1080.001918,392.032143,988.682027,388.059718
988.561088,222.734118,1088.381145,226.883223,1081.646366,388.909982,981.826309,384.760876
993.752032,229.186601,1092.043885,238.741851,1075.785699,405.984706,977.493846,396.429456
984.171983,216.904479,1082.715484,221.161689,1075.140154,396.511154,976.596653,392.253944
981.992470,216.946070,1074.453891,219.617310,1069.320102,397.316604,976.858680,394.645364
975.562740,222.181676,1068.490695,222.749117,1067.443111,394.308419,974.515156,393.740978
977.224620,220.115116,1067.472204,225.335365,1057.363150,400.100529,967.115565,394.880279
970.827612,218.190575,1059.601247,224.534215,1047.211324,397.920220,958.437690,391.576580
950.773248,208.445640,1038.604495,209.051028,1037.374801,387.458249,949.543554,386.852861
944.065574,203.930034,1033.512841,208.770162,1023.986238,384.825101,934.538971,379.984973
929.126059,204.323455,1020.476767,208.306481,1012.872807,382.703288,921.522099,378.720261
920.796614,197.550555,1006.746944,199.330086,1003.046649,378.052201,917.096319,376.272670
911.491692,195.009413,999.217913,199.345834,990.138532,383.022610,902.412311,378.686189
896.629880,194.675627,982.005136,197.162167,976.631000,381.682882,891.255744,379.196341
880.331384,201.623601,968.549998,204.504006,962.789187,380.941234,874.570573,378.060828
953.229401,383.990077,856.922910,385.065900,854.989546,211.993365,951.296038,210.917542
843.083342,220.061091,935.022987,224.337844,926.944675,398.001619,835.005030,393.724865
827.216235,217.254848,919.929720,224.516077,906.274275,398.872779,813.560790,391.611550
806.123918,215.560893,899.724139,222.460407,887.142671,393.143162,793.542451,386.243648
768.595161,217.827318,867.068759,218.093723,866.576092,400.202432,768.102494,399.936027
742.023306,216.137318,841.172361,218.006148,837.888560,392.225203,738.739504,390.356373
717.281933,202.927019,810.767100,204.592420,807.436299,391.562754,713.951132,389.897353
701.876569,195.161784,787.780727,197.821191,782.181976,378.672049,696.277819,376.012643
681.945042,180.545475,760.720649,180.807137,760.092659,369.868594,681.317052,369.606932
652.382740,186.353996,739.892938,186.549426,739.505230,360.158368,651.995031,359.962938
721.976592,350.293984,640.147309,353.529626,633.730867,191.257996,715.560150,188.022354
702.376440,348.575581,624.229975,352.391660,615.545105,174.541086,693.691570,170.725006
683.294474,356.636395,598.837077,359.060816,593.564924,175.399492,678.022322,172.975071
580.266423,177.283810,666.160703,177.800350,665.094297,355.130477,579.200017,354.613937
651.307567,354.485991,567.734959,356.365933,563.724415,178.077702,647.297023,176.197760
643.177269,366.940507,547.065157,368.935377,543.624728,203.176807,639.736840,201.181936
627.833085,364.289801,529.904465,369.311538,520.460601,185.147268,618.389221,180.125530
607.675774,370.039398,516.146210,374.906070,506.971336,202.350335,598.500899,197.483663
593.644414,370.600055,494.919780,373.057230,490.775588,206.551503,589.500223,204.094328
582.570024,370.428330,480.395194,372.037465,477.847397,210.260651,580.022227,208.651516
474.068269,207.659872,575.287655,210.149530,571.587748,360.572784,470.368362,358.083127
464.638373,200.984087,562.098634,208.014998,550.155716,373.563935,452.695455,366.533024
599.337223,323.508225,494.151078,408.760243,399.231305,291.645773,504.417449,206.393755
564.265821,361.857105,448.592484,399.648115,398.963325,247.739757,514.636662,209.948746
522.525886,376.675316,422.509634,378.811496,418.993151,214.169358,519.009404,212.033177
441.777261,192.656752,553.406290,227.976250,502.193018,389.838341,390.563989,354.518843
429.877168,189.142276,540.620256,225.960586,486.110032,389.917884,375.366944,353.099575
434.430983,194.747565,536.872045,242.269717,464.946627,397.315649,362.505564,349.793497
407.060721,207.638326,517.018625,239.558745,468.516171,406.637637,358.558267,374.717219
480.219128,385.381236,373.099084,397.580880,355.241635,240.781975,462.361679,228.582331
376.763114,223.252271,503.650601,247.270318,473.835095,404.785819,346.947607,380.767772
363.634109,215.117824,480.811770,228.666409,461.201977,398.265655,344.024316,384.717070
342.645013,217.630301,459.822277,219.179165,457.434445,399.827447,340.257181,398.278582
349.192706,223.064819,451.351259,235.118378,429.348730,421.598277,327.190177,409.544717
329.823050,218.652587,434.369778,226.538885,421.345438,399.199389,316.798710,391.313091
425.808332,405.186659,320.124675,408.288510,314.895842,230.136060,420.579498,227.034210
312.367760,204.208702,410.608943,208.342727,403.074350,387.395205,304.833167,383.261181
396.627749,393.663646,305.928859,402.136103,291.102059,243.413044,381.800949,234.940587
298.892799,217.556338,401.073930,224.725081,388.654840,401.743097,286.473709,394.574354
388.365542,401.465963,288.378945,404.454492,282.628290,212.056039,382.614888,209.067510
385.590089,396.813076,281.497772,403.976935,268.346211,212.882084,372.438527,205.718226
382.627896,409.629419,273.823803,421.017469,252.237501,214.776876,361.041593,203.388827
383.141351,422.882070,282.048501,438.834467,246.421481,213.060437,347.514330,197.108040
391.041858,411.249140,286.259421,439.397423,234.115882,245.292253,338.898319,217.143970
385.959426,393.824715,279.671061,427.669785,221.724199,245.691221,328.012564,211.846151
374.472356,406.304633,270.264142,434.029638,214.380929,223.984957,318.589143,196.259952
371.866908,369.507604,262.398333,414.807635,192.081866,244.886265,301.550441,199.586234
371.867517,387.256809,260.132618,431.192174,198.752329,275.091947,310.487228,231.156583
368.370239,383.172302,241.640137,421.811285,198.110144,279.039398,324.840246,240.400415
355.117454,391.513396,230.362700,409.965573,207.005514,252.048164,331.760267,233.595987
346.872272,388.559481,221.381046,400.326126,206.231491,238.756173,331.722717,226.989528
388.152783,341.635796,286.668112,420.738974,187.056702,292.943462,288.541374,213.840283
358.262172,390.659162,263.384260,409.942584,230.136981,246.359976,325.014894,227.076554
351.057993,391.008102,258.742970,406.283571,233.370156,252.946754,325.685179,237.671284
356.244250,393.225859,259.613510,408.551664,234.856441,252.455853,331.487181,237.130048
373.755653,385.704409,268.799770,413.576711,230.150178,268.037887,335.106060,240.165585
365.941853,400.549350,287.131280,407.111909,274.132364,251.006351,352.942937,244.443791
372.372596,399.659185,296.379775,409.297162,277.649367,261.613001,353.642188,251.975024
378.003322,390.181118,301.721940,399.546676,285.164973,264.692089,361.446355,255.326532
396.207116,392.536010,318.224642,408.431139,294.512235,292.096628,372.494710,276.201499
393.591911,408.489427,314.264521,409.460497,312.732050,284.271960,392.059440,283.300890
403.478404,399.118828,318.234840,409.935405,300.454165,269.808997,385.697730,258.992420
409.395856,395.548334,326.779454,409.185623,301.283654,254.728871,383.900056,241.091582
335.029995,237.119329,424.704518,248.659800,403.411537,414.115611,313.737013,402.575140
330.940699,243.716625,413.880649,246.586384,407.955985,417.817250,325.016035,414.947491
410.583187,414.748038,326.259785,416.042251,323.671359,247.395447,407.994761,246.101234
416.876039,387.374333,314.101010,406.878558,285.094726,254.033644,387.869755,234.529418
414.812724,390.909958,316.726020,410.524453,286.337365,258.559137,384.424069,238.944641
321.269463,234.608886,408.480519,239.228716,398.013716,436.816265,310.802660,432.196435
406.949293,422.292863,316.741646,424.488972,312.419147,246.937413,402.626794,244.741305
403.923111,418.690197,307.462019,421.139695,303.131023,250.585301,399.592115,248.135804
411.099428,428.521813,309.084279,441.301464,285.168075,250.387399,387.183224,237.607748
409.319766,421.043661,308.124990,431.658734,287.699014,236.935453,388.893790,226.320379
409.747838,436.490705,307.154601,445.635517,288.579201,237.243003,391.172439,228.098191
415.484494,423.793664,301.026924,439.565144,268.569675,204.014782,383.027245,188.243302
428.807390,434.133916,321.594722,461.869740,256.877799,211.706848,364.090467,183.971024
429.123267,428.690307,318.606977,458.530491,250.744622,207.195056,361.260913,177.354871
437.063482,449.524442,313.148915,481.102848,257.169015,261.436115,381.083582,229.857710
434.365423,399.907941,305.939241,438.948752,245.081506,238.754997,373.507688,199.714187
427.360793,458.177948,295.396844,479.148520,254.054860,218.991020,386.018809,198.020449
435.176642,425.751456,224.247768,474.826159,180.625810,287.333826,391.554684,238.259123
245.750914,200.092693,420.381131,202.428178,417.623570,408.618073,242.993353,406.282587
300.120095,181.164028,453.755401,216.275332,409.024562,412.002502,255.389256,376.891199
465.200494,450.043249,309.887807,495.786513,246.194654,279.528341,401.507342,233.785077
244.356338,224.469086,453.297834,267.417461,408.223302,486.702595,199.281806,443.754220
275.850333,217.055156,476.424739,300.350146,393.979698,498.877874,193.405292,415.582885
255.024731,261.231344,448.128932,268.322993,438.217711,538.203562,245.113511,531.111913
384.006794,261.601170,463.691168,274.334356,417.388672,564.095715,337.704299,551.362529
390.143297,280.209272,469.592837,297.466134,412.891719,558.514624,333.442178,541.257762
403.054986,258.805630,474.336088,273.545107,414.931531,560.829547,343.650429,546.090070
412.449450,255.291575,483.651735,273.004368,412.294484,559.847860,341.092198,542.135067
567.681650,363.030343,419.471595,436.344181,349.690954,295.276779,497.901009,221.962941
395.387989,249.837541,486.066403,253.441399,479.083928,429.130825,388.405515,425.526968
550.966303,403.142500,414.850558,436.553256,370.731226,256.810671,506.846970,223.399915
415.157722,248.985593,554.236136,260.217890,540.639146,428.575970,401.560732,417.343673
435.362817,251.105062,565.455171,287.735427,525.970491,427.964847,395.878138,391.334481
460.323986,247.185065,564.265456,303.744314,489.384197,441.356964,385.442727,384.797715
490.926602,260.790240,503.400505,371.469744,331.056706,390.893393,318.582804,280.213889
439.659021,295.979569,512.147531,316.119755,471.419599,462.707631,398.931089,442.567445
515.416719,349.715424,442.980674,450.242924,317.965707,360.162201,390.401751,259.634702
522.130876,362.302978,420.388798,444.574702,336.034246,340.256875,437.776323,257.985151
520.763401,376.495579,395.804352,455.274163,315.214766,327.442493,440.173815,248.663909
493.629934,292.089678,520.105689,410.453824,381.156474,441.534059,354.680719,323.169913
520.855896,347.419632,452.957844,454.585285,333.101522,378.646674,400.999574,271.481021
529.473631,384.955268,409.061794,452.323816,339.370192,327.759846,459.782029,260.391298
534.899232,344.115146,458.529309,449.317974,341.187694,364.136136,417.557617,258.933309
496.968843,247.575110,560.537400,340.292668,411.666955,442.360492,348.098398,349.642934
520.285114,263.345637,536.497000,366.559353,393.819217,388.969901,377.607331,285.756186
493.864061,271.811990,535.381533,360.358747,413.294338,417.602535,371.776865,329.055778
437.117572,244.689854,532.629116,334.382028,441.008078,431.947584,345.496534,342.255409
492.392442,274.389145,535.945282,353.410994,416.764789,419.097245,373.211948,340.075396
471.249229,255.059416,521.695636,344.247258,415.403276,404.368318,364.956870,315.180476
522.306387,381.458536,416.840533,398.756493,398.461454,286.699023,503.927307,269.401066
518.559586,284.667795,526.716289,364.821546,420.706489,375.609445,412.549786,295.455693
513.799770,300.042584,529.458767,364.833412,423.873714,390.351779,408.214716,325.560950
540.295313,313.208035,512.786656,400.589677,420.923904,371.670320,448.432561,284.288678
523.488634,310.662110,534.247328,365.342915,440.196343,383.847869,429.437648,329.167064
513.291721,284.563878,524.405576,366.485310,439.333318,378.026621,428.219464,296.105188
543.497953,341.512929,493.903022,410.120680,409.776851,349.307849,459.371782,280.700098
509.655899,371.685305,443.172627,375.782058,437.580234,285.027115,504.063506,280.930362
