1.835211
0.040291
0.036804
0.047234
0.047158
0.047229
0.047140
0.050169
0.049343
0.049164
0.049287
0.039548
0.039689
0.036803
0.047340
0.047379
0.047233
0.047356
0.049220
0.048591
0.049902
0.039674
0.036814
0.036988
0.047277
0.047505
0.047654
0.047773
0.047368
0.047607
0.047541
0.036933
0.036912
0.036881
0.047353
0.047421
0.046277
0.046463
0.037064
0.047454
0.047327
0.037096
0.036997
0.036998
0.037139
0.037086
0.037167
0.047484
0.047331
0.047463
0.047276
0.036863
0.036690
0.036797
0.036856
0.036891
0.036833
0.036885
0.036909
0.036851
0.047346
0.037137
0.037266
0.036954
0.038145
0.038262
0.037312
0.037125
0.037198
0.036963
0.047509
0.037333
0.036956
0.036941
0.036997
0.036988
0.036752
0.036843
0.036880
0.036862
0.047145
0.036956
0.037089
0.036927
0.036792
0.036916
0.036919
0.037141
0.037110
0.037291
0.047296
0.036977
0.047343
0.047182
0.047328
0.036914
0.036849
0.037095
0.047693
0.037061
0.047228
0.036875
0.036914
0.037188
0.047690
0.047638
0.037201
0.037137
0.037196
0.037169
0.047675
0.037194
0.037397
0.037640
0.039431
0.037371
0.037269
0.037413
0.037366
0.037243
0.047646
0.037446
0.037451
0.047974
0.048001
0.047859
0.037619
0.037853
0.048024
0.037529
0.047650
0.037227
0.047724
0.037563
0.037343
0.037172
0.037177
0.047509
0.037097
0.047083
0.047129
0.050183
0.039482
0.050171
0.047270
0.047181
0.037051
0.047328
0.036753
0.036846
0.047449
0.037013
0.047568
0.037195
0.047783
0.048063
0.037631
0.047246
0.037181
0.037373
0.047289
0.048142
0.037649
0.037682
0.037225
0.048413
0.048838
0.048056
0.047495
0.047791
0.049791
0.049133
0.047479
0.047275
0.048410
0.048580
0.037912
0.048105
0.048459
0.048032
0.047689
0.047984
0.048137
0.048049
0.047876
0.037546
0.047912
0.047624
0.047657
0.047414
0.047579
0.047475
0.037073
0.047393
0.036811
0.050249
0.039697
0.049586
0.039075
0.039261
0.049283
