1.828063
0.035771
0.035341
0.035217
0.035357
0.035187
0.035307
0.035413
0.035227
0.035324
0.045672
0.035199
0.034921
0.034976
0.035020
0.035045
0.035005
0.034989
0.034999
0.035103
0.045459
0.034951
0.035105
0.035127
0.035057
0.035162
0.035052
0.035157
0.035521
0.035235
0.045587
0.035335
0.035274
0.035213
0.044726
0.035336
0.044259
0.044566
0.044048
0.044641
0.045267
0.034934
0.045237
0.045249
0.035675
0.045669
0.034986
0.035066
0.045521
0.035166
0.045485
0.035229
0.035172
0.035051
0.035151
0.035113
0.035173
0.035396
0.035258
0.035443
0.045717
0.035537
0.035511
0.036088
0.035834
0.035770
0.035648
0.035534
0.035742
0.035583
0.045959
0.035565
0.035585
0.035975
0.035842
0.035865
0.035964
0.036080
0.036057
0.036234
0.045738
0.036153
0.034973
0.035809
0.035882
0.035777
0.035889
0.035781
0.036117
0.036173
0.046757
0.036432
0.036686
0.036423
0.036597
0.036870
0.037033
0.037145
0.037379
0.037841
