106.500000,68.500000,236.500000,68.500000,236.500000,193.500000,106.500000,193.500000
264.040469,112.877137,191.187873,203.727727,80.496350,114.964795,153.348945,24.114205
263.087678,107.406664,186.362790,194.408339,80.360748,100.927441,157.085636,13.925766
263.988777,92.086182,203.446940,176.009735,86.591359,91.710975,147.133196,7.787421
266.820787,115.376241,186.759953,183.384394,91.884382,71.694589,171.945215,3.686436
264.731719,122.437242,175.443672,184.883724,93.482664,67.693163,182.770711,5.246681
265.530481,124.172233,171.210446,185.557780,94.852814,68.232858,189.172849,6.847311
259.706725,132.330586,161.104147,179.915879,102.537633,58.558861,201.140210,10.973568
269.225382,133.083433,171.990185,185.197612,104.434767,59.151986,201.669964,7.037806
268.253991,141.541504,172.817950,186.019556,108.441821,47.888444,203.877862,3.410392
268.418776,144.120901,175.819633,184.793962,113.377891,42.634714,205.977034,1.961653
280.864757,136.892487,191.325287,186.136457,116.091445,49.340045,205.630915,0.096076
289.172216,127.721913,197.933150,182.786504,121.289192,55.791587,212.528259,0.726996
296.701065,132.616816,213.501735,187.813245,128.763554,60.084696,211.962885,4.888266
301.309776,137.627535,201.769053,189.232536,133.180128,56.931576,232.720851,5.326574
307.124155,127.907046,231.037920,193.150979,137.009900,83.497288,213.096134,18.253355
306.088442,134.845151,223.037950,194.536058,140.451900,79.630582,223.502393,19.939675
310.632617,111.089330,253.845089,188.259349,149.879925,111.753929,206.667453,34.583911
312.757588,112.746290,254.996315,192.802688,154.412635,120.230832,212.173908,40.174434
309.077003,86.803785,281.436486,185.233464,174.705509,155.261819,202.346026,56.832140
310.436003,81.505862,297.723629,177.275204,187.766236,162.679516,200.478610,66.910173
309.031646,104.624988,275.161886,188.907452,174.022929,148.263740,207.892689,63.981276
311.138721,103.983711,293.218792,168.380629,186.236815,138.610426,204.156743,74.213507
317.620591,112.699972,282.132508,198.806399,178.994040,156.298695,214.482123,70.192268
306.356660,99.086667,301.320510,187.263279,195.508576,181.219899,200.544726,93.043288
302.737544,111.818659,288.967035,199.198576,187.685768,183.237304,201.456277,95.857387
284.130749,167.367730,238.272985,198.463035,187.599155,123.731863,233.456919,92.636558
195.051031,102.345432,272.962269,108.120773,265.743093,205.509821,187.831855,199.734480
287.343370,144.268665,254.661710,193.693155,185.791519,148.153137,218.473179,98.728647
276.541916,124.963509,261.549557,186.780835,181.814165,167.442864,196.806524,105.625539
257.379251,143.911073,241.812639,187.595410,177.522484,164.686057,193.089096,121.001720
280.482012,162.940627,239.900849,213.456013,175.785167,161.949152,216.366330,111.433766
198.525533,102.780396,276.776631,120.152503,255.930102,214.053821,177.679004,196.681713
273.208352,183.883074,249.718279,220.359242,176.765942,173.379097,200.256015,136.902928
212.490991,107.529966,278.766790,126.632985,253.140789,215.539545,186.864990,196.436526
202.317484,112.611154,271.354039,127.505608,252.549791,214.664258,183.513237,199.769804
194.012160,118.503836,267.519878,127.845731,256.583025,213.903548,183.075307,204.561652
200.564216,117.569850,271.438872,129.844338,255.982110,219.093905,185.107454,206.819418
265.280457,210.814781,190.854894,215.859746,185.097699,130.927045,259.523262,125.882080
255.929914,210.859057,191.580910,220.950057,178.898978,140.079012,243.247981,129.988012
264.093850,211.995313,214.918958,237.010623,175.879914,160.267987,225.054807,135.252677
266.265205,196.465506,222.493980,226.731626,181.837997,167.934458,225.609222,137.668338
264.913910,190.767499,224.903348,220.203024,184.763996,165.643168,224.774557,136.207643
261.858232,189.295005,220.217070,215.898824,185.901999,162.187760,227.543161,135.583941
270.011147,191.199457,219.680197,220.924250,185.116485,162.399889,235.447435,132.675097
266.375992,197.145770,213.646515,221.291123,186.376469,161.737831,239.105946,137.592478
272.098296,202.592627,224.595536,234.124662,184.603686,173.877259,232.106447,142.345224
275.705407,212.920641,222.647679,244.754476,186.111118,183.858674,239.168847,152.024839
275.448182,219.906580,221.886203,253.370385,185.309486,194.825896,238.871465,161.362091
269.961246,238.735359,209.919759,260.713160,185.943976,195.213356,245.985463,173.235555
288.227804,213.074257,245.683271,267.092380,192.252302,225.010287,234.796835,170.992164
248.601081,181.058146,292.323236,228.477796,239.389673,277.283922,195.667519,229.864273
260.277422,195.819388,279.859096,258.419360,217.259124,278.001033,197.677450,215.401061
256.423231,196.625135,298.417825,243.922244,245.208577,291.166163,203.213983,243.869054
252.757335,203.205992,298.798951,235.547762,259.822972,291.033813,213.781355,258.692043
291.717850,276.955985,235.594180,297.636142,213.487806,237.641874,269.611475,216.961718
300.589324,279.838452,243.459153,307.450816,216.143696,250.934948,273.273867,223.322584
315.036083,247.729226,295.142293,306.560890,228.956672,284.180377,248.850461,225.348713
328.416870,272.645074,287.482887,325.489146,231.766854,282.330491,272.700837,229.486418
323.941267,242.429425,319.662079,306.682922,245.186434,301.722954,249.465623,237.469457
313.776976,216.467455,362.051287,270.502638,288.471463,336.237869,240.197152,282.202686
311.948460,215.002821,368.564842,264.311138,303.880813,338.582090,247.264431,289.273773
353.279624,301.242604,274.374756,313.175509,263.203526,239.307121,342.108395,227.374217
289.286496,225.447114,365.307140,231.390295,358.696186,315.952584,282.675542,310.009403
306.101594,219.163528,381.913361,239.800144,359.421769,322.426452,283.610001,301.789837
380.208432,292.309210,304.723206,302.317635,293.419573,217.063733,368.904799,207.055307
312.682259,198.911266,395.037819,210.271690,382.936498,297.998265,300.580938,286.637841
395.944137,184.944837,405.511801,269.954999,320.501640,279.522663,310.933975,194.512501
400.913498,166.682455,426.174175,230.489107,338.440028,265.222537,313.179352,201.415885
405.675094,150.315388,427.890477,218.676496,337.358198,248.096868,315.142815,179.735760
335.690873,128.334766,407.867258,151.378189,382.460408,230.957281,310.284022,207.913858
345.595300,123.734234,408.498865,133.183786,396.036412,216.143561,333.132847,206.694009
376.736168,111.624253,417.867819,114.712128,411.494969,199.600854,370.363318,196.512978
433.845476,180.128570,382.814012,188.205337,368.875076,100.134908,419.906540,92.058141
405.831025,41.568869,454.404357,55.982144,430.307162,137.190684,381.733830,122.777408
401.085215,36.210638,454.672612,49.161727,432.141264,142.389117,378.553867,129.438027
449.168196,65.113350,456.000643,126.688567,361.269540,137.200024,354.437092,75.624807
425.805326,50.788086,465.454811,101.238848,398.623931,153.761543,358.974445,103.310781
480.425592,102.602327,416.333945,120.336779,386.465393,12.392953,450.557040,-5.341499
476.565664,74.117662,424.552421,95.072057,391.575013,13.215151,443.588256,-7.739244
491.217160,75.942373,420.735232,104.100330,384.485907,13.364974,454.967836,-14.792983
529.874173,31.191431,503.175083,99.491770,386.210752,53.769578,412.909842,-14.530761
523.572611,15.949888,514.199980,76.900126,387.537766,57.422626,396.910397,-3.527612
512.598743,6.452019,509.069788,68.998377,383.977072,61.940467,387.506027,-0.605892
442.857688,-49.344763,514.653170,27.530583,423.023970,113.104997,351.228487,36.229651
418.669636,-46.309444,499.155507,17.226514,423.188601,113.459620,342.702730,49.923663
402.914673,-40.274418,485.933571,16.467379,410.717700,126.515685,327.698802,69.773888
390.762552,-36.945642,477.573052,18.951582,407.036079,128.498165,320.225579,72.600942
364.830689,-28.427630,456.499055,14.073301,402.310368,130.950467,310.642002,88.449536
344.187666,-16.291323,438.672005,14.474692,400.117125,132.879117,305.632786,102.113102
322.046614,-1.966048,421.209456,16.080856,399.861290,133.383242,300.698447,115.336339
304.039767,11.629094,405.044366,20.256583,395.065583,137.081180,294.060984,128.453690
394.151343,139.139788,291.060890,147.979516,281.193286,32.901802,384.283739,24.062073
392.203877,137.621895,290.789768,164.666862,261.286168,54.033289,362.700277,26.988322
386.924792,132.219885,290.124526,171.589397,248.518110,69.289115,345.318376,29.919604
377.044628,136.805208,282.111674,177.668615,237.533411,74.105393,332.466365,33.241986
381.255913,114.046684,304.122609,181.062667,234.025432,100.383004,311.158735,33.367021
374.090390,111.041705,304.294687,181.553311,226.403959,104.453406,296.199662,33.941800
366.163151,105.000944,300.742049,178.936724,218.977776,106.588682,284.398877,32.652903
361.226200,101.134315,301.165565,178.928429,214.219202,111.801837,274.279837,34.007722
358.359564,97.066945,305.169341,178.854729,209.750260,116.799469,262.940483,35.011685
351.601528,89.563236,303.290549,175.405022,205.329922,120.273669,253.640902,34.431883
342.931491,83.977761,298.394695,173.669558,197.362555,123.501673,241.899351,33.809875
337.299667,84.563444,295.185186,172.810502,191.179724,123.175579,233.294205,34.928520
331.729075,79.845300,294.378305,171.947952,183.855121,127.127028,221.205891,35.024376
324.078638,77.081005,290.332784,171.181846,178.307973,131.008210,212.053827,36.907369
317.249259,75.320036,285.824317,171.241108,170.719031,133.531178,202.143973,37.610106
301.581028,70.178523,276.452431,169.765446,163.977788,141.384913,189.106385,41.797990
293.762871,87.940168,257.438061,182.483278,143.761225,138.807019,180.086035,44.263908
284.600451,79.456773,258.598140,179.830960,141.494921,149.494930,167.497233,49.120743
275.590489,92.475413,247.091960,153.046127,138.521813,101.963858,167.020342,41.393144
272.199060,90.074219,253.423276,163.339437,128.988698,131.450408,147.764482,58.185189
253.771577,89.846959,238.816568,163.627812,119.202154,139.382569,134.157164,65.601716
249.182954,88.153182,243.759307,160.533596,117.363658,151.062451,122.787305,78.682037
231.000163,83.513618,242.051800,183.770914,122.178946,196.984828,111.127309,96.727532
226.494495,95.021079,230.530119,160.506221,105.304145,168.223467,101.268522,102.738324
198.081825,84.433865,240.080704,156.168514,151.356270,208.114495,109.357391,136.379846
172.921038,87.201476,220.915726,164.193808,124.431665,224.339049,76.436977,147.346718
168.869276,99.925178,202.934407,174.050459,98.729302,221.939122,64.664171,147.813840
160.966420,101.556741,193.205879,154.368983,87.581395,218.847901,55.341936,166.035659
195.567040,214.467450,109.230423,247.739914,70.477788,147.183148,156.814406,113.910684
88.137374,117.803338,177.936364,138.233715,153.857706,244.068238,64.058716,223.637861
140.809655,135.125564,184.509120,227.247166,80.500860,276.585272,36.801395,184.463670
115.396337,133.277318,196.458277,184.764820,132.711847,285.127222,51.649907,233.639721
150.177644,151.386754,166.154241,245.797079,67.194021,262.543633,51.217423,168.133308
171.654579,165.540713,156.613510,243.031971,60.825704,224.439538,75.866774,146.948279
151.399928,151.091582,159.021742,208.924840,72.271855,220.357561,64.650041,162.524303
183.335914,167.739533,161.099218,224.922250,76.247444,191.925863,98.484140,134.743146
193.680156,175.351372,150.077879,224.640732,88.114112,169.826441,131.716389,120.537080
163.308137,123.078601,168.354377,179.125324,107.859501,184.572060,102.813260,128.525337
207.803549,180.226474,159.371399,211.642769,114.556979,142.555731,162.989129,111.139437
221.659804,163.597797,186.259316,198.738096,109.641942,121.553425,145.042431,86.413126
226.711169,150.050922,192.500842,183.898656,116.343440,106.925419,150.553767,73.077685
240.160577,153.065839,204.577670,182.590658,137.729022,102.025585,173.311930,72.500766
248.659143,135.095241,217.816022,169.726766,134.329310,95.372814,165.172431,60.741289
251.599593,158.412763,211.953218,176.287573,179.063567,103.338245,218.709941,85.463434
265.699827,146.553523,230.175333,172.093701,168.011502,85.628425,203.535995,60.088246
262.776002,161.767207,225.469946,175.490205,199.739324,105.541350,237.045380,91.818352
265.602722,163.601031,230.004663,178.360327,202.594542,112.249645,238.192601,97.490350
262.379242,168.609647,229.787854,181.714987,204.134847,117.919077,236.726235,104.813737
260.151068,173.262088,224.813627,184.122740,206.016345,122.961785,241.353786,112.101133
262.461550,178.084562,227.400124,190.202150,206.910385,130.916467,241.971810,118.798879
264.891454,183.562703,229.952363,196.205759,209.897861,140.785132,244.836952,128.142077
270.316332,187.231339,233.084463,203.986151,209.077569,150.638995,246.309438,133.884184
272.096071,186.239088,234.634153,206.899196,209.786185,161.843646,247.248103,141.183538
264.247751,195.714154,228.811294,207.561919,211.039646,154.407232,246.476104,142.559467
260.202528,198.600760,222.317764,211.977706,204.188481,160.633882,242.073245,147.256935
262.846063,202.886962,222.312549,217.838357,201.304892,160.886204,241.838407,145.934809
256.807539,210.407320,217.853935,214.536796,210.313154,143.404129,249.266757,139.274653
258.092840,216.451078,218.546206,222.154058,208.842628,154.865755,248.389263,149.162775
260.599401,221.766231,218.450575,225.797253,211.637581,154.559801,253.786406,150.528779
262.054511,228.853297,219.638487,231.523661,215.004620,157.919382,257.420645,155.249019
262.571743,230.428796,220.465406,233.578247,214.965618,160.049271,257.071956,156.899820
262.848334,231.929723,219.794871,236.587543,212.031837,164.831772,255.085300,160.173952
260.786083,234.878066,218.292489,238.831277,211.723182,168.216922,254.216776,164.263710
266.404747,235.479636,224.031891,247.353951,207.140259,187.077070,249.513116,175.202755
267.759635,241.665474,222.740618,246.859972,214.038148,171.438502,259.057164,166.244004
272.561610,244.752524,225.843761,248.952387,218.715047,169.654985,265.432896,165.455122
277.533665,245.835592,229.841512,251.123202,221.267009,173.784576,268.959162,168.496966
288.497496,235.486593,246.858160,260.308818,215.915388,208.402248,257.554723,183.580024
278.233639,239.609892,232.213156,250.387386,215.687665,179.822644,261.708149,169.045150
284.550209,230.538686,240.771594,255.774377,211.603069,205.173121,255.381684,179.937430
287.972950,230.253473,243.631436,257.951112,212.306725,207.802970,256.648240,180.105332
298.376702,216.020948,261.134610,256.786734,220.368824,219.544641,257.610916,178.778855
