1.821804
0.036386
0.035976
0.035758
0.035686
0.035885
0.036010
0.035822
0.035712
0.035839
0.046294
0.035906
0.035870
0.035774
0.035966
0.036048
0.035735
0.035488
0.035537
0.037906
0.048083
0.037465
0.037401
0.037060
0.037049
0.036940
0.037132
0.036797
0.036801
0.036596
0.047535
0.036351
0.036267
0.036357
0.036240
0.036283
0.036286
0.036164
0.036155
0.036237
0.046461
0.036009
0.035734
0.035751
0.035580
0.035671
0.035600
0.035716
0.035800
0.035718
0.046120
0.035983
0.035934
0.035789
0.035846
0.035665
0.035712
0.035745
0.035753
0.035844
0.046379
0.036361
0.036093
0.036129
0.036278
0.036264
0.036287
0.036468
0.036808
0.036873
0.047023
0.036918
0.036361
0.036080
0.036134
0.035996
0.046990
0.036616
0.036536
0.036622
0.046875
0.036716
0.037080
0.037402
0.037190
0.037652
0.037891
0.038098
0.035756
0.035702
0.048482
0.037938
0.037870
0.037750
0.037917
0.037768
0.037789
0.037626
0.037747
0.037684
0.048061
0.037695
0.037660
0.038368
0.037779
0.037793
0.037944
0.037911
0.037971
0.038015
0.046205
0.037837
0.037622
0.037525
0.037378
0.037743
0.037634
0.037862
0.037956
0.037727
0.047720
0.037578
0.037550
0.037605
0.037547
0.037289
0.037085
0.036892
0.036629
0.036565
0.047050
0.036269
0.036317
0.036396
0.036527
0.036217
0.036343
0.035935
0.035872
0.035769
0.046144
0.035474
0.035526
0.035330
0.035233
0.035237
0.035275
0.035266
0.035362
0.035389
0.045698
0.035446
0.035414
0.035364
0.035421
0.035285
0.035308
0.035386
0.035500
0.035597
0.045845
0.035492
0.035435
0.035324
