1.824713
0.037506
0.037570
0.037348
0.037651
0.037486
0.037606
0.037606
0.037465
0.037444
0.048265
0.037630
0.037071
0.037703
0.036961
0.037446
0.037751
0.037346
0.037481
0.037512
0.047740
0.038212
0.037742
0.037595
0.037838
0.037428
0.037314
0.037553
0.037388
0.037146
0.047650
0.037077
0.037163
0.037131
0.037290
0.037118
0.037218
0.037706
0.037855
0.037608
0.047309
0.037872
0.037340
0.037215
0.037385
0.037430
0.037493
0.037401
0.037913
0.037438
0.048063
0.037220
0.037161
0.037122
0.037355
0.036935
0.037632
0.037444
0.037280
0.037137
0.047467
