923.650000,308.270000,758.050000,342.110000,741.830000,262.680000,907.420000,228.850000
907.245620,229.980567,925.449311,325.572625,757.255691,357.601904,739.052000,262.009847
912.386590,238.570843,921.792611,336.285843,750.791361,352.746380,741.385340,255.031381
917.607905,244.464220,919.042233,346.211923,746.749456,348.640720,745.315127,246.893016
919.352989,245.134751,919.786875,344.847349,747.426528,345.597352,746.992642,245.884754
920.253845,246.543583,920.608798,337.282473,747.912203,337.958028,747.557250,247.219139
919.031930,247.204395,916.745566,341.739251,749.919350,337.704489,752.205715,243.169634
919.923251,253.298741,912.288872,343.392525,748.085685,329.478252,755.720065,239.384468
925.258113,254.474926,913.011861,348.422313,751.758884,327.402626,764.005137,233.455239
925.190125,248.607421,920.359483,344.287639,755.733226,335.976093,760.563868,240.295875
924.380649,247.895109,917.452107,342.558560,753.557177,330.562876,760.485719,235.899426
928.473810,247.414101,921.041271,339.113378,759.134735,325.990302,766.567274,234.291025
923.063611,243.926690,920.011547,340.539952,759.950769,335.483547,763.002834,238.870284
919.640079,235.328229,927.473518,333.751367,780.531932,345.446360,772.698493,247.023222
923.588213,236.141989,927.120584,339.308095,780.144213,344.340515,776.611842,241.174408
918.661018,229.432713,933.535791,335.467381,789.830913,355.626612,774.956140,249.591945
923.279515,233.045173,931.239747,331.160290,779.862138,343.441790,771.901907,245.326673
926.662140,234.094371,931.776274,343.659977,786.637419,350.434545,781.523285,240.868939
919.440740,220.224075,943.246009,321.334534,802.814816,354.397407,779.009547,253.286949
938.892549,198.240369,976.477525,292.054006,804.485857,360.959796,766.900881,267.146159
930.864445,180.515883,982.991695,272.956488,834.059609,356.939279,781.932359,264.498674
934.044858,179.124733,985.503784,267.102273,833.542579,355.985872,782.083653,268.008332
931.453692,178.084581,985.182526,266.107180,839.811868,354.841163,786.083035,266.818563
927.114917,175.718549,984.325128,264.198418,844.021336,354.917467,786.811125,266.437598
945.005068,191.862297,981.217207,281.130389,829.182489,342.804187,792.970350,253.536096
941.559251,187.604303,981.783667,274.202584,833.329472,343.158726,793.105056,256.560445
946.392246,193.252639,980.705910,278.793664,831.009117,338.842576,796.695453,253.301552
941.905440,187.258363,982.960478,271.262731,842.129625,340.090294,801.074588,256.085926
943.158433,185.780879,985.402157,270.778769,846.655601,339.735437,804.411876,254.737547
938.103478,180.829976,988.010987,265.254721,857.755667,342.254878,807.848158,257.830134
935.779722,180.031240,990.217840,266.615766,864.492364,345.662895,810.054247,259.078369
945.850483,192.940270,989.707405,284.198874,860.424382,346.329514,816.567460,255.070910
935.555349,184.636638,995.795542,270.669123,877.210225,353.702903,816.970031,267.670418
974.824907,217.878828,944.944931,333.668986,826.330623,303.060229,856.210599,187.270072
953.375203,212.731917,964.062294,321.457942,845.322029,333.129370,834.634939,224.403344
949.757051,209.561940,969.934341,307.111631,851.003896,331.711341,830.826606,234.161650
942.353132,199.165758,976.692648,280.392803,860.824658,329.377112,826.485142,248.150067
946.565172,204.750336,969.436538,287.885597,848.296586,321.212444,825.425221,238.077183
949.720708,206.295401,968.869251,290.451696,848.975352,317.731812,829.826809,233.575518
947.181148,203.401504,970.651129,285.863554,855.430183,318.657225,831.960202,236.195176
937.648967,195.540908,977.931293,266.859872,874.468571,325.297613,834.186245,253.978649
947.865502,200.760921,979.024502,278.038507,873.276228,320.677138,842.117228,243.399553
946.812831,201.180006,978.071931,279.761216,874.344735,321.023227,843.085635,242.442018
939.105493,196.975944,978.975392,267.466086,888.207264,318.805408,848.337365,248.315266
936.011762,192.637038,981.944044,263.413913,892.588239,321.403419,846.655957,250.626544
938.500219,191.910245,985.696158,262.603549,894.678528,323.368321,847.482589,252.675017
951.639453,205.474801,973.756471,289.304189,873.570129,315.736722,851.453111,231.907334
927.190814,191.886515,988.508834,253.479551,919.404452,322.275377,858.086433,260.682341
891.800454,192.418796,977.332734,219.123398,947.593518,314.375255,862.061238,287.670653
945.490007,200.191878,986.560165,273.896579,880.097820,333.220139,839.027663,259.515439
884.179616,201.967782,963.680266,209.361767,955.172120,300.841967,875.671469,293.447983
898.208877,194.125375,968.983804,210.894365,947.663231,300.879630,876.888304,284.110640
918.016883,189.890672,981.785776,225.497591,936.074192,307.363060,872.305299,271.756142
926.714522,189.160287,979.970533,226.194721,928.444363,300.290040,875.188352,263.255606
918.272756,188.685325,979.261816,218.497477,940.427565,297.943752,879.438505,268.131600
936.542029,188.180343,979.725990,227.493485,911.355310,302.596024,868.171349,263.282883
934.063014,185.934658,978.713519,224.165114,919.050837,293.846963,874.400333,255.616507
918.871280,184.561391,973.892636,210.753554,937.150851,287.936288,882.129496,261.744125
933.432072,185.181075,978.006163,221.090966,922.602330,289.862421,878.028239,253.952529
921.285500,184.101484,974.999479,208.935646,936.441175,292.333667,882.727196,267.499505
927.834928,184.675606,977.842969,214.168740,932.564777,290.941648,882.556736,261.448513
934.089043,186.019183,981.742748,220.366949,935.632048,284.340415,887.978343,249.992649
926.113006,186.318617,977.878181,214.107735,939.623031,285.368886,887.857856,257.579767
930.478010,186.403324,978.747740,216.620842,935.187423,286.204479,886.917692,255.986961
928.087389,189.457240,978.450410,218.528011,937.675822,289.167054,887.312801,260.096283
929.983925,189.588243,977.723797,218.268941,935.865481,287.943348,888.125609,259.262650
913.461755,193.463976,969.721806,207.106965,948.557683,294.382172,892.297632,280.739183
923.656830,191.936279,974.005969,212.811671,941.201782,291.931746,890.852644,271.056355
917.348450,193.887704,968.683593,208.635143,944.455657,292.971450,893.120514,278.224010
924.974736,192.399925,973.336966,213.953964,937.519225,294.320611,889.156995,272.766572
923.595163,195.091417,971.553691,213.455241,940.227167,295.266847,892.268640,276.903023
919.190413,197.276659,967.605471,209.363682,945.055055,299.690282,896.639997,287.603259
917.568263,197.894291,967.494154,208.889962,946.979842,302.035281,897.053951,291.039609
911.331281,202.496563,961.943549,207.660285,950.207817,322.688165,899.595549,317.524443
908.940869,203.845121,960.539646,208.770634,951.843036,299.874725,900.244260,294.949211
905.668578,206.943678,958.064358,208.423280,955.431536,301.656947,903.035756,300.177345
919.009931,198.144930,967.671310,212.388424,943.500532,294.965309,894.839153,280.721815
912.817599,201.302806,963.454301,211.166987,946.826110,296.525999,896.189408,286.661817
915.525153,198.871211,967.794277,212.392077,945.938629,296.881894,893.669506,283.361027
910.793506,202.339622,964.049160,211.274687,949.281484,299.294447,896.025830,290.359383
909.657071,204.563034,962.546748,213.221677,948.569224,298.600727,895.679547,289.942084
924.317482,197.585952,966.999220,217.610907,924.042461,309.170119,881.360723,289.145164
924.899068,192.643739,972.511694,215.386849,927.370065,309.890697,879.757440,287.147586
904.536482,201.610678,959.432854,208.633426,947.302653,303.454433,892.406280,296.431685
914.874745,192.352279,968.765323,208.841404,938.494242,307.774853,884.603664,291.285727
920.643352,194.711462,970.336893,215.843241,929.724256,311.348013,880.030716,290.216235
902.189329,201.119164,962.083339,208.724958,949.618289,306.884586,889.724278,299.278793
922.774054,193.070335,975.672661,217.083274,928.374448,321.277499,875.475841,297.264560
916.959381,191.490615,974.775847,212.301737,935.908015,320.282489,878.091550,299.471366
923.735595,190.518569,983.103664,220.560751,927.740214,329.967621,868.372146,299.925439
926.435125,190.767378,985.334008,222.335905,926.908674,331.342792,868.009792,299.774265
925.622237,192.881338,983.657057,224.672479,925.854982,330.190335,867.820162,298.399194
929.488955,190.703895,987.069767,228.066785,916.134425,337.386876,858.553613,300.023986
928.240948,189.395326,986.674316,223.620619,920.297990,336.945938,861.864623,302.720645
925.348669,190.477684,981.884941,221.182127,921.482757,332.401022,864.946486,301.696579
928.357607,192.791335,985.402598,228.632063,917.580912,336.578739,860.535921,300.738010
904.510061,197.968566,967.961275,210.311734,948.956716,308.006461,885.505502,295.663293
906.608691,198.759400,968.832665,211.307346,949.335089,307.993830,887.111114,295.445884
907.435071,198.336637,971.424068,213.765981,948.171394,310.200103,884.182398,294.770759
905.976062,199.537821,970.762642,212.217007,951.659335,309.828788,886.872755,297.149602
907.621596,198.537304,970.680510,212.365440,949.377706,309.510253,886.318792,295.682117
907.394925,197.145210,972.230128,211.576492,950.953238,307.166856,886.118035,292.735574
910.731309,195.375103,973.657613,211.817728,948.226353,309.143745,885.300049,292.701120
922.338077,192.563648,986.405287,223.381076,937.977902,324.058121,873.910691,293.240694
939.996800,194.373802,993.194361,244.409619,914.479477,328.098464,861.281916,278.062647
938.851082,198.052221,992.014377,250.658851,900.610358,343.030076,847.447063,290.423447
903.982471,202.105085,965.053081,211.902860,949.190018,310.779085,888.119408,300.981311
938.304234,196.555862,993.462724,249.488129,914.709839,331.553200,859.551349,278.620933
905.997909,198.366686,968.481025,210.476695,949.850243,306.604566,887.367127,294.494557
902.828647,199.353023,966.989859,210.238851,950.816629,305.564080,886.655417,294.678252
906.645961,197.659129,971.318197,211.850331,950.504434,306.702943,885.832199,292.511741
894.297355,207.739305,958.929308,209.199153,956.651945,310.024999,892.019992,308.565151
897.702175,207.235390,962.073304,213.074474,953.754609,304.781287,889.383480,298.942203
934.052225,198.415611,992.510290,252.559007,915.079412,336.160325,856.621348,282.016930
944.172101,203.648614,987.787659,270.943143,883.443333,338.571760,839.827775,271.277231
944.259568,204.117781,987.117534,270.964974,882.867744,337.802993,840.009778,270.955799
949.297851,208.297277,983.853131,288.480849,871.778365,336.779707,837.223085,256.596134
953.839152,210.405587,989.389372,312.739809,871.311424,353.759294,835.761204,251.425073
961.023831,218.540812,955.892002,305.890193,835.786603,298.833927,840.918432,211.484546
953.431998,211.983927,980.258944,321.286782,858.687402,351.124915,831.860456,241.822060
963.885885,220.344921,955.333307,323.684319,829.163112,313.242218,837.715690,209.902820
961.870273,217.831047,958.108935,302.544460,832.935385,296.986662,836.696723,212.273249
963.629620,219.933909,956.254842,304.234339,831.691520,293.337279,839.066297,209.036849
961.176591,215.944291,958.023905,310.495911,831.125677,306.264675,834.278363,211.713055
961.205340,217.048174,956.072333,307.501607,831.221116,300.416611,836.354123,209.963178
972.036121,226.114767,950.105171,309.885352,829.376975,278.278984,851.307924,194.508399
996.737810,248.527697,948.534479,330.978780,826.506876,259.637851,874.710206,177.186767
976.225574,228.039284,943.748854,308.121135,823.626077,259.406056,856.102796,179.324204
1002.211412,259.631197,941.135344,336.431129,823.055449,242.526675,884.131517,165.726743
995.493438,245.472475,949.408500,321.337584,822.966653,244.529353,869.051591,168.664245
998.379425,255.623301,942.284001,332.776880,820.297937,244.085466,876.393361,166.931887
972.316121,222.582050,944.499745,306.371953,823.191974,266.100484,851.008350,182.310581
983.977579,231.489045,946.643320,310.624391,822.287775,251.956270,859.622035,172.820923
982.433689,232.110020,945.663227,309.091549,824.692253,251.309394,861.462716,174.327865
999.431316,254.086789,944.108990,329.889755,821.658045,240.522921,876.980371,164.719955
977.358874,226.773457,945.069404,307.719366,821.890846,258.583216,854.180317,177.637306
997.860139,249.431974,949.058269,326.288740,821.637840,245.380378,870.439710,168.523611
998.903082,250.503072,941.733370,330.234330,821.114288,243.746816,878.284000,164.015558
995.704018,250.178531,942.493258,327.579513,822.576243,245.140308,875.787003,167.739326
998.617534,250.172526,949.018066,319.585172,828.346851,233.358404,877.946319,163.945758
1000.790331,250.467344,946.723682,327.046684,824.843889,240.996947,878.910537,164.417608
989.706765,234.363704,948.061095,316.398076,822.037277,252.420671,863.682946,170.386299
1002.858896,263.228959,942.298748,333.255095,826.228028,232.874576,886.788176,162.848439
1001.557131,251.089922,943.660710,329.095123,822.912933,239.474636,880.809354,161.469435
1004.404919,257.025509,945.323300,332.453604,824.431696,237.761146,883.513315,162.333051
997.767595,248.575551,947.007776,319.405836,827.884114,234.037049,878.643933,163.206764
975.961964,224.655938,947.175067,303.394614,823.442863,258.158063,852.229759,179.419387
1001.696986,257.337138,941.390532,330.386801,826.459063,235.504646,886.765517,162.454984
983.943001,231.634671,943.882008,307.663421,829.838884,247.571931,869.899877,171.543181
986.670356,238.741948,942.140291,310.102557,828.802854,239.378335,873.332920,168.017727
995.188670,254.117623,940.528249,319.038174,829.889001,225.884499,884.549422,160.963949
995.536118,259.269596,938.549440,321.117419,829.623423,220.752821,886.610101,158.904997
972.558577,219.419397,945.869385,304.956486,817.563750,264.922698,844.252943,179.385608
997.712991,255.160515,943.033275,320.700292,824.483384,221.794335,879.163100,156.254558
1004.158479,266.665499,944.742972,330.174247,825.423507,218.545112,884.839014,155.036365
1000.473956,255.833512,945.233176,321.399046,824.677194,219.827290,879.917973,154.261755
1002.797061,263.373402,938.091499,337.214050,814.330413,228.763883,879.035975,154.923235
1000.900447,253.761040,942.818454,334.385602,809.612655,238.424050,867.694647,157.799487
1001.108476,255.881354,939.795520,333.144973,812.537794,232.158929,873.850749,154.895309
1001.010233,256.809647,941.889322,333.523030,811.810108,233.274529,870.931019,156.561146
996.366445,247.949743,941.700023,325.492299,812.462430,234.381595,867.128853,156.839040
1003.935901,257.149404,940.241258,334.887698,812.836831,230.499255,876.531475,152.760961
1001.397785,252.612903,938.816727,337.915833,807.404104,241.507177,869.985162,156.204246
999.371288,250.186080,938.093287,333.363477,808.706226,238.042143,869.984226,154.864746
999.991714,252.770556,937.632905,332.207794,811.668141,233.324538,874.026951,153.887300
971.155816,217.761831,945.333472,310.367045,815.409740,274.138682,841.232084,181.533468
973.812655,217.186150,946.345423,307.059090,813.489772,266.455356,840.957004,176.582415
977.167368,221.918360,945.046435,302.653893,814.905575,250.876868,847.026507,170.141334
1002.741349,257.342062,945.999708,328.678577,819.714794,228.230536,876.456436,156.894020
1002.316286,257.585794,943.263860,331.339547,822.024815,234.267066,881.077241,160.513313
971.539554,215.025393,949.809848,302.684776,824.766315,271.687989,846.496022,184.028606
958.053005,209.080538,954.294940,294.706442,829.633698,289.235141,833.391763,203.609238
962.526017,209.870556,956.577661,299.517176,825.095952,290.792921,831.044308,201.146301
961.120987,211.333224,958.045664,298.067783,826.058291,293.387943,829.133615,206.653384
958.476590,209.569171,959.660856,299.975477,827.234717,301.710177,826.050451,211.303870
958.565577,211.663990,955.526630,297.651973,826.544655,293.093552,829.583603,207.105569
957.103300,210.356671,955.734187,296.137412,826.458985,294.074101,827.828099,208.293359
958.437010,210.143551,956.108975,303.755233,826.492801,300.531800,828.820835,206.920118
980.017145,222.726044,950.745452,313.574670,822.141554,272.138117,851.413247,181.289491
966.134263,214.175499,953.585328,309.708999,823.195010,292.581399,835.743945,197.047899
959.229870,210.761264,955.174845,303.824003,825.141978,298.158078,829.197003,205.095339
956.929230,211.269942,957.982406,303.256101,825.522338,304.772675,824.469161,212.786517
952.032748,206.447428,967.176331,285.412092,817.750890,314.068411,802.607307,235.103747
954.888655,209.673192,960.472034,303.648099,807.606185,312.730396,802.022806,218.755489
955.467583,207.552459,964.081358,303.358722,802.654367,317.872341,794.040592,222.066078
955.094592,211.058360,961.613076,306.539235,797.931576,317.713778,791.413092,222.232903
955.620274,210.501404,960.764735,310.812282,794.535281,319.337389,789.390820,219.026511
956.890449,213.435240,956.029042,314.455005,791.683454,313.053611,792.544862,212.033846
961.561094,216.167950,957.195312,312.045166,790.516460,304.455422,794.882242,208.578206
959.087805,215.019751,958.151948,312.588179,791.711688,310.991717,792.647545,213.423289
957.659532,214.030590,960.654684,311.026024,792.339079,316.223493,789.343927,219.228060
964.148530,221.220176,954.300130,325.835764,785.520314,309.947012,795.368714,205.331424
957.641877,219.898331,955.486245,315.512055,770.142718,311.333446,772.298350,215.719721
955.953280,217.860761,961.885460,310.600915,765.762841,323.146018,759.830660,230.405864
956.169240,217.462690,960.105631,315.000478,758.837179,323.123189,754.900788,225.585401
954.380720,218.046391,960.968477,312.653243,750.041724,327.340700,743.453968,232.733848
953.354650,216.871492,961.869861,309.763272,751.315160,329.064417,742.799948,236.172637
958.295507,218.898527,964.600096,317.671482,747.936841,331.500902,741.632252,232.727948
959.490392,220.210552,962.627913,315.307245,747.409080,322.407949,744.271559,227.311256
956.281851,211.671743,969.681886,305.208969,755.656031,335.870065,742.255996,242.332840
959.612723,219.290246,964.486321,313.810518,748.211123,324.961972,743.337525,230.441700
956.611927,217.800368,963.231294,307.243264,752.401611,322.846058,745.782243,233.403163
955.984572,217.433993,963.176844,306.354534,749.455544,323.641224,742.263272,234.720683
957.071674,222.054187,958.671436,314.227806,738.392111,318.050966,736.792349,225.877348
955.172134,221.616688,957.871893,317.969497,740.301033,324.065729,737.601274,227.712920
948.550552,208.107899,965.264127,295.614612,752.065956,336.334958,735.352381,248.828246
958.990893,223.319209,958.865902,315.147249,741.199437,314.850974,741.324428,223.022934
948.682429,214.885143,958.138128,303.902574,744.496292,326.596251,735.040593,237.578819
951.254855,215.376932,958.945258,304.765476,752.426897,322.532958,744.736495,233.144414
948.018264,209.693052,961.444168,302.697735,773.934726,329.766089,760.508822,236.761406
947.256499,216.808243,956.487605,323.093019,757.390770,340.385090,748.159665,234.100313
939.912972,208.998792,954.906454,296.092627,751.169089,331.166665,736.175607,244.072830
939.585622,207.045005,955.309492,297.183841,755.821902,331.982569,740.098032,241.843732
949.325554,209.765720,960.782002,298.293126,768.463844,323.181272,757.007396,234.653866
949.565035,207.560882,963.094462,297.328304,774.582877,325.740100,761.053450,235.972679
940.315415,208.278438,955.775843,301.293994,754.742223,334.708468,739.281795,241.692912
946.570378,209.371320,959.140411,297.992100,750.803839,327.542705,738.233805,238.921924
945.714507,213.546652,955.782082,300.245328,747.401053,324.442835,737.333477,237.744158
951.248608,221.983303,955.057925,310.338724,743.004914,319.481086,739.195596,231.125664
949.404170,225.033248,952.077431,313.185431,745.890967,319.438143,743.217706,231.285959
951.490589,229.970990,951.220344,324.012269,741.554543,323.409754,741.824788,229.368475
950.598006,228.549315,953.389176,317.594121,742.919633,324.191432,740.128463,235.146625
949.592392,221.334532,958.491307,317.886242,750.062219,337.096598,741.163304,240.544888
954.470047,231.182075,956.833174,318.949747,742.999211,324.707184,740.636083,236.939513
955.296733,237.683812,954.634030,322.702062,742.088403,321.045305,742.751106,236.027055
950.021834,224.857274,958.417385,315.877147,747.554679,335.326839,739.159129,244.306966
948.060278,228.833053,953.752971,315.012426,745.355578,328.778394,739.662885,242.599021
940.549871,229.539110,946.294652,319.853982,744.234260,332.706713,738.489479,242.391841
935.394512,230.351418,939.461753,319.680748,741.120359,328.711403,737.053117,239.382073
927.912635,230.479417,932.710695,321.535383,743.135159,331.524786,738.337100,240.468820
918.670261,219.819661,925.521029,320.477423,744.032033,332.829567,737.181264,232.171804
914.641269,211.822040,930.080247,312.346483,750.884501,339.868139,735.445523,239.343696
917.233115,232.352795,919.104587,326.506073,742.754004,330.011368,740.882532,235.858091
925.099315,244.602266,919.917095,328.118725,731.285094,316.414056,736.467313,232.897598
912.153992,227.191226,921.707625,309.317098,763.219100,327.753933,753.665468,245.628061
903.917724,241.798388,898.907543,331.202384,720.099550,321.182020,725.109732,231.778024
894.417172,243.792372,889.506215,330.528455,726.153259,321.279486,731.064215,234.543403
931.257618,254.222184,920.519311,328.880966,718.079153,299.763632,728.817460,225.104851
923.105539,257.473971,909.607766,347.812307,715.602486,318.825287,729.100259,228.486950
881.677318,255.060173,859.456278,347.028346,709.637159,310.829555,731.858198,218.861382
863.146662,233.084698,850.001448,336.019576,715.277857,318.814811,728.423071,215.879933
858.004532,245.898545,847.777787,332.326851,713.813912,316.475396,724.040657,230.047090
905.399954,252.124849,900.932939,336.039891,737.229822,327.325550,741.696838,243.410507
893.817034,262.928934,887.505893,337.276130,748.819777,325.503424,755.130918,251.156228
868.111565,268.779996,853.856607,339.684159,732.115495,315.208666,746.370453,244.304502
906.852705,263.019929,886.403903,329.999198,740.041797,285.314778,760.490599,218.335509
913.285404,240.099992,943.117801,293.981126,854.752742,342.906257,824.920345,289.025123
939.940697,233.144661,965.237532,289.717790,852.091275,340.311460,826.794440,283.738332
922.477076,242.059368,950.962771,308.488036,846.720862,353.188663,818.235167,286.759996
943.974485,237.431155,965.203021,295.924696,853.173019,336.582740,831.944483,278.089199
928.298845,255.859490,935.795645,315.546778,847.259501,326.667033,839.762700,266.979744
937.910558,258.541706,944.372064,314.403624,846.850410,325.683880,840.388905,269.821962
941.421883,256.586962,947.388353,313.368099,845.542822,324.069863,839.576352,267.288726
932.659686,258.814330,940.667834,312.709603,847.897282,326.494121,839.889134,272.598847
930.436993,257.166461,938.074024,314.388244,849.716859,326.180718,842.079828,268.958935
937.790877,271.084232,931.790677,328.898704,841.857053,319.565059,847.857253,261.750587
936.696478,272.010010,932.924082,308.495192,843.738082,299.273780,847.510477,262.788598
929.998748,255.437536,942.991214,304.003103,862.297656,325.590585,849.305190,277.025017
938.439564,268.285028,933.828412,308.988210,848.721759,299.346710,853.332911,258.643528
887.674560,245.104506,923.725758,288.310036,870.010775,333.130444,833.959577,289.924914
909.116789,254.705955,924.050008,310.766741,853.086988,329.669550,838.153769,273.608764
911.260620,254.137193,926.828085,309.170456,852.289363,330.255503,836.721898,275.222240
909.995773,252.037693,928.792551,308.578429,855.289595,333.014240,836.492817,276.473504
923.057248,252.443675,936.812081,307.555209,851.244173,328.911398,837.489339,273.799863
915.139987,269.820539,898.733784,327.609741,835.824020,309.749823,852.230224,251.960622
873.704428,242.235103,920.953212,275.368232,880.365129,333.247991,833.116346,300.114863
910.290180,249.238656,931.115016,299.095473,859.609844,328.962672,838.785008,279.105855
912.372779,254.229502,923.378362,305.477761,846.505973,321.986135,835.500390,270.737876
917.002231,269.204223,904.970085,322.952035,836.889523,307.711316,848.921669,253.963504
916.602478,258.763086,921.763682,313.656402,845.329951,320.842890,840.168747,265.949574
893.780519,259.834805,901.308706,319.793738,846.287568,326.701956,838.759381,266.743024
901.582284,310.011504,859.297630,331.421153,834.217755,281.887701,876.502409,260.478052
880.213499,261.217932,901.556337,309.451700,855.675436,329.753424,834.332599,281.519656
889.401572,257.455889,909.255350,304.704063,856.821400,326.736914,836.967622,279.488740
906.937941,290.500198,877.595040,324.771975,837.382821,290.342971,866.725722,256.071193
861.066392,254.094800,905.928531,280.187640,878.975487,326.528751,834.113348,300.435911
906.022495,285.137202,874.621677,327.794875,831.964003,296.394058,863.364821,253.736384
892.612923,318.366161,845.526065,323.859826,838.960465,267.585288,886.047323,262.091623
871.511784,255.841590,902.671104,289.571046,864.123155,325.181698,832.963834,291.452242
886.245334,248.521516,913.360199,283.826260,859.715327,325.026769,832.600463,289.722024
855.545461,259.976783,898.439527,282.701055,877.419576,322.378066,834.525510,299.653794
878.190646,254.023264,906.163938,289.865492,861.247728,324.920631,833.274436,289.078402
872.660064,257.846846,890.826712,284.114255,849.080293,312.986249,830.913645,286.718839
879.793660,262.702601,891.010184,303.998077,839.260157,318.054227,828.043633,276.758751
886.199268,261.436985,895.432971,311.451131,845.974538,320.582237,836.740835,270.568091
878.401305,254.219430,905.210029,290.430163,860.290385,323.686555,833.481661,287.475822
900.577083,278.540501,881.118944,322.456694,834.102785,301.625039,853.560924,257.708847
902.820937,279.939051,879.553806,323.381912,835.064129,299.554127,858.331260,256.111266
857.573400,258.860736,892.884336,278.694743,870.846550,317.929116,835.535615,298.095109
874.999056,260.157167,896.945796,295.151923,855.588357,321.088979,833.641617,286.094223
863.802332,258.868913,881.509567,275.619867,849.752550,309.189834,832.045315,292.438880
880.170480,256.020162,896.444532,282.404916,846.973118,312.918763,830.699067,286.534009
870.132539,258.551068,884.844017,279.583191,843.906493,308.218032,829.195015,287.185909
849.724411,257.460084,884.477184,266.362913,865.042961,342.225674,830.290187,333.322846
854.662100,257.769972,884.773741,272.355896,861.396300,320.617018,831.284660,306.031094
871.920186,258.010526,890.619356,281.095719,848.544730,315.176464,829.845560,292.091271
881.364523,258.376067,890.536802,275.699189,834.125611,305.567893,824.953332,288.244772
878.946187,256.621757,895.418363,282.291144,846.085011,313.948607,829.612835,288.279220
872.357108,258.204592,886.913733,276.653295,846.876122,308.244269,832.319496,289.795566
855.716890,257.116002,886.929947,272.479073,865.253286,316.519413,834.040229,301.156343
872.754204,263.976773,887.115172,295.225416,847.944338,313.227192,833.583370,281.978549
872.513467,258.430726,886.377790,276.902924,845.663558,307.461025,831.799234,288.988827
868.734452,261.649662,883.317975,283.688527,846.711046,307.912006,832.127523,285.873140
869.690170,260.360372,884.963985,281.990370,847.285923,308.596371,832.012108,286.966373
872.416177,260.660746,883.288606,277.664134,838.739730,306.149897,827.867302,289.146509
862.961752,261.984246,881.915398,283.809245,849.472832,311.983584,830.519186,290.158584
855.143382,253.821167,880.988059,282.018954,849.559275,310.825000,823.714599,282.627213
868.500600,260.551397,883.958468,280.926911,845.545614,310.068794,830.087745,289.693280
874.446895,258.106379,887.323480,275.876868,844.406071,306.975036,831.529486,289.204546
876.315307,261.523169,888.640937,284.593242,844.361282,308.250500,832.035652,285.180428
872.365331,263.215084,882.362863,284.153908,834.393920,307.057345,824.396388,286.118521
871.138060,263.914498,882.467181,287.131132,837.906222,308.875737,826.577100,285.659102
868.350079,263.627785,879.778219,281.227263,841.818561,305.876192,830.390421,288.276715
866.688906,261.589164,879.881984,277.544166,844.359527,306.917433,831.166449,290.962432
869.264773,261.486623,882.647728,280.892264,844.775428,307.010612,831.392473,287.604970
865.526556,258.385602,879.170816,271.990704,845.296888,305.962128,831.652628,292.357026
870.744057,260.424301,883.145221,278.016046,844.258205,305.429145,831.857041,287.837400
871.129286,259.926061,884.822137,279.509644,845.023244,307.337050,831.330393,287.753468
870.301934,258.158556,883.726887,273.761256,844.720137,307.323638,831.295184,291.720938
873.253788,261.006581,886.698656,282.802810,845.417919,308.266576,831.973051,286.470347
870.192173,258.842556,884.637856,276.559025,847.029211,307.224421,832.583528,289.507952
867.456250,258.733035,882.823874,275.592641,847.137709,308.120778,831.770085,291.261173
866.966306,260.762637,879.353577,275.853036,842.367306,306.213994,829.980035,291.123595
867.488697,263.013795,883.690550,284.836612,848.343733,311.079051,832.141880,289.256234
867.998218,259.275527,884.196625,278.139755,848.598001,308.707718,832.399594,289.843490
869.054457,258.384168,889.900936,283.154411,853.630223,313.679612,832.783744,288.909369
869.980234,259.072124,886.048146,278.047627,849.015309,309.405971,832.947397,290.430468
868.161705,262.956927,884.750828,284.719772,850.114188,311.122179,833.525065,289.359335
865.883046,263.837434,881.958504,288.532239,848.130003,310.553414,832.054545,285.858609
865.258027,262.873898,878.777444,280.486511,843.855883,307.292251,830.336467,289.679638
861.180127,261.394542,872.453664,270.645540,844.931944,304.184314,833.658407,294.933315
864.307222,262.681095,878.525664,279.232891,844.896617,308.121153,830.678176,291.569356
873.239738,260.379472,885.475812,278.512153,843.770646,306.655124,831.534572,288.522443
870.338378,262.456646,884.992742,286.021707,847.097577,309.587509,832.443212,286.022448
864.388703,258.241443,873.533993,266.301363,841.554309,302.587512,832.409019,294.527592
863.717068,262.858721,877.774555,278.262725,845.591189,307.632831,831.533703,292.228826
864.406699,264.414178,877.270116,280.881368,842.382000,308.134369,829.518583,291.667179
854.766905,262.921521,867.240005,269.956657,847.036538,305.776841,834.563438,298.741705
866.253339,264.653500,878.840159,283.941072,844.648553,306.254071,832.061734,286.966498
862.499525,260.674703,874.533333,271.780021,844.919154,303.870177,832.885345,292.764860
861.516148,264.809469,868.855466,272.653512,842.470959,297.340309,835.131641,289.496266
858.558847,268.157869,871.860565,285.451702,847.503054,304.186517,834.201335,286.892684
854.767394,269.726885,867.283720,281.399526,845.700346,304.542921,833.184020,292.870280
853.235435,266.421998,866.648952,274.526640,847.261377,306.613877,833.847860,298.509235
851.445327,271.542350,864.899234,282.733525,846.620315,304.708239,833.166408,293.517064
853.962468,269.024480,867.964755,281.936467,846.819037,304.867748,832.816750,291.955761
847.156487,269.662277,861.631570,274.680638,851.689533,303.357689,837.214450,298.339328
854.841956,265.467468,867.012351,273.828400,845.490693,305.155897,833.320299,296.794965
848.075725,268.275002,860.379795,272.519567,849.725070,303.405296,837.420999,299.160730
844.505078,275.543247,857.444943,278.978212,850.769445,304.125498,837.829579,300.690532
837.719038,276.283287,858.094860,284.024710,850.611484,303.721338,830.235662,295.979915
850.884108,267.903629,862.228230,274.009180,846.305911,303.592871,834.961789,297.487320
847.170258,274.422727,858.344810,281.405915,845.013270,302.739151,833.838718,295.755963
851.351420,267.992212,860.865407,272.996865,845.269511,302.645103,835.755524,297.640450
847.363512,272.207293,856.586284,276.231519,844.992680,302.801884,835.769909,298.777658
848.342124,270.145116,861.305106,282.813057,841.194750,303.391791,828.231768,290.723850
852.482202,268.512209,863.198684,277.857254,844.352844,299.468826,833.636362,290.123781
849.433699,270.924273,859.861046,276.863164,845.137546,302.714296,834.710198,296.775405
859.279799,269.095880,867.970923,283.004817,839.115068,301.035657,830.423944,287.126720
851.203680,268.931357,862.110857,275.048032,847.380904,301.314296,836.473727,295.197621
849.753008,268.606658,859.426936,273.222579,846.238591,300.862372,836.564664,296.246452
849.016122,270.072020,857.983522,274.336340,845.814608,299.926238,836.847207,295.661918
852.597007,269.724921,863.052478,278.654962,842.662218,302.528287,832.206747,293.598246
848.644038,266.669571,857.484186,269.695700,846.465973,301.882904,837.625825,298.856775
848.206440,269.635191,859.197963,274.238815,847.069185,303.197252,836.077661,298.593628
844.351616,269.929954,860.366776,275.247877,850.838832,303.941704,834.823673,298.623782
847.510767,270.519317,862.360723,276.233626,851.459581,304.562772,836.609625,298.848464
847.965408,271.612303,861.144406,277.140932,849.396070,305.146303,836.217071,299.617674
853.862833,270.637963,864.355964,286.054137,838.729078,303.497265,828.235946,288.081091
846.162542,270.320962,861.785611,282.736712,845.283665,303.501550,829.660596,291.085800
847.934781,267.811671,861.660653,272.815096,850.289231,304.010260,836.563359,299.006835
849.840619,267.137354,860.652449,272.301382,846.721583,301.468177,835.909754,296.304149
853.358305,266.533464,865.027427,274.409071,844.669727,304.572652,833.000604,296.697045
849.498252,268.841125,862.004324,275.317116,847.308806,303.696278,834.802735,297.220287
850.239298,270.547389,862.381910,281.086035,843.311978,303.058381,831.169366,292.519735
854.233263,264.871859,865.271897,272.488668,843.944834,303.396844,832.906200,295.780035
851.348021,269.730935,863.854459,278.264841,845.588906,305.033005,833.082468,296.499099
846.982756,273.293997,858.480825,279.878593,844.900096,303.593361,833.402027,297.008765
848.602987,270.509396,862.139735,284.126166,843.300094,302.855093,829.763346,289.238323
848.544235,273.154685,861.007869,282.834855,844.228907,304.438486,831.765274,294.758316
836.772989,271.437212,854.762581,277.550689,846.638091,301.457909,828.648500,295.344432
850.532411,268.996648,862.514881,275.590814,846.283088,305.086125,834.300618,298.491959
840.435353,276.787987,852.661213,277.556640,851.123906,302.008362,838.898045,301.239708
849.107053,269.670594,858.410547,273.783020,845.485780,303.022572,836.182286,298.910146
851.716405,270.384760,863.713871,285.717504,838.341831,305.570454,826.344365,290.237710
848.884199,270.481341,859.167264,274.767609,846.774359,304.499080,836.491294,300.212813
848.437821,272.733549,860.293199,282.457803,842.971872,303.575195,831.116493,293.850941
848.055949,270.560327,860.133141,275.725655,848.411819,303.131589,836.334628,297.966261
847.498449,270.295746,859.355824,275.470836,846.897274,304.016369,835.039899,298.841279
845.960550,267.940463,862.478230,277.826249,847.200198,303.353572,830.682518,293.467786
851.021048,270.902154,864.258882,281.720892,846.948902,302.901426,833.711068,292.082689
845.432435,271.301479,861.696006,279.512392,848.508782,305.632673,832.245211,297.421760
853.718624,266.633843,868.794116,277.166869,848.526019,306.175769,833.450528,295.642742
848.044906,274.634383,863.474625,283.492554,850.114761,306.763605,834.685042,297.905435
861.838405,262.598341,874.660407,275.541258,844.852477,305.070718,832.030475,292.127801
851.232205,270.693800,864.920268,282.059552,845.169945,305.845367,831.481881,294.479615
850.247686,270.464811,863.699884,278.382575,847.424481,306.034313,833.972284,298.116550
842.761966,270.666235,855.020815,272.672129,850.429547,300.731272,838.170698,298.725378
845.914215,274.355112,857.528494,278.976640,848.285438,302.205199,836.671159,297.583670
850.942510,268.670295,865.695364,276.755085,849.882465,305.609931,835.129611,297.525141
849.448888,269.761804,862.141325,276.398669,848.022903,303.398945,835.330465,296.762079
851.933283,269.167502,864.702466,281.586565,844.521489,302.336487,831.752306,289.917424
844.153215,267.148384,861.485252,274.958404,849.395769,301.787448,832.063732,293.977428
852.491968,264.249358,863.834455,269.686014,848.588181,301.494292,837.245694,296.057636
845.215248,271.630341,857.930804,274.986606,851.285398,300.163408,838.569841,296.807142
846.342165,270.157840,855.121244,272.139700,848.735251,300.427844,839.956172,298.445984
845.804952,271.173509,858.964318,275.142183,850.684842,302.595344,837.525476,298.626670
840.288985,268.825562,862.795427,277.713715,852.499250,303.785533,829.992808,294.897380
844.006690,272.137736,855.302582,274.294777,850.332008,300.324441,839.036116,298.167400
844.046671,273.935865,856.367127,277.008884,850.105124,302.114719,837.784668,299.041699
844.767039,271.534331,858.837032,276.264258,849.771339,303.231745,835.701345,298.501818
846.247058,265.095362,858.613010,268.243613,849.682258,303.322536,837.316307,300.174285
845.613355,270.461895,854.666636,272.576127,848.075209,300.801064,839.021927,298.686832
850.010517,268.078696,862.636292,273.944564,849.275148,302.703274,836.649373,296.837406
850.600101,263.494938,863.694518,269.831168,847.798364,302.682075,834.703946,296.345845
850.705905,265.645391,865.361637,275.089177,846.038197,305.077060,831.382465,295.633273
852.041073,267.359855,866.113986,278.125877,847.487059,302.474250,833.414146,291.708228
850.104231,266.946999,863.228135,275.354413,846.413307,301.602219,833.289404,293.194806
846.087815,275.462971,857.025756,283.587137,843.146973,302.272786,832.209032,294.148620
856.143153,268.240559,868.338759,281.308950,842.597989,305.330597,830.402384,292.262206
849.557873,271.461149,861.927033,283.980223,840.927296,304.728492,828.558136,292.209418
846.559425,271.957825,861.762431,279.087249,850.493341,303.117806,835.290335,295.988382
851.367614,268.997335,864.252503,282.715344,841.890269,303.719479,829.005379,290.001469
856.424086,268.212173,868.432746,280.852097,844.319660,303.760925,832.311000,291.121001
856.778986,269.411557,867.833936,283.827377,840.579027,304.728142,829.524076,290.312322
858.809461,262.274047,873.135600,276.497158,843.643561,306.202829,829.317422,291.979718
866.799943,263.678470,878.815369,282.330942,841.510425,306.361792,829.494999,287.709320
866.879895,262.018321,876.949061,275.384367,841.044191,302.432912,830.975025,289.066865
864.715054,263.544058,876.042540,279.108459,842.412316,303.583918,831.084831,288.019517
866.335012,261.193562,878.842007,278.250574,841.701739,305.483545,829.194745,288.426534
868.047269,261.953984,878.725709,278.416345,839.216042,304.044602,828.537602,287.582241
860.312540,259.146745,875.857838,280.443982,843.770002,303.865564,828.224704,282.568328
866.882049,262.675963,878.989610,279.018033,845.711212,303.673429,833.603652,287.331359
867.393685,261.367957,879.642934,277.669291,841.981230,305.969279,829.731982,289.667945
865.536007,263.215901,876.875592,278.690850,842.129951,304.151426,830.790366,288.676477
865.949672,262.285178,877.863283,278.027472,841.131263,305.825898,829.217652,290.083604
866.988373,262.168899,877.947995,277.324544,840.339543,304.520643,829.379921,289.364998
865.065068,263.076148,876.394450,278.639169,840.543920,304.737209,829.214538,289.174188
865.309534,261.883356,878.140668,277.275757,843.575275,306.089531,830.744141,290.697130
862.707406,260.923231,873.962220,272.041300,841.596284,304.805312,830.341471,293.687243
866.055967,261.661147,876.122982,274.097191,840.110269,303.249589,830.043254,290.813544
862.406404,258.868234,876.149474,271.500435,845.020122,305.367284,831.277053,292.735083
861.667883,260.066939,875.607867,275.218338,848.129905,300.499326,834.189922,285.347926
862.030576,260.220232,875.731818,275.216019,841.741368,306.272167,828.040126,291.276381
861.931055,260.971740,874.780401,274.353597,842.612475,305.241448,829.763129,291.859591
863.882357,260.943755,875.153394,272.045378,842.835337,304.856618,831.564301,293.754995
863.207090,261.063021,876.448809,274.630455,843.741601,306.552456,830.499882,292.985022
864.404439,261.836348,877.481692,276.685233,842.919633,307.123668,829.842379,292.274783
865.339944,260.488039,878.172697,275.142675,842.468674,306.407929,829.635920,291.753293
868.082926,262.202584,879.100074,278.941355,840.630266,304.261468,829.613118,287.522696
867.661930,262.081265,879.595881,278.016863,841.640184,306.441364,829.706233,290.505766
867.270710,262.324201,879.437608,279.790737,841.641170,306.119108,829.474271,288.652572
865.272726,261.232620,877.985640,276.367406,843.588399,305.260392,830.875485,290.125606
865.065481,261.047833,878.362678,277.909489,841.647781,306.863062,828.350584,290.001406
863.959288,260.737225,876.782753,274.926107,843.675363,304.847526,830.851898,290.658645
865.632199,261.833404,878.380481,278.046730,844.062274,305.030593,831.313993,288.817267
863.573927,260.036723,876.094772,272.603396,846.128091,302.460795,833.607246,289.894122
864.011088,261.324088,876.488639,275.924457,842.338625,305.109236,829.861074,290.508868
867.231861,262.935952,878.760975,280.260249,841.840342,304.830494,830.311227,287.506197
866.651216,260.513617,878.988457,277.664948,841.592932,304.564178,829.255691,287.412847
866.922385,262.431705,878.112983,279.070711,841.507168,303.690028,830.316570,287.051021
869.232617,263.429515,880.712664,282.562109,838.195787,308.073325,826.715740,288.940730
869.867806,263.989676,880.984847,284.225589,840.839407,306.280363,829.722366,286.044450
861.524501,260.729804,878.497441,276.143124,848.913810,308.720219,831.940870,293.306899
867.077383,256.292971,881.595501,271.321614,847.972098,303.802827,833.453980,288.774185
863.570728,252.502367,883.842456,271.631597,848.565173,309.015824,828.293445,289.886593
876.663123,257.263883,888.354332,274.141319,839.909840,307.699421,828.218631,290.821985
869.482322,255.122042,883.601984,269.735401,846.638783,305.449839,832.519121,290.836481
870.275132,260.253326,884.002548,280.831863,843.543051,307.821358,829.815635,287.242821
880.980990,259.526493,882.366123,299.992377,833.543155,301.663570,832.158021,261.197686
871.529509,263.361762,882.532753,288.231697,838.272701,307.813742,827.269456,282.943807
864.992439,253.463122,880.732938,280.242136,839.244325,304.628825,823.503826,277.849811
874.481024,259.696745,887.635122,285.067573,841.394742,309.041978,828.240643,283.671150
868.565342,260.569006,888.826111,283.776557,855.264422,313.076747,835.003652,289.869196
870.403849,259.480929,885.005501,278.939846,847.889419,306.791144,833.287767,287.332228
872.401347,259.380837,885.471648,278.382051,844.302351,306.701037,831.232050,287.699823
865.872637,262.687824,881.300010,280.696939,848.386799,308.891793,832.959426,290.882678
867.450379,261.299223,880.522266,280.093523,842.296572,306.680412,829.224685,287.886113
865.655886,258.988050,879.421981,274.597496,845.023388,304.933890,831.257293,289.324444
866.104646,259.407107,878.576858,273.685144,841.783457,305.825075,829.311244,291.547039
865.358299,260.199328,878.836572,275.872954,842.845283,306.823065,829.367010,291.149439
867.577705,261.956273,881.367526,280.675336,842.419796,309.367060,828.629976,290.647996
865.099629,259.921574,880.940572,281.243651,842.999817,309.431210,827.158875,288.109133
865.795838,259.076030,880.950824,279.596940,843.880794,306.973690,828.725807,286.452780
869.901277,263.140406,882.226250,282.799502,841.835743,308.121719,829.510771,288.462623
870.085349,261.463950,883.025806,284.750587,844.214745,306.318016,831.274287,283.031379
872.325690,262.343534,881.708533,279.467452,839.643255,302.516608,830.260413,285.392690
877.033445,258.830400,887.924833,277.548595,839.396178,305.785526,828.504790,287.067330
869.791664,263.429141,882.077766,283.608148,842.440431,307.741563,830.154329,287.562556
868.370178,259.441364,882.800342,277.684646,845.055621,307.540158,830.625457,289.296876
871.196331,263.570109,881.492106,285.410858,837.094519,306.339974,826.798744,284.499225
869.933791,261.538498,882.506946,280.928160,842.056099,307.158362,829.482944,287.768700
869.301616,261.342844,882.102910,280.004388,841.047513,308.167232,828.246220,289.505689
870.098922,261.590684,882.057020,279.611704,846.670290,303.093060,834.712192,285.072040
871.071464,263.642846,880.667694,283.407784,840.132821,303.088188,830.536591,283.323250
866.525693,259.229688,879.152748,272.913771,846.584629,302.966160,833.957575,289.282077
871.041027,264.623493,880.343707,285.681008,837.256792,304.715721,827.954113,283.658206
870.919636,264.678879,882.053775,286.397442,846.514309,304.616943,835.380169,282.898380
869.947396,261.857404,881.663382,282.228601,841.239287,305.477510,829.523301,285.106313
868.357198,262.425880,881.419643,281.267952,845.255021,306.339420,832.192576,287.497348
869.075339,260.462305,882.769674,278.387054,848.389419,304.653237,834.695084,286.728488
870.371847,263.373738,879.619297,280.913385,837.394221,303.175764,828.146771,285.636117
868.015140,263.210327,878.961675,282.802380,839.145568,305.048564,828.199033,285.456512
863.585422,260.356832,879.155424,276.382381,845.768863,308.819884,830.198862,292.794335
865.459496,260.085213,880.088996,277.494016,849.992422,302.785692,835.362923,285.376890
868.907535,263.382400,880.415929,281.736922,841.840324,305.924055,830.331930,287.569533
869.969878,262.418784,880.372314,279.561578,838.606234,304.905693,828.203799,287.762899
867.361890,259.059558,883.355942,277.721674,853.100695,303.651424,837.106643,284.989309
871.632618,262.878611,881.649235,281.041919,841.628387,303.112429,831.611771,284.949122
869.937696,261.731141,881.880461,279.621597,841.247900,306.745841,829.305136,288.855386
857.559757,255.196443,880.807997,272.946988,852.361611,310.203782,829.113371,292.453238
868.985001,260.499744,881.482422,275.678263,842.625414,307.671659,830.127994,292.493140
861.269905,258.535281,879.533385,274.361622,853.568294,304.325144,835.304814,288.498803
867.884740,261.458519,880.334816,277.537883,842.252112,307.024906,829.802035,290.945542
869.848654,265.933151,879.016909,286.417737,837.386945,305.049997,828.218689,284.565412
866.961931,260.647279,881.086754,277.083810,844.753371,308.307103,830.628547,291.870573
867.377065,259.982953,880.717885,275.334786,844.152607,307.110194,830.811788,291.758360
872.244172,261.181618,882.313286,283.836412,843.000556,301.309286,832.931442,278.654492
865.128985,259.497573,879.760185,276.501563,845.175798,306.259937,830.544598,289.255946
870.254757,262.356295,882.514182,283.125148,840.976476,307.643997,828.717052,286.875144
870.989847,262.472963,883.456929,283.151288,841.422300,308.494208,828.955218,287.815883
869.617800,261.553366,881.829566,280.994503,841.941714,306.049679,829.729948,286.608541
868.315286,261.306137,879.305315,281.037935,839.841719,303.017993,828.851691,283.286195
868.203249,259.756456,882.977042,279.509418,849.335279,304.671034,834.561487,284.918072
873.204615,263.592754,883.118743,286.230537,839.932818,305.143642,830.018691,282.505859
869.658443,261.379816,882.611912,279.726053,845.264215,306.095613,832.310747,287.749376
871.472160,263.364562,883.465716,284.098757,842.984670,307.514747,830.991114,286.780553
867.190610,262.610940,881.693784,280.622702,846.570848,308.903891,832.067674,290.892129
870.229451,263.744190,882.369718,283.242328,844.611420,306.752052,832.471152,287.253914
865.579298,260.043164,881.348758,276.310610,849.898363,306.798233,834.128902,290.530787
868.165712,262.758124,880.192245,278.894361,843.885712,305.954059,831.859180,289.817823
863.554710,261.394816,879.479408,276.825679,848.855080,308.430078,832.930382,292.999215
869.052896,262.214653,880.367491,279.290646,842.620558,304.301857,831.305963,287.225863
867.318432,262.184638,878.978899,279.709309,841.850360,304.413689,830.189893,286.889019
865.171354,258.804339,878.611773,272.494311,848.390513,302.164671,834.950093,288.474699
870.107331,261.844761,881.200382,278.823374,841.487692,304.769833,830.394641,287.791219
872.550992,264.438421,882.602309,287.106814,838.908160,306.481092,828.856843,283.812699
865.081631,261.633430,881.232442,280.115111,849.387082,307.944200,833.236272,289.462518
861.830650,258.230802,880.445608,271.819096,857.644910,303.054366,839.029951,289.466071
865.082619,260.052482,881.043130,278.025055,850.904507,304.789605,834.943996,286.817032
864.341806,260.615973,878.893308,275.886863,845.551865,307.657642,831.000363,292.386753
870.433530,263.458477,880.910050,282.661553,842.823948,303.439985,832.347428,284.236908
867.439168,261.742402,881.560670,280.350024,844.917969,308.158520,830.796467,289.550898
867.325298,259.835265,883.185320,277.566007,852.789762,304.754615,836.929741,287.023873
874.050425,263.859021,883.609275,287.128428,838.067721,305.836463,828.508871,282.567056
868.411859,262.136363,884.601121,284.446513,854.039272,306.623584,837.850010,284.313434
871.633920,265.181660,880.961218,288.348449,837.937182,305.670573,828.609884,282.503784
866.558589,260.523162,881.231336,277.082936,846.147069,308.169264,831.474322,291.609490
866.640985,260.330454,881.670734,275.943808,850.991863,305.475946,835.962115,289.862592
869.945008,262.717730,881.831591,281.987060,842.069482,306.514928,830.182900,287.245598
871.221996,263.151715,882.401207,282.857829,840.689933,306.520492,829.510722,286.814378
874.133144,263.544142,883.967507,288.252700,841.712292,305.070886,831.877929,280.362328
867.031235,261.441027,883.422453,279.814659,853.602952,306.416800,837.211734,288.043168
866.333385,259.833392,883.428076,277.077250,854.688311,305.568401,837.593621,288.324542
870.626611,262.147348,883.737744,281.887901,850.330653,304.075972,837.219521,284.335418
870.087673,261.545362,882.004945,277.470675,850.154320,301.305220,838.237048,285.379907
866.519375,259.840647,882.863749,276.558768,853.669418,305.100436,837.325044,288.382315
867.438710,261.316479,880.769695,278.184640,844.134159,307.137873,830.803174,290.269713
869.484100,261.399915,883.128764,280.167125,849.575269,304.562131,835.930604,285.794921
869.051207,261.526210,882.824982,279.906814,845.480262,307.891626,831.706488,289.511022
870.512854,263.007463,881.573647,280.168440,843.880787,304.462682,832.819993,287.301705
871.323365,262.887523,883.020127,282.272663,844.557549,305.480525,832.860786,286.095386
870.015519,262.007823,882.690267,281.945010,850.094549,302.667215,837.419802,282.730029
868.441820,260.598124,881.657258,276.716874,844.973207,306.793389,831.757768,290.674639
870.014152,260.709761,882.849920,277.053061,846.149177,305.877240,833.313410,289.533940
869.322635,261.630267,882.734778,279.825397,846.931457,306.217034,833.519314,288.021904
867.355279,260.473484,883.040169,277.522785,853.736682,304.481189,838.051792,287.431888
868.328280,261.112848,882.433804,277.995803,850.514467,304.664060,836.408942,287.781105
864.762222,260.120152,882.431149,275.943809,855.578882,305.927443,837.909955,290.103785
868.715820,262.539528,880.643653,278.752092,844.096687,305.640260,832.168853,289.427696
870.719059,262.682038,882.503806,280.176781,841.974317,307.478110,830.189571,289.983367
869.912093,263.037245,881.549382,279.989824,843.406080,306.173723,831.768792,289.221144
870.085351,263.171584,882.302939,283.007787,845.779137,305.503663,833.561549,285.667461
869.551831,262.308311,884.793524,282.095161,853.822801,305.951725,838.581108,286.164874
871.995501,263.176820,882.917700,284.046148,843.047939,304.912439,832.125739,284.043110
867.243139,260.235497,882.695086,278.161691,848.523280,307.616966,833.071332,289.690772
865.841402,259.347004,881.896217,275.417666,850.808707,306.474522,834.753891,290.403860
864.248553,259.672232,880.621900,274.722566,853.235225,304.516690,836.861878,289.466355
867.985470,260.787551,880.678745,275.453127,847.943085,303.786331,835.249809,289.120755
869.659292,262.071980,882.058088,278.784898,843.974554,307.037892,831.575758,290.324975
869.521730,262.132124,883.578195,281.466034,852.124520,304.334014,838.068055,285.000104
872.249164,264.760578,881.858885,287.217997,839.290345,305.433439,829.680624,282.976020
872.100928,264.608931,882.071932,286.568390,838.850140,306.193856,828.879137,284.234398
873.961309,263.497331,885.261645,290.504535,841.976127,308.616031,830.675792,281.608828
872.907630,260.973838,887.462337,283.212481,852.515898,306.084163,837.961191,283.845520
870.340504,256.781365,888.601559,275.941964,855.796290,307.207105,837.535235,288.046505
866.292156,260.158613,883.109609,277.262660,854.509399,305.383648,837.691945,288.279600
870.521739,262.336578,883.576345,281.120691,844.776375,308.085943,831.721769,289.301830
870.124086,262.198728,883.111107,280.677414,849.598913,304.230147,836.611892,285.751461
866.106046,261.229152,882.252581,277.564785,850.099907,309.345265,833.953372,293.009632
872.298654,263.470260,883.648627,285.297193,840.646312,307.658333,829.296339,285.831401
869.444216,257.589034,886.870444,275.046726,856.046707,305.814911,838.620478,288.357219
868.038213,261.219105,883.367966,278.740956,849.492388,308.378479,834.162634,290.856628
872.130673,264.683587,882.899215,285.324690,840.928973,307.220724,830.160431,286.579621
870.233514,263.144553,882.449942,283.493495,841.095639,308.320428,828.879212,287.971486
870.151746,263.168716,883.592475,283.315544,845.649284,308.628917,832.208555,288.482090
863.641433,261.189479,883.007043,278.006599,856.651856,308.355689,837.286246,291.538570
865.779491,261.760491,880.983759,278.976579,851.197193,305.282377,835.992925,288.066288
868.946555,262.357844,881.519561,279.875290,845.608796,305.649953,833.035790,288.132507
870.096527,261.646722,883.630138,279.751686,844.792070,308.783464,831.258459,290.678500
869.532917,260.794201,883.833957,280.275167,845.480805,308.430340,831.179765,288.949374
862.912752,260.059163,881.573415,274.101839,857.534258,306.046364,838.873595,292.003688
872.713105,262.086386,884.266100,284.819144,839.803500,307.415444,828.250504,284.682686
870.416765,262.920280,883.813586,283.758907,852.059487,304.173111,838.662666,283.334483
868.226086,261.430703,881.058113,276.608143,845.548629,306.630244,832.716602,291.452804
869.473943,262.838002,881.857448,280.870318,843.087968,307.494854,830.704463,289.462538
867.114574,260.252052,883.035392,277.334880,853.910570,304.478570,837.989752,287.395742
871.800778,263.545741,882.000401,281.232119,841.258566,304.727679,831.058943,287.041301
870.378347,261.819026,883.804327,280.204257,845.551184,308.138958,832.125204,289.753726
871.246922,263.102007,883.785254,283.566372,841.897257,309.230771,829.358925,288.766406
870.915257,262.057050,882.899558,279.415702,841.753124,307.822935,829.768822,290.464283
868.781168,262.135807,881.999952,279.597748,843.463255,308.770237,830.244471,291.308296
870.011925,262.186708,882.460247,281.477233,841.551029,307.876259,829.102708,288.585733
871.460209,261.273472,883.569183,279.958514,841.937598,306.938158,829.828624,288.253116
868.987416,260.216935,883.919086,279.285052,844.511645,310.143837,829.579975,291.075721
871.019986,263.059184,885.371719,287.865588,843.794788,311.919900,829.443055,287.113496
867.449496,258.744086,884.501356,274.062259,855.567030,306.271329,838.515170,290.953156
872.835185,262.198531,885.393384,281.476785,843.454726,308.796376,830.896527,289.518123
870.532768,259.612116,885.851420,279.230529,851.269811,306.232899,835.951159,286.614486
871.347192,260.832532,884.491224,279.042726,843.193105,308.851512,830.049073,290.641317
874.396688,262.478644,884.777543,280.071358,841.625603,305.533833,831.244748,287.941119
871.375893,261.094791,885.691596,281.590172,842.779392,311.563675,828.463689,291.068294
865.016010,258.905479,878.101105,270.193609,847.999424,305.087197,834.914329,293.799066
870.272976,260.307697,883.727315,278.048577,843.265660,308.733913,829.811321,290.993033
865.028580,259.648360,884.280728,274.712493,858.695613,307.410586,839.443465,292.346452
856.811647,259.278851,883.133628,271.469276,866.468238,307.453758,840.146256,295.263333
870.519457,261.435787,883.460984,279.188051,845.153468,307.114503,832.211941,289.362240
871.187162,262.316974,883.449781,281.181707,843.519427,307.137584,831.256809,288.272850
866.042855,259.558366,883.930081,275.808749,855.491910,307.111393,837.604685,290.861010
871.180887,261.414613,885.502770,280.770227,847.947101,308.558954,833.625219,289.203340
873.719969,263.492193,883.833911,282.918046,840.628132,305.412849,830.514190,285.986995
870.870412,260.471122,885.491262,278.484864,852.822271,305.000643,838.201421,286.986900
873.586960,262.690946,885.117850,282.011623,842.612360,307.379581,831.081470,288.058903
874.841601,262.588971,887.122786,284.865391,851.683027,304.403640,839.401842,282.127220
873.101452,263.173415,884.339218,283.580692,844.496438,305.521094,833.258671,285.113816
873.448817,262.782173,886.067700,285.511634,851.464640,304.722470,838.845757,281.993009
864.000699,259.690024,882.953133,274.473683,856.797427,308.004912,837.844994,293.221253
871.743816,262.130393,884.379709,281.311052,846.627300,306.181698,833.991407,287.001038
866.049753,258.894854,883.654089,274.237045,855.484819,306.559760,837.880483,291.217569
866.884409,260.421590,882.925054,275.826030,854.136429,305.803629,838.095784,290.399189
869.809382,261.575437,883.993036,278.826574,850.029861,306.750643,835.846206,289.499507
871.811118,263.371138,882.870829,283.688860,842.235385,305.808281,831.175675,285.490559
866.150565,260.092905,884.611604,277.089561,854.996219,309.256524,836.535180,292.259868
865.835050,260.242477,877.842458,270.769733,846.761988,306.220177,834.754579,295.692921
869.259588,261.316268,883.790484,277.941901,849.994116,307.480116,835.463220,290.854484
870.946195,261.954721,884.335397,279.952970,844.678237,309.454602,831.289035,291.456353
869.127282,261.251017,883.271396,279.631598,844.702308,309.311050,830.558194,290.930469
873.786716,264.238102,885.117379,287.526406,838.540770,310.187732,827.210107,286.899428
873.056513,263.061789,886.256871,284.476445,844.498293,310.217143,831.297935,288.802487
869.733115,262.537153,884.118325,281.248098,848.337745,308.756658,833.952535,290.045712
874.938921,262.827673,887.148106,286.617189,845.516452,307.983264,833.307266,284.193747
866.284564,259.278246,884.974299,276.030902,856.961661,307.282591,838.271925,290.529935
868.954324,261.130827,881.520350,276.252597,844.925666,306.662380,832.359640,291.540610
873.941388,262.811304,884.867072,282.908444,841.048717,306.730018,830.123033,286.632878
871.149829,260.611854,886.217353,279.778604,851.902689,306.754332,836.835165,287.587583
870.092599,260.250875,886.520323,279.164805,850.147379,310.756581,833.719655,291.842651
868.940488,260.735613,884.656741,277.677945,853.693170,306.400752,837.976917,289.458421
868.774000,261.339163,884.085366,279.545798,853.451979,305.307779,838.140613,287.101144
870.556187,262.630018,883.960894,281.319957,846.288985,308.338819,832.884278,289.648880
874.618174,264.430640,884.517241,286.062282,836.446923,308.060208,826.547857,286.428566
868.006261,259.738388,885.731598,277.837840,855.471576,307.472389,837.746238,289.372937
866.136924,258.554053,879.442804,269.719321,852.257802,302.116246,838.951922,290.950978
871.011149,261.429773,884.709191,278.545037,847.111728,308.635819,833.413685,291.520556
872.555220,261.603945,886.056515,281.446199,846.372007,308.448788,832.870712,288.606534
873.180278,263.553030,885.647698,286.059773,844.789304,308.692935,832.321884,286.186193
872.872354,263.252826,886.214699,284.323911,845.454240,310.133693,832.111895,289.062608
867.183528,259.497205,885.087473,276.167946,856.391936,306.986213,838.487990,290.315472
872.601163,260.758996,886.038916,279.856700,850.661202,304.749585,837.223450,285.651882
867.653295,258.516346,886.985096,276.158582,857.493597,308.474430,838.161796,290.832193
870.583799,261.038345,884.859716,279.428962,849.304524,307.029069,835.028606,288.638452
867.828364,261.065622,883.682092,278.958864,849.386711,309.345175,833.532984,291.451933
866.336033,260.612086,886.310212,278.709134,858.246675,309.683585,838.272496,291.586538
867.461612,260.092561,884.850257,276.804047,855.936733,306.889162,838.548088,290.177676
871.910747,261.543868,885.930988,280.649471,852.422699,305.238818,838.402458,286.133215
871.391934,261.478870,885.443428,280.587365,846.068346,309.541960,832.016852,290.433464
871.906165,260.636101,886.481532,281.559979,852.634081,305.137778,838.058715,284.213900
873.424210,261.690156,886.065299,280.234105,846.285538,307.351280,833.644449,288.807331
872.080438,263.548340,883.333647,282.513036,841.153548,307.541724,829.900339,288.577028
872.167991,260.858176,885.961295,279.399696,845.042078,309.840092,831.248774,291.298572
872.457062,260.426890,886.731589,279.489866,848.605638,308.038921,834.331110,288.975945
872.383020,263.307249,883.784248,283.802640,839.557350,308.405290,828.156123,287.909898
868.506278,262.120832,884.850803,279.992719,853.575000,308.595638,837.230475,290.723751
872.525512,263.034286,885.020749,283.598161,844.578462,308.172127,832.083224,287.608253
868.237111,261.250516,884.661912,277.853016,855.677886,306.526822,839.253085,289.924321
870.076823,260.963271,885.256992,279.065842,853.074643,306.052809,837.894474,287.950238
871.788625,261.063484,884.631728,278.188969,843.530564,309.012416,830.687461,291.886931
872.395782,261.732874,885.745932,281.224260,845.216223,308.984094,831.866074,289.492708
871.431090,261.623056,885.135032,280.828967,846.083014,308.693650,832.379071,289.487739
872.219048,261.614054,885.852671,281.349796,850.263628,305.935017,836.630006,286.199275
874.565216,263.764657,884.792550,284.705290,835.931074,308.569070,825.703740,287.628438
871.473523,259.646743,888.280980,278.782224,854.474964,308.475397,837.667507,289.339916
873.195581,261.917065,886.125707,283.344025,843.962979,308.787175,831.032853,287.360215
873.488107,262.169199,886.286093,282.490661,843.891320,309.189908,831.093334,288.868446
869.957946,259.351039,885.710023,279.211597,851.114212,306.650698,835.362135,286.790140
870.077996,259.248699,885.970501,276.925826,848.722269,310.413604,832.829764,292.736477
870.930030,262.439762,884.926787,280.926270,852.575399,305.420594,838.578642,286.934086
869.828184,259.756887,881.500854,271.990372,845.369400,306.465465,833.696730,294.231980
869.907033,260.421895,882.139837,273.110439,848.663681,305.384220,836.430877,292.695676
872.263635,262.514497,884.544756,281.102453,844.218343,307.746242,831.937221,289.158286
872.749939,262.195389,885.295779,280.589952,846.893095,306.782145,834.347255,288.387582
874.098305,261.940672,885.384507,280.612416,838.863382,308.732276,827.577179,290.060531
872.596241,260.465610,886.587628,277.786093,851.946662,305.768868,837.955275,288.448385
867.997212,258.644435,879.788391,269.856398,849.719944,301.478196,837.928765,290.266233
872.183033,263.047484,882.960753,278.675896,841.574405,307.216896,830.796684,291.588485
868.595156,260.803958,877.996447,270.343052,848.605725,299.309192,839.204434,289.770098
871.297565,262.614322,882.461132,277.872798,845.563364,304.868331,834.399797,289.609856
866.313921,259.999904,882.383839,275.002253,853.807937,305.611621,837.738019,290.609272
867.480751,260.728513,882.772974,275.535985,853.643521,305.619047,838.351298,290.811575
865.952517,260.953105,877.884585,271.845771,848.914728,303.579994,836.982661,292.687328
869.489932,261.560252,882.079441,276.267041,847.181975,306.140453,834.592466,291.433663
866.065925,259.149767,879.569068,270.330548,852.384424,303.161719,838.881281,291.980938
873.437030,263.431456,884.336793,282.739154,840.748201,307.346193,829.848438,288.038495
870.189287,260.445794,885.861000,277.076829,854.645827,306.491428,838.974114,289.860393
870.926854,260.809701,885.598279,278.087637,852.932181,305.825799,838.260756,288.547863
872.377865,262.037026,884.802671,279.749040,843.379411,308.807053,830.954606,291.095039
873.546288,261.505096,885.059518,278.097148,844.635247,306.147563,833.122017,289.555512
866.430599,260.037586,884.864505,275.985367,854.441045,311.151588,836.007139,295.203806
874.460357,264.155842,884.321121,285.245696,842.141413,304.967223,832.280650,283.877369
872.389273,262.617214,886.171421,284.860120,848.288972,308.332840,834.506824,286.089934
869.619901,261.380214,884.912512,278.503914,849.484165,310.143799,834.191555,293.020098
870.940758,261.968517,885.151729,280.112572,847.941040,309.257107,833.730068,291.113051
869.120095,259.778621,885.174862,276.313519,852.105065,308.423055,836.050297,291.888157
874.407779,262.864088,885.934291,283.914967,850.410932,303.365956,838.884420,282.315077
872.598905,262.156270,886.034342,282.325404,847.835225,307.771307,834.399788,287.602174
874.907274,263.143102,885.655105,281.860057,842.873492,306.426526,832.125662,287.709571
870.040210,260.210796,885.179689,276.971486,854.499104,304.684431,839.359624,287.923741
870.072398,259.983374,885.174206,275.809018,854.577960,305.005847,839.476152,289.180203
871.465041,261.171284,885.567582,280.034448,851.170047,305.750847,837.067506,286.887682
869.219333,260.809341,884.115994,277.160936,849.039184,309.116677,834.142523,292.765082
871.521540,261.766725,885.053220,278.601469,851.964240,305.198221,838.432559,288.363476
871.295164,262.280404,884.020344,278.405845,848.989214,306.050203,836.264033,289.924762
868.343607,259.949953,883.767324,273.203605,852.144576,310.004055,836.720858,296.750403
870.672583,261.558037,885.812319,279.694437,854.145589,306.128897,839.005853,287.992497
867.098875,260.686704,882.520457,273.942840,852.519729,308.844317,837.098146,295.588181
867.528016,259.437872,882.346826,272.474406,853.568062,305.187628,838.749252,292.151094
870.805221,260.635240,885.415214,278.614188,848.614555,308.519017,834.004562,290.540069
874.115881,262.206614,885.160321,278.604974,846.371893,304.729322,835.327453,288.330962
867.280036,258.596209,882.846206,271.104020,853.198062,308.001608,837.631892,295.493797
871.980653,260.636688,887.245275,278.599809,852.767671,307.898035,837.503049,289.934914
873.408643,260.828710,887.457643,280.171264,853.285797,304.991163,839.236798,285.648609
867.553708,257.212724,888.239573,274.855149,859.815667,308.182376,839.129802,290.539951
872.324318,261.299518,887.371487,281.472366,848.601795,310.391145,833.554625,290.218297
873.315924,261.751894,887.373575,281.855741,847.500944,309.736748,833.443294,289.632901
868.301876,261.236706,885.503260,278.966816,856.048400,307.543307,838.847016,289.813197
873.533333,262.762433,887.303738,283.985995,847.074001,310.088106,833.303596,288.864543
873.427790,262.166352,885.294216,280.418945,844.142917,307.172341,832.276491,288.919749
873.665662,263.624348,884.780942,282.745554,838.822955,309.461227,827.707675,290.340021
871.558261,262.322406,885.499025,280.997618,847.820965,309.123721,833.880201,290.448509
876.596141,264.959494,885.615893,284.728175,836.547203,307.116490,827.527450,287.347809
875.464952,263.859954,885.679531,282.154648,837.571261,309.015207,827.356683,290.720513
871.483469,262.318368,883.281101,277.331268,850.061067,303.436666,838.263435,288.423765
874.735616,264.164883,884.775093,283.872213,836.025381,308.706711,825.985904,288.999380
872.963697,263.605088,885.447769,284.066000,841.404789,310.938494,828.920717,290.477582
874.283810,263.627440,885.202338,282.024613,845.978175,305.303739,835.059647,286.906565
870.806520,262.843935,883.656819,280.797025,846.420780,307.449495,833.570482,289.496405
874.904745,265.118916,884.594259,285.000648,835.761934,308.799456,826.072419,288.917723
872.234639,260.683320,882.162720,273.679165,843.175185,303.463407,833.247105,290.467562
873.943187,261.174493,885.666120,278.071131,845.815560,305.719557,834.092627,288.822919
871.365525,260.532304,880.288095,272.248079,846.642791,297.871870,837.720222,286.156094
872.766897,262.260112,884.304109,279.006547,843.466311,307.141152,831.929099,290.394716
873.522484,263.553050,883.347316,279.522870,842.145179,304.870937,832.320347,288.901116
871.282012,262.506049,884.985034,279.783826,853.110515,305.063538,839.407493,287.785762
873.990726,263.236935,885.263518,282.223319,845.111984,306.062500,833.839193,287.076116
874.922328,264.936763,883.144743,281.613676,837.364982,304.185012,829.142567,287.508099
874.639562,264.500508,885.146513,282.580692,840.439149,308.561518,829.932197,290.481333
874.633537,262.057393,886.876541,281.185789,845.263891,307.819693,833.020886,288.691298
874.527796,263.723927,885.857147,282.837238,838.781770,310.741009,827.452419,291.627698
874.710358,264.788305,884.828985,284.557561,837.306738,308.881184,827.188110,289.111929
874.221730,263.441247,886.660320,282.837120,845.790446,309.047006,833.351855,289.651133
872.927188,262.687478,885.068498,278.972018,847.488791,306.990426,835.347480,290.705886
874.380105,264.256368,886.042995,283.314704,844.432294,308.778679,832.769405,289.720343
872.568420,262.670136,884.948362,279.700606,845.313813,308.512106,832.933872,291.481636
875.281642,263.862166,885.915184,282.308381,839.799646,308.892236,829.166104,290.446021
874.893263,263.399904,889.155610,285.965922,850.759698,310.233199,836.497351,287.667181
877.130850,265.579062,885.789687,284.984913,840.128861,305.358646,831.470025,285.952795
878.627846,266.056652,886.230484,288.138703,833.083851,306.436577,825.481214,284.354526
874.560176,266.037657,883.011218,283.240592,841.873762,303.449605,833.422720,286.246669
876.190156,266.189961,885.228858,287.724096,838.145750,307.486682,829.107048,285.952547
876.730886,265.383503,885.757829,286.424736,841.420946,305.445795,832.394002,284.404562
877.318893,264.729740,887.132666,286.483089,838.000101,308.648680,828.186328,286.895330
876.350381,262.873073,889.728057,286.226970,847.691041,310.306788,834.313365,286.952890
875.999159,263.505433,886.895898,283.321599,844.977084,306.372393,834.080345,286.556227
873.815490,264.103555,887.400495,286.180494,849.203887,309.684710,835.618882,287.607771
875.975698,263.328795,887.360979,284.816613,841.421507,309.157558,830.036226,287.669740
875.570650,263.626878,887.265149,284.820179,844.107882,308.634432,832.413382,287.441131
876.007939,265.699609,885.588139,286.517711,843.951935,305.678111,834.371735,284.860009
872.110962,262.163830,882.963810,276.729160,841.533537,307.599484,830.680689,293.034154
874.682511,264.251817,885.181213,282.396991,840.544085,308.223798,830.045383,290.078624
874.857176,264.137145,886.071319,284.343238,839.736657,310.058429,828.522514,289.852336
875.617344,265.231868,885.737061,287.343907,838.081805,309.153642,827.962088,287.041604
871.634582,260.856231,886.427402,279.246614,847.710805,310.389395,832.917985,291.999011
865.420568,259.047657,883.789979,272.220094,859.091659,306.662739,840.722248,293.490302
872.465898,259.685711,886.852805,277.096670,853.211291,304.895100,838.824385,287.484141
875.263435,261.727488,887.150171,279.279045,839.920526,311.265172,828.033790,293.713615
871.536891,259.550328,887.822129,276.927043,854.246782,308.393435,837.961544,291.016721
875.524292,264.786049,887.198589,286.951736,842.867216,310.300331,831.192919,288.134644
875.061811,263.653066,888.579817,286.609250,844.058732,312.825989,830.540726,289.869805
876.395149,262.714240,888.802266,283.486255,843.978445,310.259507,831.571328,289.487493
874.765372,263.039268,888.421002,283.343048,846.413180,311.596076,832.757550,291.292296
877.492337,265.880384,888.228225,291.017047,841.096982,311.146837,830.361094,286.010174
876.260976,265.211968,887.021303,287.355805,838.152146,311.102734,827.391819,288.958897
877.540681,263.365958,888.522584,284.283377,843.201509,308.077501,832.219606,287.160082
876.245232,264.048329,885.856012,285.150297,840.068722,306.003876,830.457942,284.901907
874.918994,264.066754,886.733545,285.624970,850.559590,305.449386,838.745039,283.891171
877.382786,264.651698,886.992375,288.091698,848.902375,303.707279,839.292787,280.267279
873.251903,263.114015,884.022696,278.582474,843.541409,306.769870,832.770616,291.301411
872.241867,260.926776,887.087592,278.951757,854.583528,305.722735,839.737803,287.697754
875.376539,261.291203,886.215274,278.420958,846.755660,303.388759,835.916925,286.259004
873.140367,260.879425,885.526619,278.529416,844.049142,307.637108,831.662890,289.987118
873.688738,263.173906,882.056205,276.646295,836.506700,304.936305,828.139232,291.463916
876.236382,264.465664,887.170943,284.652800,839.487536,310.480987,828.552975,290.293851
874.413633,263.902526,885.617337,283.702514,840.713793,309.110913,829.510089,289.310925
874.661200,263.296581,885.745882,280.593889,843.738133,307.513832,832.653450,290.216523
869.417797,260.514641,884.985116,276.499203,849.305290,311.247683,833.737970,295.263121
875.447321,264.683815,885.219111,283.852390,838.007622,307.919946,828.235833,288.751371
867.424461,259.878498,877.858816,270.014366,846.384277,302.415782,835.949923,292.279913
872.250279,260.737778,883.907354,276.428314,841.484793,307.945591,829.827718,292.255055
873.869619,264.226076,885.032640,281.457419,842.273381,309.158248,831.110360,291.926905
875.242204,264.699713,885.969158,285.871699,839.527382,309.401793,828.800428,288.229807
872.470099,262.069264,887.746759,281.891636,848.741447,311.952160,833.464787,292.129788
872.789024,261.449455,885.412244,279.734071,841.732328,309.889540,829.109109,291.604924
874.174597,264.387919,882.634429,277.888629,837.158354,306.384904,828.698522,292.884194
871.181798,261.618404,883.978533,278.914811,842.659338,309.484788,829.862603,292.188381
873.500320,263.279782,885.265976,281.150178,841.277311,310.111792,829.511655,292.241396
873.311659,263.726418,887.128023,285.248855,849.728377,309.257620,835.912012,287.735182
873.741908,264.204886,886.086698,283.314273,848.891643,307.342525,836.546852,288.233139
876.479437,263.419094,887.425305,282.403669,843.933369,307.479659,832.987500,288.495084
872.127277,259.475785,887.453020,277.173751,850.226265,309.410659,834.900522,291.712693
873.499249,261.215888,884.367697,275.034675,844.196804,306.629000,833.328356,292.810213
875.146391,264.511682,886.011627,283.737193,840.305697,309.567754,829.440461,290.342243
876.193609,264.980726,886.112047,286.233342,837.641169,308.854340,827.722732,287.601725
873.079646,262.132986,887.212413,281.427333,845.178299,312.216575,831.045532,292.922228
875.231333,264.465779,885.278206,283.190705,839.246097,307.889268,829.199224,289.164342
873.441253,263.526018,885.526197,284.802151,841.139780,310.013845,829.054836,288.737711
873.050324,264.903039,884.899504,284.834349,841.276260,310.768402,829.427081,290.837093
871.835723,262.030352,884.700257,279.295881,841.536434,311.457215,828.671900,294.191686
874.966909,260.635558,887.959051,280.198792,843.760634,309.551409,830.768492,289.988175
875.191645,262.735288,887.329410,282.296307,842.940944,309.839695,830.803180,290.278676
873.996334,261.989790,888.377992,282.680438,848.750140,310.224969,834.368483,289.534321
875.739522,266.028196,886.497081,287.330620,839.484836,311.071440,828.727276,289.769017
875.139840,264.823073,885.863551,284.115965,839.115391,310.100342,828.391679,290.807451
854.647838,278.335610,860.140859,300.562753,839.501369,305.663415,834.008348,283.436272
873.123736,262.155260,884.128969,277.181087,843.120982,307.216201,832.115750,292.190373
872.284953,261.404718,884.022735,275.521769,843.473760,309.236675,831.735978,295.119624
874.811550,261.829248,888.406954,280.815044,845.455482,311.571861,831.860077,292.586065
867.912672,266.706460,880.090734,284.127100,841.633849,311.010745,829.455788,293.590105
874.488723,263.317459,887.045569,283.837666,843.688357,310.369067,831.131511,289.848860
875.369933,262.251165,886.259213,277.935388,842.209903,308.518046,831.320623,292.833822
876.117028,265.469516,885.669111,285.417642,840.523354,307.035513,830.971271,287.087388
871.077717,261.308418,885.607390,276.405505,854.854065,306.002988,840.324391,290.905901
872.241731,265.454920,883.641639,283.711438,843.605416,308.711237,832.205507,290.454719
889.368360,264.776881,895.379817,288.573596,847.786388,300.596509,841.774932,276.799795
877.468580,265.554997,887.195356,287.655021,848.067443,304.876199,838.340667,282.776174
875.164148,264.182544,884.935190,284.288153,842.644082,304.841035,832.873040,284.735426
875.207355,265.941883,885.054632,285.580038,841.299446,307.520462,831.452169,287.882307
875.789067,265.699343,886.322205,285.758223,849.317029,305.190046,838.783891,285.131166
876.056255,264.651131,885.883734,284.302112,840.919626,306.788718,831.092146,287.137737
872.402090,262.059683,881.703365,273.477123,845.987274,302.573420,836.685998,291.155981
873.289128,261.916525,883.336063,275.784644,845.198736,303.413716,835.151801,289.545597
876.890731,263.179555,887.386179,281.368716,846.785374,304.796055,836.289925,286.606895
877.752727,265.530493,886.228863,283.703031,836.997803,306.665654,828.521668,288.493115
874.002222,262.673688,886.082381,280.383464,845.286647,308.210973,833.206488,290.501197
875.248754,263.602987,884.826972,280.773622,840.183322,305.676988,830.605105,288.506354
876.648338,263.950441,889.494911,289.621133,841.670060,313.554475,828.823486,287.883783
874.814461,259.898187,888.714923,278.972015,845.547840,310.430956,831.647378,291.357128
877.171555,262.163084,888.211507,282.090573,839.499868,309.077123,828.459916,289.149634
876.470107,264.451741,889.071730,287.740050,841.368257,313.553052,828.766634,290.264742
873.445908,261.779459,882.087514,273.995441,837.894400,305.257721,829.252795,293.041739
874.756230,262.742191,888.005938,281.274071,849.226262,309.000312,835.976554,290.468431
877.776223,264.780586,887.004878,286.131907,838.780342,306.975938,829.551687,285.624617
875.363065,262.866439,887.562786,282.105778,841.958427,311.023634,829.758706,291.784295
878.873133,264.907410,889.715870,288.633159,838.874978,311.867595,828.032241,288.141846
878.611845,264.775054,890.141183,289.149364,842.571966,311.650167,831.042629,287.275858
876.752934,262.070054,890.347459,284.850702,843.292349,312.931197,829.697824,290.150548
877.695482,264.493982,887.955131,287.063127,837.577573,309.964129,827.317924,287.394984
869.840594,259.137902,887.210364,277.219447,848.865019,314.055338,831.495249,295.973793
876.533855,263.994553,888.225795,283.982310,839.025162,312.762472,827.333222,292.774714
873.729220,259.980764,886.410619,275.798299,843.176024,310.460788,830.494626,294.643253
874.653786,257.700211,891.338329,275.038894,856.351344,308.705919,839.666801,291.367236
874.767676,262.403300,887.427812,281.480515,843.482085,310.644043,830.821949,291.566827
868.474950,258.838838,886.020285,272.924690,858.370280,307.365533,840.824945,293.279681
873.498008,260.585697,886.727522,276.354450,850.944582,306.375270,837.715069,290.606516
878.356785,264.981344,887.591013,287.082955,839.177961,307.310313,829.943732,285.208702
875.464554,263.353223,886.926853,281.561403,844.778287,308.094501,833.315988,289.886320
877.854795,264.422321,888.547651,286.558334,837.522265,311.206275,826.829408,289.070262
872.173097,260.288768,885.539144,275.753135,847.371770,308.741677,834.005723,293.277310
875.502860,263.806865,887.331404,282.291515,840.945396,311.974465,829.116852,293.489815
876.437035,264.167469,887.449097,285.283664,842.353495,308.800949,831.341433,287.684754
875.433455,264.843016,887.008620,283.954759,841.140437,311.735155,829.565272,292.623412
874.249872,262.529604,888.301017,281.174109,848.639069,311.064726,834.587924,292.420221
877.139621,263.593915,888.737493,284.394121,842.553986,310.145329,830.956113,289.345123
872.378600,260.454347,886.640730,276.740737,848.319812,310.298689,834.057682,294.012300
874.987559,262.006476,888.966082,281.783956,847.103749,311.371831,833.125226,291.594351
873.846077,263.056295,887.471497,283.147938,843.882846,312.708170,830.257427,292.616527
873.090264,261.778346,888.283050,281.105000,847.991891,312.778095,832.799105,293.451442
871.306955,261.445871,885.691607,278.379703,847.747280,310.611977,833.362629,293.678145
870.893575,261.142927,885.301467,278.118518,847.180840,310.473083,832.772948,293.497491
869.587392,260.251400,885.501620,276.921607,849.053201,311.717122,833.138973,295.046914
873.452341,261.261196,888.320923,282.112224,845.355168,312.750513,830.486586,291.899485
874.279154,261.688794,885.656270,277.174965,844.140151,307.675317,832.763036,292.189146
873.657355,262.643499,887.025388,280.508083,848.425127,309.392583,835.057094,291.528000
874.576631,260.910498,888.239908,279.470490,847.030435,309.807598,833.367157,291.247606
873.518190,259.496037,888.672949,276.463529,851.102074,310.020495,835.947315,293.053003
873.851003,258.911469,888.223053,275.298901,848.771828,309.898282,834.399778,293.510850
874.483174,261.301336,889.862881,280.282228,849.327418,313.127026,833.947711,294.146135
871.003846,261.273268,886.509591,276.599804,854.088074,309.400420,838.582328,294.073884
876.282843,263.506965,889.751359,287.474014,842.511958,314.020655,829.043442,290.053605
871.014840,261.881699,885.806360,282.036375,845.832921,311.372889,831.041401,291.218214
876.336581,261.465718,890.693210,283.142600,843.275030,314.547725,828.918401,292.870843
876.743630,264.297852,888.701387,283.516961,843.010675,311.944835,831.052919,292.725727
876.528104,258.118144,890.682052,278.652860,842.206657,312.065458,828.052709,291.530743
877.174664,263.224567,890.548955,285.581656,845.101759,312.768738,831.727468,290.411650
871.378262,259.702511,886.957084,275.907858,851.118336,310.361020,835.539515,294.155673
871.904118,259.823944,887.096857,276.228892,849.024996,311.487513,833.832257,295.082565
875.081365,261.125359,890.621934,283.258666,850.649842,311.324470,835.109272,289.191163
875.840200,262.318007,890.300055,283.605813,848.771385,311.814382,834.311530,290.526577
880.814049,265.280060,888.987496,288.953046,840.839050,305.577007,832.665603,281.904021
875.938753,263.412969,889.083578,284.794533,842.815276,313.239073,829.670450,291.857509
875.913233,262.465531,890.548452,284.210039,844.207697,315.399849,829.572478,293.655341
877.232764,262.686705,890.749788,285.734083,842.350293,314.119834,828.833269,291.072456
875.230740,261.430737,890.321184,283.870216,846.583217,313.283794,831.492772,290.844315
874.460989,260.527950,890.391137,279.903295,852.332424,311.194657,836.402276,291.819312
874.484816,262.441881,888.321754,281.952664,850.364411,308.871798,836.527473,289.361014
876.308422,263.931854,888.596370,285.999102,841.567808,312.186531,829.279861,290.119283
875.558418,263.577538,888.153648,285.578944,841.167593,312.477232,828.572363,290.475825
874.338114,261.749442,889.772931,281.890372,846.713012,314.888946,831.278195,294.748017
877.651742,261.011558,890.587951,280.480640,842.106121,312.694336,829.169912,293.225255
876.028151,262.572175,888.019899,282.253547,841.965488,310.314238,829.973739,290.632866
878.758595,263.985942,890.985397,287.249851,840.446561,313.811523,828.219760,290.547615
876.513958,261.335832,891.014522,281.678460,847.258680,312.868352,832.758116,292.525723
875.236214,260.785654,889.476679,280.336723,846.391915,311.718489,832.151450,292.167420
876.827980,264.876971,889.112700,285.905786,841.046836,313.985147,828.762116,292.956332
873.507208,259.373702,889.304583,277.689764,849.619782,311.917408,833.822408,293.601347
877.068779,262.635248,890.360046,282.518637,844.912299,312.898676,831.621032,293.015287
876.094473,262.335804,890.205497,282.896881,847.981856,311.874877,833.870832,291.313800
876.090740,265.128031,888.618208,288.089128,841.955333,313.548175,829.427866,290.587078
877.379716,263.732627,889.919654,288.148566,843.844414,311.812642,831.304476,287.396703
879.845314,264.923926,889.688475,290.026610,839.483106,309.712933,829.639945,284.610249
876.948033,259.991986,889.312960,276.499536,844.559157,310.022227,832.194230,293.514677
878.960272,265.072849,890.607842,289.872214,837.859986,314.646410,826.212417,289.847045
876.324370,262.583744,890.041118,283.015880,846.528237,312.227473,832.811489,291.795337
874.986403,260.618104,889.867832,277.466130,851.959773,310.949346,837.078344,294.101320
878.296405,263.019342,891.590586,284.308364,846.918540,312.204351,833.624359,290.915329
877.507805,262.076376,891.576791,282.980888,848.704826,311.834233,834.635839,290.929721
879.310082,263.532287,892.267613,287.314829,845.434298,312.831198,832.476767,289.048656
879.383049,264.708726,891.968323,288.242394,846.058380,312.793993,833.473106,289.260325
874.989135,262.584683,889.940138,283.779526,847.903698,313.432350,832.952694,292.237506
877.695044,264.916538,890.224633,286.910447,846.969945,311.551973,834.440355,289.558064
875.828645,263.204280,889.003846,282.427250,850.220662,309.008795,837.045462,289.785826
876.334658,263.100560,889.907542,283.262273,844.956840,313.523130,831.383955,293.361418
875.723839,260.715951,889.833185,280.336199,851.607529,307.825097,837.498183,288.204848
874.694793,260.731860,889.872054,279.918200,849.926725,311.516759,834.749464,292.330420
878.951769,262.583017,889.999064,283.300848,840.794215,309.538175,829.746920,288.820344
877.732947,261.107570,891.759102,280.835325,854.097024,307.612530,840.070869,287.884775
874.029682,261.783986,890.882794,282.664608,857.604302,309.524255,840.751190,288.643633
877.368352,262.642597,889.501887,280.890980,845.373981,310.232074,833.240445,291.983692
877.331765,261.986049,891.937918,283.489293,853.787002,309.403435,839.180849,287.900191
871.620180,259.346543,891.124064,278.118873,861.624689,308.767832,842.120806,289.995503
870.318435,259.291132,888.451412,274.337279,861.212698,307.164221,843.079720,292.118074
875.307045,261.868451,888.614377,279.534376,848.013743,310.117893,834.706411,292.451968
876.317935,261.144823,890.404692,280.045767,847.725142,311.854574,833.638385,292.953631
873.500616,260.843173,889.856610,278.278489,852.951857,312.898676,836.595863,295.463360
875.656858,262.889269,890.306586,286.448014,846.705327,313.560942,832.055600,290.002198
875.076105,258.682262,892.318001,277.093267,858.987734,308.307044,841.745838,289.896040
876.215966,261.863065,887.161811,276.427107,845.124690,308.020798,834.178845,293.456756
874.432395,259.538513,890.390218,280.577475,855.756850,306.846507,839.799027,285.807545
880.885175,306.994201,846.046237,310.320775,839.804238,244.948835,874.643177,241.622261
849.112854,237.656405,885.033778,243.770207,874.265150,307.040018,838.344225,300.926216
851.228957,235.541274,885.606398,251.344745,858.177386,311.011338,823.799945,295.207868
849.640748,234.968545,889.732519,248.714552,868.743993,309.929944,828.652222,296.183938
855.860125,236.426710,893.284005,254.792463,864.363223,313.724320,826.939343,295.358568
846.908360,235.430373,888.241120,246.233940,871.972219,308.476214,830.639459,297.672646
888.327554,309.938760,856.540616,317.239557,842.998816,258.279914,874.785754,250.979117
896.379154,281.973576,871.926817,320.258078,820.307264,287.288634,844.759601,249.004132
895.866518,285.820637,870.165418,324.778529,825.386232,295.237034,851.087332,256.279142
898.627206,300.803314,856.947585,332.845798,819.346712,283.936038,861.026333,251.893555
849.571203,257.657741,900.460354,272.889503,877.774753,348.681856,826.885601,333.450094
901.023793,305.536538,889.319335,334.329200,827.545987,309.217817,839.250446,280.425155
876.464112,264.918470,906.852441,311.216601,856.302441,344.395695,825.914112,298.097565
893.094490,264.484232,905.726749,302.566152,841.899304,323.738530,829.267045,285.656609
935.111903,262.839237,935.850218,317.649368,867.478817,318.570360,866.740501,263.760228
944.492078,264.807540,939.809531,317.804202,862.081092,310.936466,866.763639,257.939804
949.132139,284.435723,929.077803,318.852551,870.461643,284.697511,890.515978,250.280683
904.928667,252.959394,935.256251,307.483038,856.499876,351.289547,826.172292,296.765903
940.187320,257.190919,945.074308,316.090087,864.336123,322.789105,859.449134,263.889937
909.363313,253.914371,929.313577,304.346052,869.183496,328.132905,849.233232,277.701225
910.262421,255.071968,930.991428,307.379987,869.965406,331.563829,849.236399,279.255810
913.266292,256.180001,928.473139,319.295781,859.747068,335.854348,844.540220,272.738569
926.262014,263.492766,926.276933,325.633390,845.948810,325.652675,845.933891,263.512052
951.333910,277.042041,940.147984,337.976963,855.776554,322.488758,866.962479,261.553836
955.277735,287.259186,933.767820,340.778060,870.941315,315.527291,892.451230,262.008416
892.419479,265.493555,954.223420,283.364923,937.896491,339.827783,876.092550,321.956415
966.061354,326.419277,904.851234,360.363753,869.811774,297.179113,931.021894,263.234637
962.202355,289.959088,937.249851,343.399846,876.074246,314.835796,901.026750,261.395038
959.571278,288.378389,935.492380,343.922828,873.776336,317.168497,897.855234,261.624057
966.412035,314.814588,915.576502,357.459916,870.119394,303.272589,920.954928,260.627261
965.025705,330.825485,909.700341,357.106022,878.492203,291.407153,933.817567,265.126616
972.693663,326.071733,922.503284,362.855847,873.457800,295.935342,923.648178,259.151229
976.580807,315.151593,927.673511,363.284246,869.348062,304.020111,918.255358,255.887458
