1.830922
0.039373
0.036459
0.036588
0.036581
0.036581
0.036865
0.036817
0.036706
0.036630
0.047073
0.036756
0.036674
0.036722
0.036732
0.036669
0.036631
0.036717
0.036631
0.036679
0.047140
0.036990
0.036798
0.036726
0.036859
0.036859
0.036785
0.036651
0.036723
0.036714
0.046972
0.036758
0.036706
0.036859
0.037581
0.036628
0.036492
0.039059
0.038732
0.038831
0.048873
0.038393
0.038431
0.038351
0.038146
0.038174
0.038080
0.038159
0.037887
0.038504
0.049672
0.038173
0.037979
0.037599
0.037252
0.037381
0.037192
0.037061
0.036972
0.036925
0.048437
0.036960
0.036787
0.036766
0.036762
0.036861
0.036733
0.036903
0.036826
0.036725
0.048116
0.036759
0.036708
0.036945
0.036855
0.036744
0.036865
0.036749
0.036498
0.036763
0.048181
0.036960
0.036918
0.037114
0.037018
0.037124
0.037254
0.037289
0.037450
0.037594
0.049319
0.037852
0.037722
0.037961
0.038188
0.038196
0.038006
0.037744
0.037429
0.038755
0.049082
0.037169
0.037096
0.037289
0.037301
0.037755
0.037796
0.037958
0.037555
0.037556
0.048689
0.037202
0.037087
0.037392
0.037550
0.037806
0.038512
0.038911
0.038520
0.038701
0.050415
0.036822
0.036557
0.039220
0.036564
0.036721
0.036421
0.036496
0.038871
0.036450
0.048163
0.036844
0.036342
0.038880
0.038962
0.036464
0.038921
0.036522
0.036694
0.036570
0.048148
0.036541
0.036479
0.036755
0.036597
0.036510
0.036729
0.036472
0.036424
0.039062
0.050706
0.036587
0.036620
0.036454
0.036560
0.036601
0.036680
0.036796
0.036796
0.036741
0.048285
0.036833
0.036939
0.036737
0.039224
0.037301
0.036582
0.036404
0.039058
0.036654
0.048088
0.036385
0.039289
0.036757
0.036539
0.039023
0.038802
0.038850
0.039264
0.036530
0.048017
0.039034
0.039139
0.036494
0.036547
0.036761
0.037005
0.036931
0.036879
0.036788
0.048222
0.036849
0.036871
0.036871
0.036959
0.036961
0.037033
0.037078
0.037176
0.037073
0.048459
0.037081
0.036755
0.036831
0.036975
0.037374
0.037170
0.036918
0.036776
0.036810
0.048162
0.036927
0.036870
0.036865
0.036893
0.036793
0.036900
0.036669
0.036819
0.036835
0.048572
0.037040
0.036793
0.036918
0.036872
0.036861
0.036915
0.036744
0.036787
0.036809
0.048299
0.036764
0.036794
0.036608
0.036681
0.036664
0.036999
0.036891
0.036842
0.036795
0.047019
0.048053
0.037069
0.039046
0.036466
0.048044
0.039118
0.049991
0.049940
0.038154
0.049405
0.037863
0.037465
0.037279
0.037028
0.036947
0.036996
0.036935
0.037036
0.037050
0.048071
0.036901
0.036715
0.036733
0.036971
0.036814
0.036741
0.036864
0.036746
0.036482
0.048470
0.036669
0.036822
0.036530
0.036394
0.036254
0.036201
0.036271
0.036693
0.036270
0.048096
0.036187
0.036306
0.036458
0.036348
0.036285
0.036592
0.035943
0.036348
0.036343
0.047497
0.036004
0.036063
0.036166
0.036024
0.036139
0.036113
0.036211
0.035967
0.036209
0.047952
0.036150
0.036126
0.035990
0.035873
0.035939
0.036086
0.036001
0.036095
0.035907
0.047570
0.035936
0.035875
0.035967
0.035832
0.036064
0.035881
0.035910
0.035841
0.035825
0.047134
0.036083
0.036817
0.036087
0.035903
0.035826
0.035770
0.036080
0.035852
0.035836
0.047154
0.035833
0.035958
0.035826
0.035657
0.035769
0.035830
0.035694
0.035695
0.035717
0.047167
0.036055
0.035784
0.035604
0.035564
0.035651
0.035485
0.035547
0.035447
0.035656
0.047169
0.035587
0.035897
0.035573
0.035501
0.035631
0.035650
0.035589
0.035700
0.035668
0.047044
0.036160
0.035830
0.035605
0.035541
0.035792
0.035513
0.035466
0.035561
0.035974
0.047273
0.035622
0.035660
0.035594
0.035808
0.035537
0.035572
0.035922
0.035639
0.035765
0.047160
0.035645
0.035439
0.035460
0.035710
0.035584
0.036013
0.035631
0.035753
0.035632
0.047014
0.035828
0.035688
0.035650
0.035666
0.035761
0.035619
0.035395
0.035555
0.035750
0.046920
0.035763
0.035631
0.036618
0.035473
0.035599
0.035620
0.035580
0.035701
0.035872
0.047194
0.035699
0.035666
0.036194
0.035632
0.035589
0.035585
0.035703
0.035436
0.035573
0.047065
0.035660
0.035743
0.035649
0.035681
0.035707
0.035619
0.035800
0.035826
0.035735
0.047186
0.035787
0.035674
0.035764
0.036000
0.035686
0.035753
0.035659
0.035668
0.035749
0.047266
0.035857
0.035765
0.036100
0.035782
0.035877
0.035705
0.035763
0.035680
0.035630
0.047019
0.035840
0.035719
0.035683
0.035974
0.035740
0.035841
0.035747
0.035671
0.035814
0.047340
0.035784
0.035616
0.035647
0.035715
0.035919
0.035779
0.035983
0.035960
0.036176
0.047451
0.036129
0.036120
0.035899
0.035910
0.035838
0.035780
0.035781
0.035675
0.035953
0.047145
0.035803
0.035769
0.035996
0.036887
0.036009
0.035902
0.036176
0.035756
0.035846
0.047179
0.036218
0.035887
0.035934
0.035823
0.035811
0.035682
0.035749
0.035696
0.035787
0.047360
0.035848
0.035634
0.035795
0.035670
0.035757
0.035660
0.035704
0.035880
0.035857
0.047354
0.035868
0.035664
0.035759
0.035860
0.035782
0.035730
0.035754
0.035720
0.035811
0.047018
0.035790
0.035704
0.035921
0.035872
0.035762
0.035708
0.035836
0.035832
0.035668
0.047134
0.035848
0.035707
0.035782
0.035827
0.035713
0.035846
0.035964
0.035864
0.035764
0.047249
0.035844
0.035860
0.035773
0.035717
0.035722
0.035750
0.035725
0.035671
0.035800
0.047146
0.035872
0.035669
0.035854
0.035702
0.035903
0.035657
0.035712
0.035806
0.035733
0.047307
0.035835
0.035812
0.035783
0.035784
0.036427
0.035673
0.035822
0.035685
0.035673
0.047139
0.035814
0.035650
0.035606
0.035825
0.035882
0.035705
0.035817
0.035723
0.035815
0.047367
0.035969
0.036206
0.035974
0.035709
0.035985
0.035740
0.035787
0.035847
0.035645
0.047220
0.036112
0.035762
0.035831
0.035900
0.035778
0.035758
0.035899
0.035619
0.035635
0.047194
0.035933
0.035930
0.035854
0.035777
0.035811
0.035643
0.035765
0.035705
0.035659
0.047232
0.035944
0.035713
0.035828
0.035867
0.035904
0.036126
0.036009
0.035684
0.035819
0.047312
0.035789
0.035830
0.035846
0.035759
0.035769
0.035711
0.035662
0.035814
0.035847
0.047332
0.035850
0.035812
0.035897
0.035870
0.035869
0.035781
0.035833
0.035761
0.035804
0.047352
0.035784
0.035766
0.035791
0.035821
0.035747
0.036545
0.035955
0.035882
0.035830
0.047400
0.035934
0.035931
0.035858
0.036018
0.035856
0.035908
0.035974
0.035859
0.035871
0.047121
0.035754
0.035825
0.036086
0.035776
0.035946
0.035812
0.036016
0.035798
0.035948
0.047291
0.035884
0.035821
0.035783
0.035787
0.035747
0.035875
0.035808
0.035819
0.036116
0.047169
0.036027
0.035874
0.035838
0.035652
0.035847
0.035801
0.035814
0.036048
0.035966
0.047245
0.035881
0.035853
0.036005
0.035800
0.035820
0.035838
0.035945
0.035686
0.035798
0.047059
0.035846
0.035703
0.035826
0.035806
0.035724
0.035744
0.035722
0.035828
0.035796
0.047088
0.035882
0.035755
0.035737
0.035753
0.035817
0.035777
0.036122
0.035731
0.035997
0.047287
0.035851
0.035891
0.035867
0.035734
0.035778
0.035819
0.036623
0.035785
0.035939
0.047259
0.035925
0.035736
0.035874
0.035847
0.035838
0.035879
0.035920
0.036166
0.035916
0.047282
0.036008
0.035787
0.035851
0.035906
0.035811
0.035851
0.035764
0.035666
0.035898
0.047462
0.035963
0.035910
0.036157
0.035931
0.035848
0.035995
0.035869
0.035968
0.035923
0.047339
0.035883
0.035858
0.036001
0.035965
0.036004
0.035907
0.036067
0.035759
0.035838
0.047187
0.035871
0.035757
0.036060
0.035980
0.036106
0.036028
0.035935
0.035961
0.035783
0.047521
0.036028
0.035827
0.036012
0.035943
0.036150
0.036048
0.035914
0.035953
0.036013
0.047265
0.036042
0.035823
0.035807
0.035910
0.035872
0.035766
0.035931
0.035856
0.035900
0.047385
0.036218
0.035826
0.035878
0.035975
0.035824
0.035714
0.036268
0.036017
0.036195
0.047205
0.035978
0.035892
0.035801
0.035749
0.035925
0.035972
0.035927
0.036076
0.035954
0.047552
0.035885
0.035889
0.035945
0.036099
0.035844
0.035893
0.035914
0.036056
0.035845
0.047306
0.036090
0.036012
0.036010
0.035809
0.035982
0.036023
0.035967
0.035898
0.036099
0.047230
0.035901
0.035893
0.035970
0.035830
0.035905
0.036021
0.035797
0.035838
0.035966
0.047280
0.036374
0.035997
0.035969
0.035777
0.035763
0.035845
0.035846
0.035861
0.035842
0.047266
0.036037
0.035996
0.035859
0.035957
0.035967
0.035930
0.036172
0.035884
0.035889
0.047223
0.035930
0.035888
0.035967
0.035881
0.036095
0.035979
0.036022
0.035913
0.035957
0.047105
0.035925
0.035964
0.036282
0.035841
0.036061
0.035863
0.036051
0.036611
0.036105
0.047387
0.035814
0.035907
0.035979
0.035874
0.035980
0.035754
0.035776
0.035729
0.036009
0.047389
0.036010
0.035832
0.036014
0.035794
0.035907
0.035823
0.035889
0.035938
0.035897
0.047617
0.035964
0.035997
0.035977
0.035876
0.036002
0.035933
0.035968
0.035857
0.035989
0.047389
0.036030
0.036052
0.035843
0.035942
0.036062
0.036036
0.036109
0.036070
0.036028
0.047506
0.036016
0.036078
0.035920
0.035910
0.035881
0.035819
0.036040
0.036070
0.035974
0.047531
0.035888
0.035806
0.035860
0.035791
0.035757
0.035888
0.035890
0.035970
0.035847
0.047281
0.035945
0.036017
0.035948
0.035846
0.036070
0.035929
0.035959
0.035915
0.035692
0.047432
0.035981
0.036121
0.035914
0.036057
0.035797
0.036145
0.036457
0.047718
0.036355
0.047662
0.036154
0.035923
0.036390
0.036129
0.036930
0.036246
0.034748
0.046325
0.035185
0.046134
0.035823
0.036479
0.047992
0.036668
0.036894
0.036897
0.036867
0.036968
0.037178
0.048388
0.036946
0.037139
0.037030
0.036748
0.036949
0.036992
0.037020
0.036913
