1.859003
0.039549
0.039460
0.039325
0.039444
0.039671
0.039671
0.039620
0.039701
0.039760
0.050058
0.039685
0.039591
0.039723
0.039741
0.036691
0.036605
0.036607
0.036646
0.036500
0.047064
0.036588
0.036676
0.036727
0.036708
0.036597
0.036798
0.036705
0.036811
0.036873
0.047203
0.036873
0.036886
0.036772
0.036871
0.036822
0.036966
0.036904
0.036867
0.036851
0.048467
0.036969
0.036931
0.037009
0.036972
0.037006
0.037062
0.037140
0.037092
0.037138
0.048471
0.037178
0.037210
0.037148
0.037190
0.037139
0.037232
0.037230
0.037368
0.037342
0.048915
0.037321
0.037480
0.037528
0.037432
0.037389
0.041034
0.037788
0.037614
0.037509
0.049118
0.037592
0.037653
0.036620
0.036701
0.036650
0.036775
0.036637
0.036748
0.036664
0.048409
0.036796
0.036891
0.036732
0.036826
0.036789
0.036865
0.036647
0.036887
0.036807
0.048602
0.036888
0.036876
0.036885
0.036956
0.036834
0.036898
0.036906
0.036867
0.036954
0.048502
0.037000
0.037040
0.036963
0.037008
0.037150
0.037155
0.037174
0.037282
0.037188
0.048672
0.037338
0.037393
0.037302
0.037349
0.037251
0.037313
0.037297
0.037348
0.037515
0.048835
0.037381
0.037390
0.037377
0.037519
0.037374
0.037380
0.036736
0.036772
0.036753
0.047987
0.036728
0.037140
0.037012
0.037127
0.037116
0.037107
0.037169
0.037257
0.037310
0.048680
0.037282
0.037334
0.037418
0.037337
0.037368
0.037639
0.037457
0.037224
0.037080
0.048702
0.037149
0.041449
0.037868
0.037416
0.037391
0.037842
0.037770
0.037767
0.037917
0.048998
0.037838
0.037880
0.037766
0.038085
0.037873
0.037761
0.037836
0.037974
0.038331
0.049763
0.038316
0.038453
0.038591
0.038712
0.038944
0.038497
0.038305
0.038669
0.038956
0.050374
0.038654
0.038964
0.038818
0.038886
0.038926
0.038960
0.038889
0.039160
0.039174
0.050318
0.038460
0.038233
0.037954
0.037941
0.037977
0.037944
0.037383
0.037441
0.037503
0.048656
0.037319
0.037384
0.037357
0.037508
0.037622
0.037392
0.037235
0.037081
0.037076
0.048430
0.036870
0.037360
0.037200
0.037438
0.037196
0.037368
0.037064
0.037231
0.037300
0.048856
0.037214
0.037113
0.037000
0.037255
0.037137
0.037372
0.037108
0.037201
0.037032
0.048481
0.036916
0.036872
0.036793
0.036818
0.036790
0.036928
0.039233
0.036898
0.036694
0.049147
0.037769
0.037901
0.038271
0.037970
0.037744
0.037964
0.036959
0.037054
0.036899
0.048787
0.037173
0.037697
0.037292
0.037488
0.037205
0.037247
0.037051
0.037375
0.037319
0.049075
0.037460
0.037456
0.037630
0.037785
0.037727
0.037428
0.037207
0.037446
0.037466
0.049000
0.037370
0.037272
0.037214
0.037164
0.037247
0.037197
0.037153
0.037211
0.037090
0.048728
0.037229
0.037340
0.037337
0.037454
0.037313
0.037345
0.037297
0.037515
0.037649
0.049278
