628.850000,297.330000,757.880000,264.860000,778.380000,346.350000,649.350000,378.820000
770.994639,279.365115,773.633035,366.059352,636.922892,370.219898,634.284497,283.525662
774.431913,276.497286,779.425659,361.517422,641.995850,369.589506,637.002103,284.569369
777.025590,278.237996,781.085195,363.688493,645.300844,370.139373,641.241238,284.688876
781.516720,275.136630,786.436444,364.258757,648.594222,371.867929,643.674498,282.745803
784.685790,275.866078,790.229557,364.661940,650.345665,373.395271,644.801898,284.599409
785.821921,274.827465,794.260995,361.503543,653.870164,375.172466,645.431090,288.496388
786.020987,275.186018,795.241964,362.261646,656.162836,376.989596,646.941859,289.913968
786.708522,276.728880,796.952150,360.739481,656.934482,377.812194,646.690854,293.801593
787.773780,275.897038,798.589930,361.190533,658.035862,379.014329,647.219712,293.720835
788.218467,275.036828,799.751143,361.836533,658.701622,380.577131,647.168947,293.777426
786.911130,274.282612,799.732270,360.045706,658.404354,381.173500,645.583214,295.410405
788.141211,274.968372,800.537955,362.406455,658.451070,382.551164,646.054326,295.113081
789.681166,274.417540,801.545027,362.497131,657.192364,381.940682,645.328503,293.861090
791.510041,276.511543,802.918908,364.840285,658.157915,383.538151,646.749047,295.209409
792.445441,275.388421,804.717608,364.737059,659.526072,384.679331,647.253904,295.330693
798.241956,278.416458,808.994627,367.960667,660.997949,385.732442,650.245278,296.188234
800.932166,281.875399,811.020476,370.608444,661.049133,387.659108,650.960823,298.926064
806.630322,284.189906,814.605052,373.880343,663.015582,387.358760,655.040852,297.668323
810.044742,287.387069,816.724384,377.368649,663.375493,388.752265,656.695851,298.770684
811.173658,288.621713,818.807706,378.898468,664.955771,391.908607,657.321722,301.631852
812.072128,289.243768,818.781574,381.625444,664.812115,392.807854,658.102669,300.426179
819.339335,295.390427,822.793541,386.105937,663.393430,392.175472,659.939224,301.459962
819.290849,295.286213,824.371385,387.779597,662.833644,396.652646,657.753107,304.159262
818.073353,295.449394,822.979982,388.106028,664.140038,396.517393,659.233408,303.860759
816.731382,294.469739,823.186819,388.174725,662.172618,399.267165,655.717181,305.562180
817.746076,298.568250,821.757065,392.039522,659.827959,398.988137,655.816970,305.516864
820.378856,301.268898,823.021419,394.382449,659.407608,399.025810,656.765045,305.912258
820.594259,302.107074,821.404316,397.879690,658.186196,399.260210,657.376138,303.487594
824.511439,303.239812,824.710227,398.031270,655.439766,398.386249,655.240978,303.594791
827.427348,306.088870,825.403616,403.138084,655.909213,399.603678,657.932945,302.554463
828.744126,306.324000,826.393319,404.475540,656.356145,400.403015,658.706952,302.251476
827.786829,303.293076,829.438468,402.383479,657.774812,405.244769,656.123173,306.154367
828.981994,305.852390,828.869764,404.107535,657.625084,403.911934,657.737314,305.656790
833.090992,309.336322,829.545321,410.148989,655.923506,404.042557,659.469176,303.229890
835.408673,308.907137,831.927385,411.884768,654.185174,405.875970,657.666462,302.898339
832.291555,309.099618,829.357796,411.119945,652.618358,406.037517,655.552117,304.017191
830.703131,309.245488,830.136146,408.071986,651.102634,407.044839,651.669619,308.218341
830.958793,310.655625,829.982868,409.478932,649.522918,407.696807,650.498843,308.873501
831.048176,314.463170,825.618302,416.195971,643.645546,406.483380,649.075420,304.750580
833.362708,314.971100,825.717257,418.564356,641.551469,404.972444,649.196919,301.379188
829.445409,318.603192,821.003852,419.775068,636.255209,404.360052,644.696766,303.188176
832.724056,321.024332,820.516670,424.588606,633.809247,402.580925,646.016632,299.016651
826.319867,320.418378,814.634624,424.032382,629.609617,403.165876,641.294860,299.551872
825.207318,317.829379,816.299626,420.223902,627.834344,403.828584,636.742037,301.434061
826.323975,323.181414,813.468303,425.879913,622.955146,402.031711,635.810817,299.333212
823.699563,320.195892,813.298499,423.622133,621.655759,404.349573,632.056823,300.923332
825.322838,323.028643,813.092697,426.432895,618.449399,403.411453,630.679540,300.007201
822.061909,319.992577,812.746244,422.512915,615.356340,404.576784,624.672005,302.056446
825.209524,320.606245,813.663976,425.336354,614.984798,403.433770,626.530347,298.703661
827.502316,322.647866,813.641937,428.882923,613.670064,402.792798,627.530443,296.557740
827.045858,322.448011,814.688886,429.214469,613.904204,405.975985,626.261176,299.209527
827.414483,323.933208,813.575735,431.063920,611.917924,405.014512,625.756672,297.883800
829.407108,327.447903,811.126115,436.797519,609.859430,403.149894,628.140423,293.800278
829.727969,329.967269,809.758224,438.107619,606.199919,400.517511,626.169663,292.377161
823.678728,322.169076,812.082628,428.790335,605.302004,406.300928,616.898104,299.679669
824.265028,324.631673,811.410577,429.812637,602.666817,404.301495,615.521268,299.120531
824.970953,325.048180,810.191679,432.489575,596.936788,403.154954,611.716063,295.713559
821.848165,319.139114,810.155341,428.688737,599.355308,406.188910,611.048132,296.639286
824.500055,323.627438,808.459447,431.451229,596.129521,399.863570,612.170128,292.039780
820.145242,319.244759,807.326890,428.010251,594.815851,402.965164,607.634202,294.199671
828.036691,330.534645,800.158969,445.135322,592.240599,394.557169,620.118321,279.956492
821.610538,320.149781,806.005527,429.576544,593.885955,399.326830,609.490966,289.900066
820.585455,313.911720,807.319064,427.247294,592.488946,402.100553,605.755337,288.764979
822.366106,316.871128,807.696586,427.964071,592.347191,399.527772,607.016710,288.434830
823.536453,313.936093,810.642246,426.984367,594.822814,402.368153,607.717021,289.319879
824.144691,310.319423,812.344174,428.732885,594.672370,407.040758,606.472887,288.627296
825.209996,311.424412,813.154897,430.702187,593.894280,408.542078,605.949380,289.264303
822.427952,311.070101,810.269524,429.091313,593.603717,406.770616,605.762146,288.749404
826.584549,312.154192,814.083135,430.139565,593.961169,406.816032,606.462583,288.830658
824.260213,312.057295,811.455613,431.940515,593.160794,408.624676,605.965394,288.741456
826.880745,312.048176,811.856204,431.321748,591.111087,403.515136,606.135627,284.241564
825.605255,308.767681,814.693035,432.778083,592.203784,413.200275,603.116005,289.189873
826.873307,306.569153,814.475482,431.151706,592.791823,409.090870,605.189648,284.508318
826.635130,305.903048,814.878703,432.938336,592.106677,412.321993,603.863104,285.286705
828.955353,309.190046,815.332248,435.858009,591.368603,411.770781,604.991708,285.102818
829.481703,305.946787,816.146551,436.884070,589.812104,413.833309,603.147255,282.896025
830.709479,307.962330,817.606240,436.389358,590.970309,413.265996,604.073547,284.838968
833.280084,307.819435,818.470551,440.304174,592.686700,415.065393,607.496233,282.580654
833.044674,308.347067,821.081102,437.240961,593.621288,416.128776,605.584860,287.234881
832.445737,306.046172,823.521310,439.550300,590.842688,423.996298,599.767115,290.492170
835.084894,309.732223,821.121624,440.740198,593.784255,416.509817,607.747526,285.501841
836.010462,307.736479,823.548476,440.480924,592.688571,418.807904,605.150557,286.063458
839.023249,307.553181,827.506112,442.139419,592.941527,422.066694,604.458664,287.480457
840.254254,307.293819,826.447029,444.719137,590.307750,420.994046,604.114975,283.568728
838.881719,304.539029,830.012673,442.248515,590.004712,426.791034,598.873758,289.081548
839.230758,304.416752,829.651832,444.610721,590.729717,428.286073,600.308642,288.092105
841.192187,307.844437,826.797445,447.102440,588.069440,422.425740,602.464182,283.167737
842.386519,305.783262,830.747802,446.563394,590.826732,426.728398,602.465449,285.948266
843.828472,301.996253,837.627097,444.045849,589.540480,433.215279,595.741855,291.165683
844.839128,307.827484,833.297811,450.099711,586.826206,430.105599,598.367523,287.833371
844.044523,307.720209,833.632982,451.562650,586.467098,433.672397,596.878639,289.829956
845.937763,306.304160,837.110035,451.911807,586.341310,436.708500,595.169037,291.100853
844.752907,308.603632,831.417186,453.318602,584.790266,430.591528,598.125987,285.876558
848.607496,308.418886,836.332893,456.598867,587.308203,435.970716,599.582805,287.790735
849.109607,307.736365,838.221279,455.836650,583.159678,437.084530,594.048006,288.984245
849.375577,302.048932,842.608820,455.102545,586.140603,443.763654,592.907361,290.710041
850.485083,300.700634,843.108120,452.795276,586.839065,440.365599,594.216028,288.270956
852.225350,300.086412,845.449289,454.296987,587.042378,442.942507,593.818439,288.731932
854.098012,299.534584,847.463741,451.264614,586.150911,439.838925,592.785182,288.108895
853.073399,296.444156,848.595268,448.815865,584.061051,441.041333,588.539182,288.669624
851.772210,294.394985,846.966749,449.445535,583.593212,441.282834,588.398673,286.232284
853.332323,296.929192,849.353526,448.491559,582.518373,441.486635,586.497170,289.924268
850.693497,294.286557,847.436888,448.564690,581.735660,442.956086,584.992269,288.677953
851.223261,290.861655,849.930701,451.598646,582.035717,449.444380,583.328276,288.707390
853.259250,293.940426,848.259980,454.500636,579.926478,446.145692,584.925748,285.585482
851.748707,289.904320,848.124812,453.340711,577.909979,447.349206,581.533874,283.912815
850.954155,291.251668,848.658996,451.873292,578.022561,448.006105,580.317721,287.384481
851.491026,292.087413,848.781877,450.314222,576.280151,445.648465,578.989300,287.421656
850.564574,287.979611,850.464732,450.625414,573.527285,450.455413,573.627126,287.809611
849.379751,286.428334,848.218450,449.533575,571.162972,447.560955,572.324273,284.455714
849.250426,287.975200,848.930872,449.599884,570.577249,449.049542,570.896803,287.424858
848.071295,287.996623,844.239765,455.994602,569.540366,449.729532,573.371896,281.731552
847.425578,286.719420,843.696470,454.141436,565.413930,447.943054,569.143038,280.521038
847.345296,283.818740,845.406139,457.974611,563.548611,454.836239,565.487767,280.680368
847.338145,283.475329,845.011912,460.217834,562.223905,456.495862,564.550137,279.753358
845.746705,289.235204,841.641193,462.238581,558.757293,455.525513,562.862805,282.522137
845.246890,285.640931,843.064666,460.822652,555.766644,457.243805,557.948867,282.062084
843.008684,277.553954,843.191538,460.428862,553.441683,460.718578,553.258829,277.843670
844.262318,286.856712,841.075669,466.625345,544.700355,461.371680,547.887004,281.603047
841.849673,288.602060,837.158061,463.625128,544.653756,455.784353,549.345368,280.761285
841.701710,292.475965,834.347426,468.843533,545.962619,456.818285,553.316903,280.450717
842.618573,286.949359,834.367018,465.665218,543.655888,452.242688,551.907443,273.526829
844.086953,289.460606,835.755361,465.299792,544.295889,451.489892,552.627481,275.650707
846.520971,290.114042,835.527620,469.574519,542.085490,451.598904,553.078841,272.138428
848.178126,293.073467,835.660585,470.888625,540.102957,450.082443,552.620498,272.267285
847.627606,293.939978,834.181600,469.843489,537.796232,447.187890,551.242238,271.284379
848.461958,293.437043,834.040234,470.598412,537.962330,446.496353,552.384054,269.334984
850.304480,295.348748,836.984273,470.154482,538.357810,447.399128,551.678018,272.593393
851.272064,292.209589,836.001210,471.398601,541.443930,446.295827,556.714784,267.106814
853.868010,295.049617,834.821299,473.685515,538.726181,442.114938,557.772892,263.479040
853.692473,285.803735,837.933911,471.660294,540.563417,446.446595,556.321979,260.590037
859.765980,295.594044,838.219944,476.975062,537.645684,441.270202,559.191721,259.889183
862.721538,285.683752,841.884148,473.908867,536.018337,440.048109,556.855726,251.822994
864.292029,296.185977,843.378443,477.913630,536.044913,442.545065,556.958499,260.817413
864.470859,289.031209,843.537300,476.905020,537.571380,442.813223,558.504939,254.939412
868.981684,286.420593,847.855324,477.920239,537.679841,443.701488,558.806201,252.201842
873.156335,295.764621,849.648282,480.210074,537.718471,440.453808,561.226524,256.008355
877.206575,296.968000,853.443912,484.237227,539.492561,444.399819,563.255224,257.130593
882.111503,302.907473,856.102673,487.074797,537.245813,442.044584,563.254643,257.877259
886.788983,295.742333,860.208437,488.338646,536.423330,443.652511,563.003876,251.056197
889.844843,304.154857,856.324806,494.962082,530.830128,437.780842,564.350166,246.973617
887.970348,297.274984,857.355100,492.862132,524.856948,440.816211,555.472196,245.229062
892.347257,301.696757,857.845903,498.325637,527.281409,440.323360,561.782763,243.694480
893.791914,301.050986,857.748544,502.010940,521.858335,441.767023,557.901705,240.807068
902.697827,291.456203,863.530543,505.469361,519.374249,442.484134,558.541533,228.470976
893.638139,314.616642,861.669360,505.262141,518.507463,447.718340,550.476241,257.072841
908.776178,308.560667,870.371535,514.091934,512.159898,447.158129,550.564541,241.626862
911.130719,313.582399,868.154842,521.029159,507.377867,446.288504,550.353744,238.841744
911.051933,305.746641,871.837899,514.957434,508.795641,446.909551,548.009674,237.698759
918.106972,306.230584,877.560024,519.472404,509.795146,449.543611,550.342093,236.301790
920.305879,307.087510,879.860906,520.571341,509.403671,450.387418,549.848644,236.903587
919.988645,304.831810,878.953942,525.819908,506.431149,456.647122,547.465852,235.659025
927.580725,308.812792,885.680499,529.638418,503.967630,457.210883,545.867857,236.385257
932.976527,310.996257,886.914311,538.696432,501.089014,460.646567,547.151229,232.946391
945.102521,317.106750,884.734110,554.880662,499.154794,456.985940,559.523205,219.212029
942.733024,323.813005,888.069928,554.840435,497.601032,462.452104,552.264128,231.424674
943.730882,325.449059,887.586155,557.833189,498.097261,463.731465,554.241987,231.347334
947.496010,329.489626,893.485160,562.103605,498.041396,470.285160,552.052246,237.671181
946.469445,343.385317,889.262526,568.200134,492.530495,467.246749,549.737413,242.431931
958.218795,345.446896,891.145517,579.006686,488.903657,463.491598,555.976934,229.931808
957.902305,348.028041,887.744786,583.912203,489.067328,465.336114,559.224848,229.451952
963.759061,353.458873,892.541166,592.056885,484.936228,470.392982,556.154123,231.794970
966.211354,360.957152,893.085741,595.804487,482.102905,467.834665,555.228518,232.987330
976.534409,367.871133,887.801367,609.333366,482.010671,460.212561,570.743712,218.750328
971.104385,367.510454,887.139931,608.102826,487.332019,468.573660,571.296473,227.981288
981.022508,370.418043,889.846424,614.046134,482.639471,461.651821,573.815556,218.023730
988.007950,364.708344,892.362846,618.922981,480.606745,464.004853,576.251850,209.790217
983.745002,370.498061,889.893677,617.787727,477.744234,461.368853,571.595558,214.079187
993.300671,371.520271,897.567403,625.548662,482.903411,469.278182,578.636678,215.249790
988.128086,380.290090,900.558501,627.520796,484.761405,480.244677,572.330989,233.013971
995.263963,382.484825,896.807119,633.994037,487.635416,473.817977,586.092261,222.308765
999.579416,371.409463,903.292004,637.151582,487.347819,486.440849,583.635231,220.698731
1009.498797,387.083528,910.891263,643.244076,487.838237,480.392239,586.445772,224.231691
1014.779992,409.374630,903.274730,656.003118,489.697726,469.017372,601.202988,222.388883
1012.816671,470.845547,880.093204,674.742701,497.338898,425.595140,630.062365,221.697986
1004.148581,491.304993,853.590114,687.537544,490.077356,408.634155,640.635822,212.401604
1025.957082,397.841609,913.737657,663.706490,494.909420,486.922466,607.128844,221.057585
1032.484137,392.992056,910.433757,670.351907,492.494256,486.440375,614.544636,209.080524
1038.223739,405.990593,904.996407,675.674182,486.791421,469.075277,620.018753,199.391688
967.190777,484.530075,770.816957,686.036444,476.553687,399.268326,672.927507,197.761956
1027.991680,357.521422,915.686485,641.562985,497.514184,476.224782,609.819378,192.183219
1000.923178,337.774132,880.113742,634.605125,499.046927,479.511929,619.856364,182.680937
1001.736997,333.352538,882.775749,642.281019,500.476754,495.066475,619.438001,186.137994
993.733035,326.581572,878.211250,640.467000,499.102875,500.940689,614.624660,187.055261
988.447192,330.185160,839.130901,666.491290,495.003698,513.702527,644.319989,177.396397
984.964564,320.142030,838.991850,652.874126,502.298658,505.163642,648.271372,172.431546
935.545035,587.209795,597.220845,697.455444,459.413783,274.550206,797.737974,164.304557
916.692984,589.691552,651.465102,668.111130,523.717080,236.046356,788.944962,157.626778
699.794138,170.142029,963.947616,335.213834,777.028071,634.328801,512.874594,469.256996
960.451553,417.080809,777.877494,597.589157,533.120412,350.031111,715.694471,169.522763
922.240470,506.855646,709.358056,626.069717,519.423773,286.901125,732.306187,167.687054
938.326601,484.929338,729.471655,624.743701,521.934710,314.724641,730.789655,174.910278
872.565925,550.954017,651.320192,604.520745,559.115169,223.687927,780.360901,170.121199
893.075963,545.904521,681.725368,617.938759,557.094702,252.268683,768.445297,180.234444
876.480561,517.022074,715.498252,568.458403,610.482412,239.786188,771.464722,188.349858
877.726051,547.045465,724.334194,581.236474,644.312683,222.234255,797.704541,188.043246
889.205719,573.805204,741.664558,612.398524,643.949556,238.836861,791.490717,200.243541
880.823120,578.505938,738.723350,606.939992,661.285924,219.944872,803.385695,191.510818
877.502616,600.332356,736.026587,624.673300,667.971293,229.117873,809.447322,204.776928
875.084642,624.494654,740.440474,645.554740,675.541026,230.630877,810.185193,209.570791
864.624586,629.314763,733.305358,643.379882,689.387740,233.342290,820.706969,219.277171
865.130117,644.030426,727.181883,653.316308,699.145660,236.818756,837.093894,227.532874
873.794729,652.220665,743.754527,669.453573,688.538884,252.794151,818.579086,235.561243
897.136750,708.664857,767.269262,732.984626,681.643407,275.742845,811.510895,251.423076
899.153067,705.196170,771.378472,729.567698,685.807327,280.936897,813.581922,256.565368
890.779506,702.649364,762.517751,722.973135,692.465606,280.879423,820.727362,260.555653
869.944316,708.328018,742.572238,716.880030,713.459004,283.272958,840.831081,274.720945
885.893304,712.366775,758.060448,728.967446,701.618166,294.335737,829.451021,277.735066
877.301113,713.321196,754.993466,726.596979,708.528228,298.520214,830.835875,285.244432
871.316366,706.956926,750.592301,717.364786,714.939845,303.820650,835.663910,293.412790
865.940802,709.906674,746.927732,717.420097,720.787279,303.353789,839.800349,295.840366
741.065978,299.161067,855.084185,302.693610,842.306902,715.099890,728.288695,711.567347
739.254102,309.600094,852.405473,312.354700,842.680028,711.848316,729.528657,709.093711
740.046143,309.573973,851.357352,313.342988,839.579181,661.190514,728.267973,657.421500
748.904877,302.411881,858.644729,313.378554,818.726041,712.831613,708.986190,701.864940
747.676257,307.358305,855.714901,318.629600,819.083193,669.755192,711.044549,658.483897
736.027531,307.597773,845.481426,314.988344,818.672492,712.026982,709.218597,704.636411
739.091040,301.210038,846.604715,312.691550,804.984232,702.428625,697.470557,690.947113
740.934895,296.627434,846.529082,310.488092,793.974090,710.866048,688.379903,697.005391
735.616731,299.281117,839.488550,312.976836,788.493853,699.733609,684.622034,686.037890
736.542602,296.847611,840.646735,313.952569,782.204794,669.641688,678.100661,652.536730
733.847650,291.561663,835.646032,307.094269,777.636502,687.280063,675.838120,671.747457
726.963109,284.292835,828.889637,299.124652,775.433296,666.484848,673.506767,651.653031
725.855988,289.332992,825.387267,304.956273,768.427392,667.830729,668.896112,652.207449
722.854578,276.663041,821.112123,291.593410,765.202656,659.536556,666.945111,644.606187
720.774644,260.523478,816.213977,272.683996,772.165878,618.386469,676.726545,606.225951
710.687064,259.054539,806.648335,267.272333,773.241217,657.375760,677.279946,649.157967
704.928097,273.435679,801.064226,279.514522,776.343596,670.468114,680.207467,664.389271
704.916070,264.095984,798.880474,270.574874,770.314458,684.872472,676.350055,678.393582
706.511209,248.462051,803.424130,258.017053,770.087789,596.135464,673.174869,586.580462
701.526526,247.737031,793.867445,254.360016,769.435987,594.995405,677.095069,588.372420
693.377480,254.954506,790.739775,262.525956,765.148271,591.610510,667.785977,584.039060
686.627103,248.841144,778.042413,250.462485,771.798525,602.508681,680.383214,600.887340
677.202916,242.928528,772.077419,243.235647,771.117672,539.718469,676.243169,539.411350
772.231459,535.561263,678.359710,536.821516,674.074848,217.657569,767.946597,216.397316
771.763130,498.432478,676.723116,499.947172,672.088152,209.124729,767.128165,207.610035
778.977759,538.434014,682.077172,543.417420,664.964342,210.664461,761.864929,205.681054
777.905955,495.319345,678.069263,499.806982,665.124157,211.816525,764.960849,207.328888
775.541154,471.969667,676.357981,476.381558,664.674639,213.729822,763.857812,209.317930
777.916400,482.618574,678.527052,489.116947,660.628026,215.360323,760.017374,208.861950
782.167081,483.346323,681.679070,491.684242,659.090890,219.453086,759.578901,211.115168
778.253006,481.637348,675.901765,487.531806,660.534071,220.687498,762.885313,214.793040
780.529942,472.278470,677.680477,480.329024,657.483473,222.303174,760.332937,214.252620
772.903163,478.633492,667.332097,479.854311,664.343194,221.387217,769.914260,220.166398
779.846244,459.094243,668.211257,463.680772,658.298437,222.405153,769.933425,217.818625
786.116400,460.818022,674.381090,471.223228,651.258410,222.922538,762.993720,212.517332
786.763660,472.015967,671.103969,479.885183,653.715539,224.314576,769.375230,216.445360
787.321523,491.757829,667.683489,497.505957,654.679527,226.849421,774.317561,221.101293
787.374117,504.229453,659.569504,504.366994,659.270406,226.442676,787.075020,226.305134
658.722616,227.978650,789.888859,228.311840,789.217274,492.693799,658.051031,492.360609
794.513628,487.980162,656.388957,488.281578,655.832497,233.282185,793.957169,232.980769
802.322804,470.970621,658.403445,474.741430,652.359060,244.047163,796.278419,240.276354
805.141034,479.246307,654.200132,479.984830,653.077172,250.471952,804.018074,249.733429
811.610288,486.773399,655.556680,493.239196,646.037590,263.493606,802.091198,257.027810
815.073824,525.460437,659.486897,528.902656,653.845482,273.912971,809.432409,270.470751
826.314037,490.837239,667.387594,510.519861,640.257494,291.459089,799.183936,271.776467
834.094874,501.390342,668.927872,525.204777,637.671427,308.423088,802.838428,284.608653
662.213562,309.097073,835.968420,313.960777,829.799820,534.332792,656.044961,529.469088
844.070826,517.929044,668.184069,538.480341,643.265621,325.217649,819.152378,304.666352
666.838991,330.251493,851.855121,337.039925,843.659331,560.413057,658.643201,553.624625
854.791152,562.553571,672.862425,576.649098,655.288781,349.828867,837.217508,335.733340
859.746243,545.654290,682.949303,586.577323,632.991315,370.747293,809.788255,329.824260
865.232093,546.081383,699.355342,607.087809,619.886445,391.011516,785.763195,330.005089
870.491380,559.080439,700.501022,622.551021,617.748238,400.918022,787.738596,337.447440
876.062192,564.317394,684.349287,636.846601,601.580663,418.068345,793.293567,345.539138
885.779491,558.893672,726.168156,641.896947,616.276496,430.580532,775.887831,347.577257
888.530029,575.481399,720.977447,641.851048,634.605986,423.803168,802.158567,357.433519
901.868557,579.547258,732.945597,659.016193,629.527120,439.184944,798.450080,359.716009
914.679310,574.740277,745.237487,668.140795,626.593586,452.903885,796.035409,359.503368
917.027453,571.329291,729.622114,660.598536,627.922974,447.098783,815.328313,357.829538
924.596604,560.372152,727.033950,661.183120,626.222981,463.620466,823.785635,362.809497
945.586846,538.923146,796.827243,699.900599,618.602205,535.202466,767.361809,374.225013
962.853789,481.638107,900.825010,673.588585,664.002992,597.059573,726.031770,405.109095
894.351041,382.380494,946.430133,580.983439,697.547962,646.247111,645.468870,447.644167
904.779152,380.329809,956.292320,574.743316,696.232695,643.650541,644.719526,449.237035
937.693628,400.835335,964.425358,594.209949,684.816118,632.862585,658.084388,439.487971
920.941961,384.742762,973.266400,561.645888,690.221398,645.364989,637.896959,468.461863
937.347207,396.410378,977.943676,559.093457,680.982499,633.198123,640.386030,470.515044
963.805371,415.009679,984.318385,584.397126,674.209060,621.951720,653.696047,452.564274
960.461686,412.689654,990.946645,574.729800,672.010484,634.731943,641.525524,472.691796
960.108000,411.581992,995.154466,572.662482,670.395414,643.320681,635.348948,482.240191
961.963691,414.196051,998.671124,568.766990,668.570475,647.159135,631.863042,492.588197
955.940579,406.290768,1003.658074,562.133468,671.534287,663.826491,623.816792,507.983791
971.505726,420.529288,1005.084969,580.208640,669.487689,650.781965,635.908445,491.102613
970.785331,421.982349,1005.849799,577.889979,669.841977,653.459952,634.777509,497.552322
980.432757,414.898357,1018.308608,576.498182,674.257366,657.137090,636.381515,495.537264
972.512751,395.817181,1017.150481,547.842063,668.541699,650.200995,623.903969,498.176112
1001.525079,407.771800,1033.247727,581.762926,657.647835,650.243564,625.925187,476.252438
1014.939312,399.510648,1048.312474,576.087672,655.286196,650.369870,621.913034,473.792847
1018.476178,398.307977,1053.725600,566.848813,646.902892,651.933625,611.653470,483.392789
