1.973746
0.036481
0.035031
0.034756
0.034747
0.034724
0.034758
0.034727
0.034679
0.034668
0.045139
0.034688
0.034642
0.034682
0.034811
0.034755
0.034685
0.034817
0.034682
0.034629
0.045007
0.034682
0.034715
0.034671
0.034742
0.034678
0.034712
0.034675
0.034681
0.034781
0.045110
0.034843
0.034827
0.034724
0.034655
0.034743
0.034765
0.034704
0.034754
0.034692
0.045124
0.034806
0.034852
0.034773
0.034734
0.034917
0.034814
0.034697
0.034689
0.034709
0.045042
0.034695
0.034695
0.034662
0.034686
0.034645
0.034638
0.034667
0.034620
0.034954
0.045102
0.034781
0.034753
0.034729
0.034717
0.034748
0.034735
0.034759
0.034694
0.034677
0.045080
0.034846
0.034665
0.034695
0.034687
0.034674
0.034728
0.034705
0.034756
0.034710
0.045061
0.034767
0.034760
0.034748
0.034730
0.034797
0.034694
0.034783
0.034719
0.034709
0.045025
0.034727
0.034624
0.034753
0.034739
0.034752
0.034683
0.034644
0.034820
0.034834
0.045187
0.034903
0.034809
0.034786
0.034743
0.034758
0.034761
0.036184
0.035007
0.034854
0.045109
0.034913
0.034873
0.034785
0.034761
0.034828
0.034787
0.034724
0.034637
0.034614
0.045072
0.034730
0.034801
0.034705
0.034804
0.034817
0.034724
0.034704
0.034809
0.034776
0.045127
0.034832
0.034749
0.034774
0.034708
0.034732
0.034645
0.034698
0.034734
0.034749
0.045059
0.034782
0.034659
0.034706
0.034830
0.034801
0.034714
0.034755
0.034661
0.034702
0.045081
0.034788
0.034698
0.034722
0.034727
0.034723
0.034807
0.034704
0.034817
0.034833
0.045087
0.034894
0.034743
0.034652
0.034785
0.034793
0.034837
0.035125
0.034822
0.034753
0.045129
0.034895
0.034792
0.034879
0.034710
0.034734
0.034795
0.034797
0.034703
0.034740
0.045071
0.034885
0.034749
0.034808
0.034831
0.034816
0.034804
0.034895
0.034777
0.034778
0.045110
0.034953
0.034740
0.034770
0.034733
0.034733
0.034786
0.034739
0.034743
0.034773
0.045083
0.034877
0.034773
0.034791
0.034920
0.034843
0.034815
0.034787
0.034737
0.034761
0.045229
0.035924
0.034857
0.034819
0.034768
0.034713
0.034764
0.034815
0.034915
0.034836
0.045645
0.034779
0.034839
0.034738
0.034905
0.034781
0.034773
0.034943
0.035287
0.034869
0.045348
0.034878
0.035043
0.034939
0.035076
0.035004
0.035051
0.035002
0.034968
0.034965
0.045271
0.035006
0.034895
0.035118
0.034897
0.034826
0.034977
0.034966
0.034983
0.034981
0.045247
0.035094
0.035115
0.035307
0.035057
0.035013
0.035132
0.035118
0.035187
0.035148
0.045490
0.035189
0.035235
0.035412
0.035363
0.035482
0.035407
0.035475
0.035490
0.035590
0.045892
0.035489
0.035578
0.035481
0.035456
0.035420
0.035223
0.035548
0.035269
0.035292
0.045738
0.035432
0.035331
0.035591
0.035344
0.035279
0.035217
0.035279
0.035214
0.035273
0.045590
0.035370
0.035372
0.035760
0.035473
0.035502
0.035451
0.035497
0.035557
0.035559
0.045743
0.035353
0.035348
0.035312
0.035353
0.035294
0.035401
0.035376
0.035305
0.035353
0.045708
0.035406
0.035396
0.035352
0.035367
0.036275
0.035524
0.035532
0.035260
0.035363
0.045603
0.035345
0.035393
0.035393
0.035117
0.035462
0.035385
0.035428
0.035443
0.035462
0.045778
0.034915
0.035370
0.035437
0.035366
0.034831
0.035422
0.035436
0.035542
0.035537
0.045848
0.035563
0.035468
0.035426
0.035543
0.035374
0.035540
0.035480
0.035496
0.035481
0.045831
0.035546
0.035401
0.035538
0.035484
0.035540
0.035588
0.035529
0.035502
0.035435
0.045799
0.035544
0.035375
0.035427
0.035454
0.035425
0.035452
0.035485
0.035507
0.035578
0.045836
0.035586
0.035543
0.035534
0.035626
0.035668
0.035756
0.035806
0.035902
0.035789
0.046327
0.035966
0.036015
0.036100
0.036161
0.036206
0.036283
0.036304
0.036322
0.036285
0.046737
0.036500
0.036407
0.036575
0.036702
0.036801
0.036741
0.036974
0.037102
0.036982
0.047371
0.037003
0.037169
0.037063
0.037025
0.037062
0.037062
0.036990
0.036906
0.036941
0.047353
0.037134
0.037091
0.037050
0.037019
0.037146
0.037160
0.038068
0.037231
0.037209
0.047503
0.037157
0.037271
0.037131
0.037027
0.037084
0.037316
0.037385
0.037261
0.037168
0.047673
0.037372
0.037278
0.037341
0.037440
0.037670
0.037679
0.037739
0.037407
0.037046
0.047357
0.036905
0.036870
0.037147
0.036916
0.037029
0.036943
0.036728
0.036781
0.036639
0.046981
0.036368
0.036188
0.036249
0.035967
0.036178
0.036136
0.035944
0.036033
0.035912
0.046333
0.036165
0.035934
0.035825
0.035760
0.035621
0.035437
0.035351
0.035390
0.035736
0.045881
0.035646
0.035573
0.035440
0.035646
0.035583
0.035551
0.035599
0.035496
0.035364
0.045741
0.035398
0.035357
0.035477
0.035616
0.035405
0.035398
0.035625
0.035587
0.035593
0.045845
0.035541
0.035594
0.035502
0.035383
0.035490
0.035525
0.035711
0.035513
0.035488
0.045824
0.035591
0.035553
0.035491
0.035408
0.035379
0.035470
0.035345
0.035479
0.035348
0.045788
0.035479
0.035551
0.035933
0.035649
0.035650
0.035612
0.035637
0.035621
0.036242
0.045985
0.035635
0.035547
0.035546
0.035552
0.035620
0.035606
0.035497
0.035560
0.035623
0.046064
0.035789
0.035655
0.035494
0.035573
0.035630
0.035752
0.035717
0.035547
0.035541
0.045944
0.035752
0.035553
0.035651
0.035681
0.035668
0.035585
0.035601
0.035665
0.035714
0.046914
0.035657
0.035659
0.035685
0.035824
0.035576
0.035648
0.035516
0.035730
0.035711
0.047214
0.035825
0.035730
0.035607
0.035462
0.035560
0.035586
0.035647
0.035732
0.035662
0.047029
0.035750
0.035741
0.035900
0.035817
0.035832
0.035887
0.035888
0.035942
0.035809
0.046988
0.035842
0.035830
0.035833
0.035740
0.035844
0.035832
0.035712
0.035835
0.035918
0.047199
0.035951
0.035984
0.035924
0.035933
0.035919
0.035965
0.035927
0.035950
0.035773
0.047076
0.035974
0.035902
0.036034
0.035919
0.035914
0.036149
0.036080
0.035963
0.036068
0.047230
0.035980
0.035939
0.035905
0.036009
0.035899
0.035933
0.036132
0.035966
0.035979
0.047439
0.037588
0.036488
0.036071
0.036097
0.036149
0.036421
0.036025
0.035948
0.036097
0.047243
0.036047
0.036015
0.036098
0.036064
0.036004
0.036113
0.036492
0.036327
0.036208
0.047548
0.036411
0.036203
0.036297
0.036232
0.036038
0.035933
0.036106
0.036106
0.036073
0.047441
0.036200
0.036107
0.035898
0.036050
0.035934
0.036005
0.035989
0.036012
0.036043
0.047263
0.036077
0.035953
0.036132
0.036186
0.036107
0.036039
0.036135
0.036174
0.036250
0.047808
0.036231
0.036663
0.036678
0.036548
0.036904
0.036491
0.036459
0.036742
0.037340
0.047928
0.036695
0.036825
0.036780
0.036445
0.036487
0.036356
0.036368
0.036249
0.036316
0.047746
0.036697
0.036516
0.036674
0.036592
0.036569
0.036449
0.036644
0.036291
0.036193
0.047359
0.036179
0.035948
0.036006
0.036270
0.035886
0.035786
0.035714
0.035423
0.035438
0.046755
0.035417
0.035448
