328.610000,422.320000,337.030000,422.350000,336.930000,449.170000,328.510000,449.140000
328.484981,420.817061,338.519024,421.573287,335.899242,456.334080,325.865199,455.577855
328.573924,419.784192,338.105847,420.548294,335.184281,456.993882,325.652358,456.229780
328.059684,419.450854,337.540679,420.051464,335.163262,457.580403,325.682267,456.979792
327.526240,419.630606,337.286600,420.412980,334.473383,455.508742,324.713023,454.726368
326.985268,421.486986,336.804195,422.185626,334.102788,460.152141,324.283862,459.453502
326.117525,422.605967,336.176687,423.303728,333.655231,459.653882,323.596069,458.956120
324.690448,423.658311,334.510927,424.472430,331.457983,461.299227,321.637503,460.485108
321.903425,423.411167,332.196693,424.040687,329.944408,460.867712,319.651141,460.238191
320.020733,424.332481,330.789728,424.846389,329.102770,460.196785,318.333775,459.682877
319.614098,423.223751,330.246884,423.800880,328.257629,460.450058,317.624843,459.872929
317.481855,423.852212,328.588753,424.486585,326.487391,461.278187,315.380492,460.643813
317.615890,424.306772,327.893468,425.016909,325.399729,461.107942,315.122151,460.397804
317.339361,423.822034,327.964016,424.533320,325.542617,460.702359,314.917962,459.991073
317.867635,424.912642,328.396358,425.531165,326.293381,461.328822,315.764658,460.710299
317.689186,424.321887,328.338711,424.826191,326.650390,460.478946,316.000866,459.974643
318.358895,425.563129,329.111189,426.194821,327.001070,462.112057,316.248776,461.480365
317.778538,425.707921,328.424312,425.946076,327.613573,462.187008,316.967799,461.948854
318.523774,426.140190,329.180815,426.447063,328.133445,462.820007,317.476404,462.513134
318.166796,426.333850,328.944189,426.622226,327.959950,463.405935,317.182557,463.117560
318.214665,426.826836,329.210732,427.120996,328.236327,463.545465,317.240260,463.251305
316.939677,427.596204,327.825808,427.989369,326.495739,464.816921,315.609607,464.423756
318.615813,425.572093,329.393198,425.860744,328.382919,463.581592,317.605534,463.292941
319.817637,425.310794,330.712044,425.691059,329.397649,463.347814,318.503242,462.967549
320.412440,425.961419,331.184635,426.403189,329.657648,463.637516,318.885453,463.195746
319.938990,427.766232,330.832577,428.169318,329.474353,464.875969,318.580766,464.472883
321.064786,428.380314,331.719153,428.769112,330.358360,466.059395,319.703993,465.670597
324.420423,432.153755,334.721987,432.628571,333.103296,467.747536,322.801732,467.272720
325.571102,434.724709,336.436869,435.172730,334.896797,472.523806,324.031029,472.075785
324.638379,435.836086,334.812191,436.412085,332.735915,473.085128,322.562104,472.509129
323.414456,433.795608,334.399737,434.364461,332.456156,471.897505,321.470875,471.328652
321.847397,433.184083,332.371732,433.788321,330.229433,471.101874,319.705098,470.497635
322.522595,432.301185,333.038838,433.104436,330.147132,470.962910,319.630890,470.159658
322.045491,431.181153,332.326686,431.836855,329.917365,469.614270,319.636170,468.958568
320.964556,430.055810,331.948934,430.884931,329.179317,467.577427,318.194939,466.748306
320.070209,430.530449,330.817686,431.383141,327.842741,468.879895,317.095263,468.027203
316.771869,431.384651,327.662663,431.857198,326.039567,469.264710,315.148772,468.792163
316.282023,432.993936,326.922776,433.698649,324.417133,471.532435,313.776381,470.827723
315.214669,435.874284,326.571656,436.640626,323.995441,474.819432,312.638455,474.053089
314.306128,439.227004,325.179071,439.747966,323.343865,478.050380,312.470922,477.529418
313.467147,442.625084,324.952863,443.198098,323.078628,480.765958,311.592913,480.192944
313.744379,443.957947,324.115354,444.596670,321.788578,482.376650,311.417603,481.737927
310.762646,443.261363,321.158602,443.875193,318.917408,481.832523,308.521452,481.218693
309.549428,438.637383,320.548590,439.239402,318.474971,477.125405,307.475809,476.523386
311.102150,435.312101,321.988384,435.827719,320.212365,473.324746,309.326131,472.809127
309.369834,432.569502,320.615949,433.136844,318.781140,469.507259,307.535024,468.939917
306.006681,428.171498,317.242203,428.919850,314.774232,465.973167,303.538711,465.224815
301.699173,423.659418,312.949003,424.147569,311.328758,461.487433,300.078928,460.999282
301.552107,426.071613,312.562313,426.555486,310.931871,463.655093,299.921665,463.171220
301.022976,426.414896,310.967482,426.829023,309.409576,464.239307,299.465070,463.825180
300.218735,427.837251,310.869773,428.308529,309.261281,464.660981,298.610244,464.189703
302.785040,431.382156,313.898521,431.888264,312.169316,469.859327,301.055834,469.353218
303.199177,429.087905,314.322294,429.663917,312.349147,467.766507,301.226031,467.190496
302.005098,428.872549,313.614249,429.479376,311.654703,466.967259,300.045552,466.360432
300.583743,427.735864,311.353188,428.240253,309.604639,465.574329,298.835195,465.069940
300.654202,426.642233,311.772704,427.301329,309.542996,464.914987,298.424494,464.255891
298.254852,427.624520,310.325718,428.227900,308.444593,465.860602,296.373726,465.257222
295.552377,427.108404,307.040595,427.628830,305.343553,465.090411,293.855335,464.569985
294.260501,426.407460,305.993177,427.045274,303.973431,464.198749,292.240755,463.560935
293.894731,425.556802,305.014052,426.245441,302.693642,463.712718,291.574320,463.024080
292.131490,424.864229,303.126051,425.624744,300.546916,462.910648,289.552354,462.150134
289.686806,422.233686,300.663842,423.215235,297.313773,460.680338,286.336737,459.698789
288.420879,420.628473,299.512927,421.639398,295.985443,460.343567,284.893395,459.332642
288.028849,420.424477,298.891675,421.304801,295.761636,459.928179,284.898811,459.047856
287.170098,420.459616,297.792648,421.306428,294.674839,460.416727,284.052289,459.569914
286.865089,422.203084,297.600763,423.072657,294.458444,461.867478,283.722770,460.997906
288.331672,422.572552,299.438759,423.436341,296.396719,462.552606,285.289632,461.688817
288.831036,424.385598,300.166994,425.417334,296.676653,463.766638,285.340695,462.734902
289.902130,424.575132,300.987719,425.599454,297.368448,464.768535,286.282859,463.744213
290.908867,424.570192,302.372287,425.549904,299.099631,463.842603,287.636211,462.862891
290.255688,424.064574,301.589829,425.087513,298.098496,463.771427,286.764355,462.748488
290.896725,424.061245,302.112907,425.058365,298.709693,463.339681,287.493511,462.342561
289.860701,424.100691,301.326384,425.053553,298.123148,463.597762,286.657466,462.644901
289.060455,422.590748,300.519827,423.616712,297.179990,460.920626,285.720617,459.894663
288.320537,419.617148,299.558430,420.329011,297.150212,458.346564,285.912319,457.634700
289.538503,417.716489,300.641950,418.625870,297.478887,457.246558,286.375439,456.337177
286.871674,416.331834,297.738106,416.974447,295.488958,455.006959,284.622526,454.364346
286.608705,413.983187,297.128842,414.335707,295.841737,452.746440,285.321600,452.393920
286.845013,411.771225,297.977257,412.203277,296.474466,450.924126,285.342222,450.492073
285.647481,408.640677,296.769527,409.130178,295.061711,447.933760,283.939665,447.444259
284.209019,405.466703,295.944632,406.047986,294.067570,443.944236,282.331957,443.362953
283.323511,402.129398,295.301092,402.771711,293.229962,441.393301,281.252381,440.750988
283.495059,397.479369,295.347020,398.175653,293.035947,437.514076,281.183986,436.817791
283.163090,394.516923,294.767220,395.255407,292.300370,434.018137,280.696240,433.279654
282.580825,389.344016,294.056085,390.173618,291.249561,428.994176,279.774302,428.164575
280.361876,388.079971,291.600751,388.776163,289.239754,426.890607,278.000879,426.194415
280.532057,387.249955,292.135240,387.961836,289.791967,426.155646,278.188784,425.443765
280.381728,386.176483,291.740879,386.910037,289.259281,425.337805,277.900130,424.604251
279.512176,382.826653,291.351628,383.637527,288.720422,422.055341,276.880970,421.244466
279.075950,380.234085,290.927177,380.985118,288.455025,419.995406,276.603798,419.244373
279.350428,379.728510,290.447576,380.618916,287.341049,419.335632,276.243901,418.445226
280.087855,378.950516,291.417324,380.051227,287.693641,418.378578,276.364173,417.277867
280.798728,378.726339,292.015400,379.717934,288.587930,418.488604,277.371258,417.497008
282.015103,379.968111,293.698133,381.220830,289.496307,420.407660,277.813276,419.154942
281.633195,379.127158,293.081073,380.220816,289.253268,420.288389,277.805390,419.194731
282.444057,382.109780,294.243227,383.426356,289.957352,421.836419,278.158182,420.519844
281.489299,382.914847,293.682614,384.091947,289.935112,422.911481,277.741797,421.734381
281.676707,384.552009,292.482671,385.653704,288.408965,425.610641,277.603000,424.508946
281.457861,386.819439,292.788632,387.879047,289.103039,427.290425,277.772268,426.230817
282.145949,388.419019,293.342460,389.514755,289.592605,427.831704,278.396094,426.735968
280.639187,388.315169,291.965891,389.417395,288.227909,427.829698,276.901204,426.727472
281.381906,387.659440,292.450333,388.855027,288.199359,428.209435,277.130932,427.013849
280.901923,388.499233,291.851094,389.555477,288.106230,428.375265,277.157059,427.319021
279.099991,387.316572,290.573315,388.172533,287.714041,426.498315,276.240717,425.642354
278.045607,388.448220,289.748632,389.497844,286.264773,428.341926,274.561748,427.292302
275.386563,387.413390,287.221189,388.359654,284.060265,427.892340,272.225639,426.946077
273.751261,388.641655,286.746902,389.362629,284.569843,428.604369,271.574201,427.883395
269.871574,387.688569,281.433182,388.200058,279.677844,427.877394,268.116236,427.365905
268.123444,387.338605,279.481995,387.781636,277.877236,428.924831,266.518686,428.481800
266.174848,387.127836,278.410027,387.730241,276.452211,427.494574,264.217032,426.892168
264.931068,386.537969,276.791163,387.078293,274.997745,426.443712,263.137651,425.903387
264.486740,388.251464,275.727861,388.698335,274.119128,429.166371,262.878006,428.719501
263.807262,389.994959,275.530328,390.617473,273.405663,430.628809,261.682597,430.006296
264.311977,389.966411,276.026399,390.734623,273.437860,430.207130,261.723439,429.438918
264.050619,388.736963,275.513578,389.437998,273.021008,430.195184,261.558049,429.494149
263.326244,390.370437,274.790960,391.042112,272.507263,430.022148,261.042547,429.350472
263.542950,390.104102,274.633292,390.837791,271.998684,430.662197,260.908343,429.928509
262.224458,390.253432,273.578607,390.797725,271.679629,430.411089,260.325480,429.866796
261.609742,390.379873,273.595261,390.969243,271.679808,429.922176,259.694290,429.332806
261.793449,389.285232,274.013589,390.140028,271.257307,429.543745,259.037166,428.688948
261.582489,388.548276,273.555206,389.356994,270.977416,427.520033,259.004698,426.711314
261.483062,388.934510,273.702005,389.806259,270.855478,429.704846,258.636536,428.833097
261.519574,389.864683,273.473351,390.855769,270.225962,430.023463,258.272185,429.032377
261.043299,390.178674,272.762884,391.023555,269.868717,431.169368,258.149132,430.324486
261.486093,391.826364,273.308139,392.918619,269.706021,431.906216,257.883975,430.813961
262.511765,394.528513,274.118620,395.222841,271.710631,435.476402,260.103776,434.782074
263.843747,397.434529,274.658817,398.442914,270.883239,438.936550,260.068168,437.928166
264.782299,399.339185,276.115908,400.367998,272.447965,440.774777,261.114357,439.745963
264.040924,399.781381,276.114754,400.894150,272.405522,441.140250,260.331692,440.027480
263.913803,399.883847,275.850489,401.063066,272.011755,439.920788,260.075069,438.741569
264.869287,401.023052,276.189497,402.055424,272.518842,442.305060,261.198632,441.272688
264.333011,400.521060,276.550748,401.409550,273.613293,441.802883,261.395557,440.914393
265.606371,400.209160,277.017327,401.250067,273.397807,440.929073,261.986851,439.888165
264.796713,399.236441,276.113405,400.306687,272.355650,440.040851,261.038958,438.970605
265.454826,399.468693,277.405245,400.558411,273.909066,438.899339,261.958647,437.809621
265.181370,397.704454,277.139932,398.700843,273.880908,437.815307,261.922346,436.818917
264.561396,395.982877,276.532816,396.810580,273.722073,437.463529,261.750652,436.635825
264.878833,396.052813,276.591831,396.842417,273.862548,437.328652,262.149549,436.539048
264.073074,396.530196,276.181958,397.155140,274.085792,437.770355,261.976908,437.145411
263.495603,397.105856,275.857619,397.672585,273.980327,438.621764,261.618311,438.055034
261.854255,398.625421,273.707973,398.991698,272.449889,439.706641,260.596172,439.340363
262.572218,398.527234,274.033555,399.254297,271.448440,440.005718,259.987103,439.278655
261.567325,398.610929,273.422801,399.244552,271.225342,440.360350,259.369867,439.726727
260.999646,398.401183,273.234145,399.017247,271.142093,440.563567,258.907594,439.947502
261.429394,398.688451,273.004147,399.476699,270.166454,441.145811,258.591701,440.357563
260.912189,397.215102,272.343322,398.004152,269.509915,439.052311,258.078781,438.263261
260.029172,396.080704,271.738864,396.917924,268.844994,437.392728,257.135302,436.555508
259.207303,395.571273,270.914875,396.437632,267.882619,437.414133,256.175047,436.547774
257.202057,394.898598,269.672840,395.825854,266.645065,436.546779,254.174282,435.619523
256.860053,393.349839,268.945149,394.231145,266.019960,434.343377,253.934865,433.462070
255.484959,391.174829,267.069579,392.078236,263.966573,431.868887,252.381953,430.965480
252.603403,391.530866,264.440997,392.439254,261.367939,432.485580,249.530346,431.577192
250.930789,390.073744,263.266475,391.059377,260.001565,431.921338,247.665879,430.935704
248.561038,387.405936,260.900782,388.339393,257.672575,431.014341,245.332831,430.080884
244.566697,384.126209,256.647543,384.787985,254.345715,426.808319,242.264869,426.146544
243.486639,381.420747,254.630413,382.520586,250.512410,424.244948,239.368636,423.145109
240.755800,379.943732,252.088622,380.826970,248.869711,422.128808,237.536889,421.245571
238.239923,382.301673,249.827190,383.170466,246.805304,423.474003,235.218037,422.605211
238.893339,387.451742,250.589120,388.579223,246.774874,428.145801,235.079093,427.018319
236.853841,391.686942,248.669955,392.698981,245.127816,434.055381,233.311702,433.043341
235.820603,393.759171,247.890714,394.594162,245.022699,436.052370,232.952588,435.217378
238.460670,396.557132,250.395764,397.583759,246.981113,437.280920,235.046019,436.254293
247.148758,404.809829,257.928369,405.833683,254.588657,440.995747,243.809046,439.971894
250.902945,403.660690,263.612516,404.366739,261.494369,442.495450,248.784799,441.789402
258.058421,405.424803,270.416031,406.128043,268.478533,440.174521,256.120923,439.471281
268.632563,404.442553,279.761345,404.956097,278.131401,440.277885,267.002619,439.764341
275.951852,400.881315,288.405307,401.759419,285.564383,442.050010,273.110927,441.171906
280.628312,400.768989,292.336964,401.620627,289.319201,443.109981,277.610549,442.258342
279.344705,398.793129,291.811847,399.448875,289.607424,441.359691,277.140282,440.703945
276.595366,394.821468,288.778295,395.155253,287.628590,437.118673,275.445661,436.784887
293.098597,427.583206,277.876696,428.590735,275.097307,386.599284,290.319208,385.591756
276.710308,385.096921,289.407197,385.258422,288.880563,426.661323,276.183674,426.499822
270.836507,389.181486,284.246726,389.363851,283.699631,429.594506,270.289413,429.412141
264.194863,397.555580,278.369022,398.680784,275.556012,434.116180,261.381854,432.990976
254.956652,398.182936,267.480875,398.792786,265.475148,439.983565,252.950925,439.373716
243.592707,398.001037,256.574089,398.944549,253.685787,438.683473,240.704405,437.739961
240.883902,392.567029,253.343164,393.575388,250.129021,433.289286,237.669759,432.280927
236.704678,386.318325,248.902089,387.333491,245.511002,428.078034,233.313591,427.062868
231.189809,383.467991,243.006895,384.135745,240.706853,424.839041,228.889767,424.171287
223.770894,383.426825,235.863532,383.817839,234.528986,425.090539,222.436348,424.699526
220.306622,387.076762,232.131168,387.984987,228.932638,429.627956,217.108091,428.719731
216.063781,391.313162,227.874538,392.084811,225.285227,431.716462,213.474470,430.944813
212.268393,390.961530,224.357337,391.788362,221.595365,432.170581,209.506420,431.343749
208.165455,393.921631,219.606544,394.550031,217.421426,434.333818,205.980337,433.705418
202.582066,396.740110,214.942257,397.396437,212.839333,436.999498,200.479142,436.343171
199.392064,397.737863,210.789608,398.483002,208.172960,438.506933,196.775416,437.761795
196.200799,398.328348,207.642030,398.954167,205.366322,440.558641,193.925092,439.932822
192.853435,398.800006,204.146170,399.422799,201.901218,440.129171,190.608482,439.506377
192.219933,398.995504,202.991183,399.516726,200.931720,442.076301,190.160469,441.555079
189.569960,402.474120,200.231898,403.042630,198.054919,443.870048,187.392982,443.301538
188.404448,405.952809,199.506043,406.489987,197.528251,447.364039,186.426657,446.826861
187.171533,405.720003,198.533605,406.362235,196.132212,448.846504,184.770140,448.204272
188.162912,402.813834,198.820961,403.451090,196.271937,446.083287,185.613888,445.446031
189.081248,403.509748,200.143675,404.585243,196.135012,445.817922,185.072585,444.742427
190.611716,404.448749,202.294841,405.598712,198.444965,444.711781,186.761841,443.561819
191.516987,405.242673,202.607029,405.980861,199.922706,446.308288,188.832664,445.570099
196.578873,406.229975,208.021316,407.379110,204.049304,446.930161,192.606861,445.781025
198.785453,401.599895,211.367356,402.732881,207.644691,444.073421,195.062787,442.940436
201.623418,399.065289,214.615669,399.844980,212.165213,440.677767,199.172962,439.898077
203.895644,395.304809,219.362785,396.977195,214.922313,438.045121,199.455172,436.372736
218.383970,435.160229,205.727820,435.210467,205.573757,396.398273,218.229907,396.348035
220.810391,435.411163,207.668784,435.617687,207.023924,394.583691,220.165530,394.377167
209.978006,394.791918,223.640423,395.479100,221.578876,436.466350,207.916460,435.779168
211.623368,400.486862,225.020008,401.117152,223.242591,438.895675,209.845951,438.265386
216.605126,399.038349,230.648548,399.770609,228.411087,442.681065,214.367665,441.948806
220.891285,399.529826,234.788461,400.687510,231.156509,444.286494,217.259333,443.128810
223.442245,397.937044,237.892212,400.089320,231.688591,441.739225,217.238624,439.586948
223.373557,397.617588,236.652557,398.903802,232.602350,440.718524,219.323351,439.432309
221.992709,397.777391,235.178215,399.083119,230.961804,441.661316,217.776298,440.355589
217.885326,396.958101,230.941138,398.303986,226.567011,440.735374,213.511199,439.389489
213.751149,400.123487,227.587442,401.863809,222.332351,443.643990,208.496058,441.903668
212.223690,401.962327,225.243892,403.372580,220.623065,446.034521,207.602862,444.624268
208.874866,404.337772,221.432511,405.055256,219.030499,447.096067,206.472854,446.378583
209.937851,405.089708,222.469362,406.465169,217.669882,450.192145,205.138370,448.816684
207.827198,406.299662,220.667979,407.237720,217.326147,452.983004,204.485365,452.044946
207.395045,406.572054,219.339933,407.511462,215.822615,452.235344,203.877727,451.295936
208.474836,407.211912,220.640956,408.344775,216.602051,451.719637,204.435931,450.586774
208.903228,409.223945,221.368797,409.908923,218.891218,454.997153,206.425649,454.312175
207.545046,407.672420,218.581398,408.014965,217.117015,455.195370,206.080663,454.852824
209.119095,408.518931,220.533850,408.990203,218.660256,454.370814,207.245501,453.899542
213.365686,408.797137,224.941939,409.433854,222.379912,456.014490,210.803659,455.377774
213.518413,406.315932,225.811026,406.860895,223.728055,453.845996,211.435441,453.301033
213.467986,405.479344,225.159796,405.993862,223.052719,453.874605,211.360910,453.360087
214.634342,407.745369,226.426394,408.440115,223.730118,454.204506,211.938066,453.509760
216.752079,407.309267,228.534056,407.997880,225.826558,454.322471,214.044581,453.633859
218.399942,407.232552,230.092584,407.727797,228.146977,453.663175,216.454335,453.167930
219.186929,407.760369,232.107584,408.420356,229.797630,453.642648,216.876975,452.982661
220.138538,409.558498,233.215056,410.279039,230.654835,456.742410,217.578317,456.021869
221.688883,411.192236,233.709011,411.709436,231.652525,459.503755,219.632397,458.986555
221.024598,413.545945,235.462737,414.203933,233.278219,462.138556,218.840079,461.480568
221.718085,416.274034,235.412352,416.949941,232.964066,466.553620,219.269798,465.877713
220.642470,420.131655,235.142430,420.165791,235.026509,469.405238,220.526549,469.371102
235.016596,471.308981,219.344825,471.366047,219.170269,423.428865,234.842040,423.371798
217.040445,425.955532,233.832064,425.995610,233.713372,475.724635,216.921753,475.684557
214.986792,426.718767,232.236845,427.451899,230.181201,475.819695,212.931148,475.086563
212.785533,429.486417,230.329845,430.576188,227.234894,480.402034,209.690582,479.312263
211.846067,432.611512,230.580305,433.783057,227.242504,487.157961,208.508266,485.986415
211.212777,431.003506,228.651795,432.494071,224.180100,484.811127,206.741082,483.320562
210.201056,427.663507,227.589064,429.640164,221.453192,483.615439,204.065184,481.638782
211.323327,427.592612,227.906379,429.036967,223.112350,484.078585,206.529298,482.634231
212.820742,424.730904,228.114258,426.094281,223.094553,482.402227,207.801037,481.038850
211.329573,422.085500,227.180809,423.468538,222.207757,480.465539,206.356520,479.082501
212.867776,422.063541,228.963173,423.464468,223.955605,480.996952,207.860208,479.596026
211.305402,419.473606,227.648443,420.851714,222.605152,480.660290,206.262111,479.282181
212.793700,418.911293,228.648983,420.421921,222.812468,481.680967,206.957185,480.170340
211.252591,418.245286,228.327426,419.555103,223.633915,480.739930,206.559079,479.430113
210.197262,418.598451,226.000615,419.136218,223.910655,480.553794,208.107302,480.016027
212.367901,420.916342,228.287371,421.408750,226.340118,484.363017,210.420649,483.870608
211.755468,422.517318,228.858196,422.994182,227.088499,486.464307,209.985771,485.987442
211.679589,424.654770,231.860779,425.159507,230.287187,488.077332,210.105997,487.572595
216.699614,426.125367,234.551623,427.031685,231.194124,493.165263,213.342115,492.258944
218.437378,427.434312,236.577747,428.361770,233.135845,495.682695,214.995476,494.755236
222.954065,427.670938,241.292279,429.158345,235.838455,496.398466,217.500240,494.911059
222.937623,426.879027,241.707493,428.064862,237.144605,500.288057,218.374735,499.102222
227.012177,428.187934,243.664489,430.065368,235.817777,499.663496,219.165464,497.786062
225.222530,429.468961,246.030769,430.812422,241.368169,503.029248,220.559931,501.685787
226.503142,432.837234,246.509588,434.469442,240.501677,508.110190,220.495231,506.477983
226.502100,436.084944,246.277925,437.450510,241.188088,511.160403,221.412263,509.794837
225.786814,435.484000,244.549496,436.852175,239.076798,511.902905,220.314115,510.534730
224.314643,435.915263,244.344323,436.862872,240.704643,513.795052,220.674963,512.847443
219.371213,438.443710,241.097757,439.334350,237.927076,516.680848,216.200532,515.790207
215.777041,438.603719,239.472118,438.970611,238.216220,520.080680,214.521144,519.713788
235.356127,520.037943,209.481827,520.228269,208.903800,441.647062,234.778100,441.456736
209.525763,441.068476,236.163783,441.073433,236.149287,518.977078,209.511266,518.972121
212.038653,441.507619,241.992763,442.854491,238.424732,522.206606,208.470623,520.859733
207.195807,441.382093,238.657639,442.041914,236.990723,521.524436,205.528891,520.864615
202.805723,444.404572,236.484240,444.908819,235.223624,529.105111,201.545107,528.600865
201.824755,446.598617,234.088613,448.058627,230.314624,531.457655,198.050766,529.997645
205.509681,444.877454,236.408668,447.503960,229.084757,533.664597,198.185770,531.038091
198.410116,446.650306,231.877160,446.988273,231.007207,533.134922,197.540164,532.796955
204.474907,443.081119,231.465517,444.243411,227.840272,528.428411,200.849662,527.266119
233.610065,520.487375,189.646911,523.444570,184.102171,441.013656,228.065325,438.056462
200.918503,430.432186,224.707851,431.126514,222.212024,516.639579,198.422675,515.945251
201.601133,425.287417,224.724351,426.523820,220.136646,512.323130,197.013428,511.086727
200.117836,421.215505,223.309811,422.529457,218.316797,510.658963,195.124822,509.345011
197.259885,416.616272,220.989815,417.293193,218.408073,507.798043,194.678143,507.121123
197.262372,415.608025,220.976190,416.091669,219.173519,504.479538,195.459701,503.995894
198.891579,413.482951,223.258678,415.336571,217.173968,495.324221,192.806869,493.470601
225.446061,506.051433,200.813267,506.410906,199.489751,415.717438,224.122544,415.357964
200.915024,415.237830,225.588430,415.663848,224.060325,504.166281,199.386919,503.740264
227.724159,505.907328,203.466352,505.923750,203.404313,414.283146,227.662120,414.266724
205.842322,415.746188,229.442220,416.195048,227.707990,507.376474,204.108092,506.927614
230.961690,507.385646,206.045253,507.492699,205.656602,417.035201,230.573039,416.928147
205.651757,416.899182,229.271268,417.517532,226.898531,508.150541,203.279019,507.532192
207.696092,416.834169,228.913593,418.008968,223.920699,508.183347,202.703198,507.008548
204.775700,417.661314,228.200661,418.427862,225.355916,505.360496,201.930954,504.593948
203.165518,414.623926,227.638185,415.187991,225.585947,504.226844,201.113280,503.662778
194.410867,422.890504,220.437193,423.396813,218.866600,504.131538,192.840274,503.625228
183.907872,418.306855,207.888925,418.946555,205.547897,506.707003,181.566845,506.067304
180.826184,420.994046,205.256068,421.604101,203.187186,504.453273,178.757302,503.843218
171.868126,422.285505,195.706641,422.320896,195.572769,512.492672,171.734253,512.457280
195.830823,513.609947,170.253362,514.018853,168.774339,421.504634,194.351800,421.095727
191.479170,516.308810,163.796474,516.949264,161.875111,433.901175,189.557808,433.260720
183.294032,515.134926,154.471005,516.294771,150.838283,426.018874,179.661310,424.859029
180.510841,517.391165,150.728109,518.120766,148.497213,427.054338,178.279945,426.324737
148.537436,430.667369,177.703995,430.746500,177.457105,521.746165,148.290546,521.667034
150.955245,432.864414,181.278220,433.657061,178.869793,525.792255,148.546818,524.999608
154.398847,434.810541,183.451503,436.356322,178.593336,527.664671,149.540679,526.118890
154.385621,437.146553,182.381302,438.505534,177.870641,531.427369,149.874960,530.068388
161.078628,439.505367,186.826110,440.824464,182.149313,532.110991,156.401831,530.791895
164.972746,439.825546,189.809872,440.993742,185.482236,533.004004,160.645110,531.835808
170.808251,440.978330,194.966322,441.936943,191.371524,532.529711,167.213453,531.571098
172.785799,438.890645,196.403310,439.581183,193.721453,531.305005,170.103942,530.614467
176.707978,440.689494,201.841454,441.759661,198.002812,531.912350,172.869336,530.842183
179.346417,443.635447,204.898489,444.845948,200.520080,537.268337,174.968007,536.057835
181.055316,446.926541,205.860430,448.311546,200.658964,541.468530,175.853851,540.083524
181.885491,449.386748,206.249819,450.816625,200.627803,546.612733,176.263475,545.182857
182.058185,450.124115,208.570271,451.717015,202.876503,546.483622,176.364416,544.890723
181.800259,450.856279,206.056380,452.307230,200.488778,545.383045,176.232657,543.932094
184.215443,451.688233,209.231587,452.696597,205.395420,547.866709,180.379276,546.858345
182.547861,447.578031,208.462156,448.898537,203.601571,544.285194,177.687276,542.964688
180.097638,444.285611,206.298672,445.607843,201.498397,540.728985,175.297364,539.406753
177.416661,438.239273,202.939013,439.358369,198.686448,536.343306,173.164096,535.224210
170.645483,429.168710,196.718829,430.635717,191.424847,524.726486,165.351501,523.259479
168.102249,422.812544,194.731080,424.500752,188.732554,519.118088,162.103723,517.429880
169.753154,419.634552,195.238799,421.402244,188.639415,516.548651,163.153770,514.780959
168.815505,416.021949,196.240131,418.056623,189.288328,511.757428,161.863702,509.722754
176.987171,417.656315,203.977424,419.445326,197.772980,513.049821,170.782727,511.260809
184.787093,424.733716,211.614877,426.326074,206.307017,515.752022,179.479233,514.159664
192.718279,427.717244,220.176002,428.661608,217.078489,518.722940,189.620765,517.778576
200.065576,426.823291,227.179752,427.589509,224.625693,517.970095,197.511517,517.203877
209.845945,429.187751,237.867830,429.482752,236.861356,525.086830,208.839471,524.791829
219.209844,436.266875,245.680770,436.667514,244.243694,531.617577,217.772767,531.216938
252.737683,533.985277,223.355419,534.415721,221.973034,440.053450,251.355298,439.623007
228.506752,443.026552,258.063894,443.120700,257.760737,538.294697,228.203595,538.200549
234.581067,445.166293,264.393242,445.740698,262.555147,541.139658,232.742972,540.565253
241.350556,441.192895,271.420780,441.882262,269.201018,538.708383,239.130794,538.019016
248.084737,439.826169,278.007582,441.051357,274.062477,537.402917,244.139632,536.177729
251.210112,435.401828,280.045552,436.912801,275.040455,532.430195,246.205015,530.919222
253.529783,430.581573,282.330642,432.055336,277.428124,527.862277,248.627265,526.388514
256.524874,427.221638,284.492244,428.573005,279.875073,524.128187,251.907702,522.776820
259.161381,424.672378,287.049797,425.669904,283.653966,520.609191,255.765550,519.611666
261.502368,421.894827,288.903675,422.812409,285.721423,517.842475,258.320115,516.924893
260.906646,419.817321,289.131759,421.002857,285.254067,513.322498,257.028954,512.136961
260.950788,419.450560,289.943819,421.038017,284.832209,514.395579,255.839177,512.808123
261.566801,420.546570,290.467343,422.494986,283.906351,519.813135,255.005810,517.864719
263.113438,423.507502,292.634424,425.725176,285.212003,524.530108,255.691017,522.312434
262.074813,425.227408,291.875057,427.339542,285.010619,524.190334,255.210375,522.078199
260.136031,424.388112,289.071553,426.434759,282.147790,524.323014,253.212269,522.276367
259.658462,423.069327,288.564285,425.271447,281.048355,523.928278,252.142532,521.726158
257.268835,420.652236,286.673846,422.984975,278.831873,521.835864,249.426861,519.503125
255.030403,419.214923,283.319240,421.616854,274.912481,520.627784,246.623644,518.225853
256.376153,417.061402,285.859412,419.955888,276.150825,518.847654,246.667566,515.953168
259.322622,415.325169,288.185431,418.221969,278.508884,514.636033,249.646075,511.739232
265.516430,412.521702,293.760631,415.452313,283.472317,514.607485,255.228116,511.676875
261.729905,412.685471,290.107316,415.516001,280.351019,513.327505,251.973607,510.496974
259.179158,414.457670,287.917908,417.364824,278.144922,513.975941,249.406172,511.068787
258.800226,413.793190,288.387889,416.716954,278.721566,514.537391,249.133903,511.613627
255.658230,409.044264,285.768506,411.476272,277.986083,507.829156,247.875806,505.397149
254.698178,408.519575,285.702008,410.667212,279.090657,506.110376,248.086827,503.962740
253.523469,402.881437,284.174170,404.214767,279.886600,502.777804,249.235899,501.444475
251.296729,399.522605,282.754401,400.612935,279.397894,497.453221,247.940222,496.362891
249.937434,399.649534,282.087381,400.406376,279.759736,499.282628,247.609789,498.525786
249.430446,398.287926,282.200908,398.443985,281.726729,498.015773,248.956267,497.859714
252.345551,392.721223,284.115464,392.963055,283.351278,493.355979,251.581365,493.114148
253.849622,385.632159,285.853521,386.132698,284.273389,487.164613,252.269490,486.664074
258.336238,382.090689,289.595855,382.552008,288.089508,484.624227,256.829891,484.162908
262.120888,380.349940,291.736306,380.858896,289.960373,484.197804,260.344954,483.688847
261.423026,378.904604,292.290776,379.781690,289.391021,481.834251,258.523271,480.957165
260.399894,377.690663,291.014078,378.504539,288.306696,480.343557,257.692513,479.529682
262.769971,375.548372,291.501978,376.565358,287.898311,478.376601,259.166304,477.359615
265.532626,376.233421,293.644269,377.100113,290.543438,477.677325,262.431795,476.810633
265.567212,379.851356,295.277907,380.970664,291.508807,481.016879,261.798113,479.897571
266.886370,380.904162,296.852848,382.012818,293.187496,481.085663,263.221018,479.977007
268.252791,381.165258,298.042179,383.208440,291.328866,481.087860,261.539477,479.044678
268.957624,384.028598,299.790301,386.666477,291.100817,488.232942,260.268140,485.595062
267.533158,390.909440,297.443263,393.230123,289.465915,496.046112,259.555809,493.725429
266.115734,397.618764,296.764132,400.148259,288.349690,502.101094,257.701291,499.571599
264.788337,401.901637,294.272350,404.734488,284.869693,502.596318,255.385681,499.763466
261.488068,404.588021,291.241870,407.276312,282.112884,508.315264,252.359082,505.626973
259.399366,407.159554,291.056630,409.843492,281.984917,516.845043,250.327653,514.161104
257.742916,408.139838,290.566591,410.937761,281.501320,517.286469,248.677645,514.488546
260.376532,405.256841,293.159765,408.494376,282.670151,514.712052,249.886918,511.474517
263.191652,406.127689,297.289167,409.464699,286.764752,517.003015,252.667237,513.666005
263.164726,406.221856,297.551206,409.380533,287.641631,517.259685,253.255151,514.101008
262.094332,403.662597,296.219549,406.521856,286.898365,517.770061,252.773148,514.910803
261.934327,404.266851,298.505205,407.317747,289.117833,519.843525,252.546955,516.792629
261.906570,404.329827,302.066859,407.015660,294.584896,518.890750,254.424607,516.204917
263.546434,397.458533,303.298300,399.350737,297.796893,514.925605,258.045027,513.033402
265.773475,396.342878,307.575408,398.433250,301.789557,514.135029,259.987624,512.044657
262.192347,402.234450,304.152658,402.934248,302.205945,519.660204,260.245634,518.960405
303.760593,529.933920,260.935236,530.052568,260.583609,403.133784,303.408965,403.015137
306.008751,530.900631,263.770895,531.913527,260.732206,405.199957,302.970063,404.187061
305.738802,534.621636,261.999418,535.697138,258.732329,402.828445,302.471712,401.752943
302.986027,533.085906,256.470738,534.869690,251.313982,400.398218,297.829271,398.614434
301.549498,534.991790,256.607443,536.201481,252.908581,398.782502,297.850636,397.572812
304.246563,538.279107,258.716011,539.498413,254.920058,397.752356,300.450610,396.533050
301.418810,540.691906,255.380100,541.213713,253.754470,397.785425,299.793179,397.263618
297.822906,542.708136,253.812551,542.781496,253.573398,399.307737,297.583754,399.234377
255.145524,401.163165,299.765408,401.838828,297.592688,545.322379,252.972804,544.646716
251.728846,396.740624,296.510119,397.705509,293.345296,544.588084,248.564023,543.623199
251.084961,398.146221,291.748570,398.338168,291.066091,542.919891,250.402481,542.727943
250.120923,398.751076,295.292830,399.719747,292.154336,546.076725,246.982429,545.108053
249.012420,392.846753,295.663814,395.881535,285.785894,547.727250,239.134499,544.692467
249.228543,394.204270,299.869457,398.114669,287.916916,552.903878,237.276002,548.993479
251.270914,406.429693,299.815029,409.094238,291.005714,569.587027,242.461599,566.922482
254.271661,413.846423,304.870979,418.141119,290.748033,584.535029,240.148716,580.240332
253.953515,416.897769,302.774192,421.086024,288.726086,584.838712,239.905409,580.650457
255.899536,421.123910,304.369523,425.989044,288.221421,586.868149,239.751434,582.003016
255.967929,428.653419,304.807857,432.610868,291.286573,599.480623,242.446645,595.523174
256.581454,439.362766,305.213532,443.820325,289.944021,610.411059,241.311944,605.953500
260.588614,440.673690,307.036206,445.699894,288.898167,613.315120,242.450574,608.288916
253.461063,435.826767,304.363698,441.043669,287.435383,606.217524,236.532748,601.000622
246.441822,433.537492,297.548775,437.947571,283.598525,599.612420,232.491573,595.202341
244.302455,426.442264,294.852074,431.341283,279.155216,593.306388,228.605597,588.407369
238.519669,424.667032,290.023127,429.086298,276.235016,589.777087,224.731558,585.357820
229.567811,415.015994,282.870983,418.070602,273.707161,577.980119,220.403988,574.925512
230.256254,399.639720,277.749350,402.109895,269.318538,564.205898,221.825441,561.735724
221.033508,387.118892,275.054900,390.110555,266.192803,550.136188,212.171411,547.144525
223.501233,382.549501,277.223223,384.581778,271.165473,544.714634,217.443482,542.682357
224.439041,383.898470,277.540693,385.473345,272.569027,553.107971,219.467375,551.533095
223.712183,383.702335,278.146270,385.142147,273.657444,554.848416,219.223357,553.408604
230.289296,385.687468,283.908903,387.364716,278.709435,553.585498,225.089827,551.908250
232.281205,386.128398,283.123776,387.944607,277.145420,555.301403,226.302849,553.485193
231.733185,391.843035,282.608315,393.833757,275.945492,564.109700,225.070363,562.118978
235.057657,392.613820,285.381598,394.881342,277.728711,564.724640,227.404771,562.457118
238.678768,392.356896,289.697757,395.647552,278.797460,564.647952,227.778471,561.357296
238.070069,390.404784,289.923932,393.304841,280.513543,561.565334,228.659680,558.665277
236.344447,388.928228,287.576876,391.498751,279.130873,559.833875,227.898443,557.263352
236.978782,385.306800,290.284214,388.321724,280.825628,555.554452,227.520196,552.539528
236.155508,384.630506,289.728386,387.620460,280.348139,555.692237,226.775260,552.702283
235.338475,385.000751,288.129537,387.787857,279.489511,551.440148,226.698449,548.653043
237.377115,382.179339,290.522833,385.632933,279.891182,549.238377,226.745464,545.784783
238.376505,386.241125,291.217257,390.278796,278.781231,553.028315,225.940478,548.990644
245.510165,392.460231,296.373555,396.722540,282.281840,564.883136,231.418450,560.620827
251.899974,403.459547,304.725454,409.092868,286.022830,584.473461,233.197350,578.840141
253.634042,418.348098,304.156140,425.594032,278.718287,602.958843,228.196189,595.712909
256.445380,420.368884,307.252139,427.347922,283.345219,601.388095,232.538461,594.409057
254.699023,417.594366,305.022273,423.528118,284.822264,594.841310,234.499014,588.907557
261.148147,419.907918,312.019188,427.932078,283.600288,608.100350,232.729247,600.076190
257.086180,416.440567,307.283996,423.355636,282.272044,604.922205,232.074228,598.007136
254.153406,412.374478,307.049291,423.418220,269.942320,601.148392,217.046435,590.104650
244.450565,411.732764,298.291386,422.707257,262.295050,599.305151,208.454228,588.330658
233.172717,402.569109,287.628920,409.903651,263.718310,587.430873,209.262108,580.096330
233.760258,392.064466,291.362685,404.525698,255.389694,570.811950,197.787267,558.350718
231.583868,387.441180,290.146412,398.423077,258.467863,567.353492,199.905319,556.371595
230.531289,387.427222,286.822897,397.391290,257.134041,565.117306,200.842433,555.153238
228.352194,387.440546,282.802421,394.877270,260.175793,560.544985,205.725565,553.108261
230.990127,387.695320,282.072234,392.090398,267.836003,557.552005,216.753897,553.156927
232.007294,392.162626,281.682171,395.897757,269.046303,563.946809,219.371426,560.211678
230.558086,396.998508,279.490069,399.579393,270.940890,561.666589,222.008906,559.085705
233.685974,406.518279,279.521714,408.537796,272.277793,572.948603,226.442053,570.929086
226.252083,407.857141,279.048967,410.479710,271.181262,568.870362,218.384377,566.247794
234.995787,409.096482,280.886247,411.174852,273.912158,565.162839,228.021699,563.084468
240.401162,408.994148,291.996358,416.479963,271.266409,559.358967,219.671213,551.873152
246.277830,411.175186,292.018018,414.756908,279.481991,574.847566,233.741803,571.265844
249.537160,414.454057,293.861872,419.151380,278.382058,565.221452,234.057346,560.524129
244.416939,414.253535,291.447921,418.401449,278.496271,565.253293,231.465289,561.105379
244.922754,408.287377,290.210553,412.989502,275.603951,553.670750,230.316152,548.968625
236.920617,404.491519,285.691024,407.438708,277.405530,544.547966,228.635123,541.600777
239.168845,402.591545,284.722451,406.285403,273.567000,543.857294,228.013394,540.163437
236.011926,398.675274,281.020680,402.322053,270.151848,536.465790,225.143094,532.819011
236.062235,396.823594,277.743092,400.851222,265.576301,526.762144,223.895444,522.734516
238.460076,398.667119,276.196900,403.869612,259.006053,528.565203,221.269230,523.362710
230.313199,398.137718,269.735517,402.695323,254.481495,534.639409,215.059176,530.081805
223.949176,396.721230,263.496591,401.307861,248.145419,533.670635,208.598005,529.084005
225.216647,400.140989,261.390198,404.518844,245.570222,535.236903,209.396671,530.859048
223.555953,400.615592,258.793199,403.906920,246.798136,532.327105,211.560890,529.035776
222.475218,404.123948,259.250095,408.246311,244.863888,536.583126,208.089011,532.460763
220.463931,403.849785,257.375930,407.893314,243.347362,535.955350,206.435363,531.911821
220.920652,402.420468,256.037700,406.370851,241.696092,533.861001,206.579045,529.910618
220.242718,399.444673,254.919320,403.009678,242.131800,527.393144,207.455198,523.828138
219.613951,396.423983,252.996708,399.405360,241.998740,522.550644,208.615983,519.569267
219.397977,418.235688,251.679105,421.647615,241.367503,519.208357,209.086376,515.796430
220.354492,421.145011,251.042658,423.996006,242.679740,514.014624,211.991574,511.163629
219.320573,421.822597,251.148699,423.978257,245.033663,514.266206,213.205537,512.110545
218.774362,423.621350,250.227997,424.822516,246.954232,510.549091,215.500596,509.347925
216.912790,422.483520,248.537995,423.471232,245.849226,509.562067,214.224021,508.574356
221.523083,421.231856,252.156716,421.886359,250.415492,503.383385,219.781858,502.728883
253.310952,517.404854,222.238416,518.118435,220.019827,421.511094,251.092364,420.797513
255.502658,514.620119,226.428873,515.697762,222.888046,420.169611,251.961831,419.091968
226.827470,418.144793,257.295535,418.349034,256.662388,512.800037,226.194322,512.595796
259.389058,510.212481,231.050787,511.935846,225.618441,422.608687,253.956712,420.885322
259.840253,512.879028,229.372383,513.110706,228.623886,414.676051,259.091755,414.444374
233.595064,412.662035,262.460683,413.731300,258.866135,510.768913,230.000516,509.699649
236.982399,407.475721,267.320664,408.859166,262.549190,513.495223,232.210925,512.111778
244.090108,407.295959,272.004024,408.871291,266.347153,509.107627,238.433237,507.532296
245.106127,426.055538,274.096363,426.808010,271.870301,512.570792,242.880064,511.818320
273.200500,513.869388,249.711116,513.966087,249.345544,425.164756,272.834929,425.068057
248.130625,415.274693,274.443752,415.597302,273.276868,510.772441,246.963741,510.449832
250.419335,421.594583,277.914793,422.094372,276.280068,512.027432,248.784610,511.527644
252.903871,434.354157,279.482425,435.253053,276.766196,515.566509,250.187643,514.667613
254.841206,421.429860,282.773848,423.683877,275.127867,518.435779,247.195226,516.181761
255.836314,421.559849,282.304572,424.140332,272.599715,523.683995,246.131457,521.103513
255.578717,424.899739,282.876613,427.611845,272.853610,528.495373,245.555715,525.783266
256.027438,426.530128,284.851256,429.721915,273.680003,530.605279,244.856184,527.413492
256.044895,426.840392,285.930310,430.548505,273.368131,531.792972,243.482716,528.084859
259.268777,428.849732,288.922763,434.785305,268.814497,535.245747,239.160511,529.310175
258.656620,432.267461,289.081774,437.549251,271.727318,537.517612,241.302165,532.235821
259.322349,433.345464,286.409758,436.503091,274.568657,538.080876,247.481248,534.923249
255.708223,435.460290,283.258727,437.876459,274.614210,536.446042,247.063705,534.029872
255.066238,437.547964,285.067671,441.356367,272.321179,541.769326,242.319746,537.960923
255.395427,437.973290,282.951765,441.064395,271.570880,542.521820,244.014542,539.430716
256.427193,437.600743,285.975340,441.060438,274.226794,541.401022,244.678647,537.941327
256.311644,435.185122,286.610286,438.661253,275.117769,538.832271,244.819127,535.356140
255.115544,431.697745,285.721694,434.695456,276.055605,533.384673,245.449455,530.386962
258.084294,428.991647,286.193398,431.730159,276.517325,531.048992,248.408221,528.310480
256.116605,423.322930,283.248133,425.066596,276.893437,523.945941,249.761909,522.202274
253.594870,417.174018,283.152032,419.099175,276.639270,519.090425,247.082108,517.165269
255.943470,418.247797,286.141095,419.888925,280.715326,519.725973,250.517700,518.084845
255.633270,417.278984,285.707146,418.844267,280.404353,520.727194,250.330477,519.161911
256.452219,416.972921,285.679643,418.186391,281.264678,524.524467,252.037253,523.310997
256.708525,416.137687,287.194099,417.075641,284.067587,518.694222,253.582013,517.756269
264.459018,413.331531,293.645679,418.408877,278.942533,502.928583,249.755872,497.851238
263.044140,415.555484,292.868483,417.423915,286.567109,518.007974,256.742766,516.139544
263.206804,414.397317,292.661853,416.025229,287.167650,515.436019,257.712601,513.808107
263.051840,412.614012,291.421184,413.840269,287.064056,514.641979,258.694713,513.415721
266.226616,410.812672,295.416476,412.687379,289.011228,512.419403,259.821367,510.544696
266.932138,412.853843,294.076526,414.384316,288.430780,514.516948,261.286392,512.986475
264.880363,413.369180,295.859109,414.770332,291.386200,513.664022,260.407454,512.262870
265.288392,415.488394,295.107909,417.030699,290.292138,510.140618,260.472622,508.598313
266.319515,415.323023,296.947119,417.944449,288.729958,513.950207,258.102355,511.328781
265.270747,416.471314,295.369401,419.043167,287.088032,515.960833,256.989378,513.388980
264.402781,421.282955,292.595328,422.956714,286.383823,527.582387,258.191276,525.908628
261.991930,424.027181,291.016406,426.179463,283.141011,532.382659,254.116536,530.230377
259.994167,429.494666,289.355552,431.254246,283.021063,536.955234,253.659677,535.195653
257.912997,434.219721,287.654331,436.493505,279.251216,546.407130,249.509882,544.133346
253.530353,437.815172,281.967648,440.401749,272.222870,547.537608,243.785574,544.951031
247.137633,442.653473,275.329458,445.149251,266.027011,550.227873,237.835186,547.732094
241.635866,443.626704,270.177229,446.070965,260.900146,554.398408,232.358784,551.954147
238.404177,447.168586,267.706347,449.731765,258.194105,558.475375,228.891934,555.912196
236.209067,450.022542,265.112780,452.252190,256.903619,558.670405,227.999906,556.440757
233.282425,450.919188,262.845574,453.852672,252.195750,561.179754,222.632602,558.246270
233.619194,451.656927,264.343945,454.699178,253.886208,560.315510,223.161456,557.273259
232.033968,452.472024,263.114627,455.720894,252.014319,561.913144,220.933661,558.664274
228.378237,453.403440,259.765594,456.064983,251.060128,558.727797,219.672771,556.066253
229.967010,454.315023,260.280883,456.937337,251.558836,557.763913,221.244963,555.141598
226.886455,454.386470,259.382807,456.053107,254.121461,558.639631,221.625109,556.972993
227.273694,454.867667,258.855179,456.526107,253.465246,559.165934,221.883761,557.507493
225.797767,455.972011,259.741934,456.751895,257.240419,565.629412,223.296252,564.849528
225.381419,458.549977,260.182127,458.859364,259.242067,564.599977,224.441359,564.290590
223.618467,456.741336,259.087092,457.181350,257.758748,564.256444,222.290123,563.816430
232.784386,456.002608,266.811008,463.283510,247.538033,553.353979,213.511412,546.073077
238.305911,455.712075,270.306899,463.510513,249.205242,550.101423,217.204253,542.302984
229.177676,455.914442,263.545976,457.738428,257.780876,566.366804,223.412577,564.542818
233.375832,454.962400,267.467157,458.031178,257.681809,566.737479,223.590484,563.668701
237.582564,457.251067,269.917658,460.520884,259.290753,565.609939,226.955659,562.340122
236.885930,455.409849,267.664931,458.211524,258.102692,563.261593,227.323691,560.459918
235.416868,458.294669,265.644860,458.772617,263.987297,563.605868,233.759304,563.127920
238.254858,458.578977,270.217657,460.275889,264.661102,564.938389,232.698303,563.241477
237.101687,457.700860,271.041209,461.679042,259.106661,563.497606,225.167140,559.519424
237.547738,458.563680,269.748663,460.876179,262.480808,562.079087,230.279883,559.766588
237.898692,456.931194,270.342347,459.585878,261.316420,569.894307,228.872764,567.239623
238.900153,457.751748,272.871007,461.072893,262.126126,570.978596,228.155272,567.657451
239.962502,459.461200,273.026718,462.971197,261.326727,573.185252,228.262510,569.675255
242.024068,458.947824,272.785360,462.245071,261.354907,568.884216,230.593615,565.586969
243.207273,458.389242,275.076598,461.579891,263.941886,572.797334,232.072560,569.606685
245.399251,459.644377,276.884614,462.612967,266.247167,575.435519,234.761804,572.466929
247.543688,460.693262,278.742442,463.594217,268.373071,575.113166,237.174318,572.212211
247.529836,461.007040,280.685847,464.150476,270.100808,575.798266,236.944798,572.654830
244.729729,458.633395,277.448811,462.305311,265.104923,572.297120,232.385840,568.625204
238.173942,457.213250,271.140283,461.171510,258.078025,569.960438,225.111683,566.002178
236.500913,455.706253,267.433723,459.342761,254.626890,568.280049,223.694080,564.643541
241.045572,454.440228,272.951829,457.654056,262.147895,564.913388,230.241638,561.699559
249.723214,447.522411,280.506515,450.607422,269.674699,558.691012,238.891398,555.606001
251.575332,443.570498,284.906319,446.546049,275.503579,551.871969,242.172591,548.896418
249.921698,444.915593,281.055092,447.114320,273.523284,553.762755,242.389890,551.564028
247.265968,449.396915,278.207234,450.637982,273.797485,560.578225,242.856219,559.337158
247.748876,453.557805,280.294942,454.183678,278.116903,567.443988,245.570837,566.818114
244.358561,456.115251,279.566857,456.166404,279.400610,570.593366,244.192313,570.542213
279.193462,570.313847,244.297730,570.397952,244.026914,458.033695,278.922646,457.949590
243.626652,456.980341,278.390325,457.348748,277.167214,572.764142,242.403541,572.395735
250.112245,449.523942,283.555768,456.029089,266.164454,545.439325,232.720931,538.934177
255.729092,444.691464,288.231034,450.810421,272.444124,534.665430,239.942183,528.546472
258.805285,442.972667,290.815411,449.330518,274.676251,530.586991,242.666125,524.229140
285.171722,556.745951,254.167600,557.370736,251.908762,445.278910,282.912884,444.654125
255.596705,441.963291,289.332264,442.950485,286.114743,552.903418,252.379184,551.916224
257.288307,439.853338,292.060311,440.655238,289.473049,552.844159,254.701045,552.042259
260.016325,436.424359,293.802618,437.819945,289.245602,548.142535,255.459309,546.746949
264.003149,435.422558,296.822667,437.331715,290.538359,545.362628,257.718841,543.453471
267.289849,434.199527,300.598615,437.070800,291.281626,545.154348,257.972860,542.283075
265.847130,433.813333,300.612297,437.199514,289.988985,546.266705,255.223818,542.880524
267.784529,432.045801,301.738060,436.126883,288.162213,549.074344,254.208682,544.993261
266.815351,431.053703,300.881632,435.650339,285.272220,551.333755,251.205938,546.737118
269.275514,430.109971,303.018875,434.486851,287.839483,551.511700,254.096122,547.134820
271.641636,429.966214,305.744043,434.429406,290.740121,549.071538,256.637714,544.608346
273.779233,429.683130,307.584938,434.509107,290.848037,551.750171,257.042332,546.924193
271.910051,431.828509,305.025486,436.343997,288.926789,554.407725,255.811353,549.892237
269.916137,432.766909,304.052185,436.965058,289.314004,556.804374,255.177956,552.606226
269.248901,435.576260,302.922650,439.517807,288.749851,560.600013,255.076102,556.658465
268.921132,437.285547,303.072771,441.197857,289.705713,557.882624,255.554074,553.970314
267.521083,435.938912,301.289445,440.118534,286.883089,556.511611,253.114727,552.331990
263.193516,438.051690,297.343959,441.974424,283.859560,559.366573,249.709116,555.443839
257.998043,437.002841,291.874098,441.117266,277.987911,555.448953,244.111856,551.334527
251.807690,434.864386,287.884592,438.481857,276.535664,551.664295,240.458762,548.046824
250.323853,434.131995,283.827685,437.358707,272.980441,549.988612,239.476609,546.761900
243.778895,432.736247,279.731589,435.614323,270.636868,549.224839,234.684173,546.346762
241.619253,432.352777,277.676797,434.559387,270.451232,552.630169,234.393688,550.423560
240.727574,432.376287,274.966043,433.865337,269.643481,556.249651,235.405012,554.760601
239.998321,432.500964,274.123687,433.756017,269.610838,556.462121,235.485472,555.207069
239.967053,434.106801,276.316450,435.244197,272.509656,556.903403,236.160259,555.766007
240.093483,432.481059,277.831176,433.790855,273.561242,556.815736,235.823548,555.505940
243.301635,429.952977,280.137937,431.697837,274.297995,554.986685,237.461693,553.241825
246.055035,431.992694,283.486560,434.257866,276.056797,557.033265,238.625273,554.768093
256.288143,429.982563,292.382510,438.118697,272.889689,524.594785,236.795322,516.458651
250.216766,431.742837,288.147408,434.780515,278.567039,554.407922,240.636398,551.370245
252.736843,434.313975,289.765931,437.087484,280.935984,554.976011,243.906895,552.202502
252.277975,435.303159,287.044665,438.147079,277.544762,554.282618,242.778072,551.438698
252.350547,434.065990,286.320204,437.478429,274.895951,551.202929,240.926295,547.790490
249.005317,437.347289,287.181857,441.193422,275.861162,553.562105,237.684622,549.715971
250.553488,437.275662,289.340051,442.166858,275.119353,554.935200,236.332790,550.044004
251.375503,441.953996,288.855159,447.247026,272.457146,563.360470,234.977490,558.067441
251.739799,443.417531,288.090452,448.820542,270.227438,569.000252,233.876785,563.597241
249.050892,446.283581,286.266492,452.736096,265.328740,573.496921,228.113140,567.044406
250.094088,451.825794,284.300453,457.583160,264.085702,577.685508,229.879337,571.928142
247.666053,457.728587,283.088015,464.065765,261.748537,583.343802,226.326574,577.006623
250.273113,458.760359,286.207735,465.824552,264.005985,578.761935,228.071363,571.697742
251.419389,460.492374,286.211734,466.681498,264.146162,590.723772,229.353817,584.534648
249.341943,459.400241,285.319333,465.398328,264.389837,590.936454,228.412447,584.938367
251.644424,461.691702,287.798742,468.281681,265.557563,590.302503,229.403246,583.712524
250.154769,460.509400,288.872114,467.324077,267.359115,589.549423,228.641769,582.734746
250.973347,461.204771,288.509467,468.041463,266.604148,588.310257,229.068028,581.473565
252.897275,459.661494,290.254105,466.764106,268.221512,582.646517,230.864682,575.543905
256.750729,460.977687,294.408412,468.403265,271.403680,585.068243,233.745997,577.642665
254.826301,461.201456,292.933853,468.398666,271.059980,584.215736,232.952428,577.018526
252.702058,465.978604,291.988257,471.534274,275.748606,586.370857,236.462406,580.815187
251.205459,466.208452,285.394594,469.828087,272.411120,592.463028,238.221985,588.843393
252.045546,467.760347,287.310982,470.542374,277.110219,599.848971,241.844783,597.066945
249.216964,473.421791,285.914147,475.391386,279.020562,603.831525,242.323380,601.861929
249.722222,477.099192,288.296908,479.485691,280.248324,609.580708,241.673639,607.194209
246.709057,480.122123,286.474078,482.625617,278.362756,611.464286,238.597734,608.960792
251.487940,481.619806,286.880083,484.640705,275.620368,616.556873,240.228226,613.535974
248.657134,484.752772,284.324482,487.064548,275.796595,618.637429,240.129248,616.325653
247.076412,490.075175,280.094496,491.007720,276.453130,619.935475,243.435046,619.002930
251.506119,492.734962,284.318521,494.925152,275.856421,621.700340,243.044019,619.510150
249.945544,494.416363,285.935281,497.321135,275.799483,622.902347,239.809745,619.997575
248.442136,498.177703,283.615173,499.971548,277.414711,621.547912,242.241675,619.754068
253.732005,497.688649,287.466120,501.202865,274.767023,623.105692,241.032907,619.591477
252.792153,499.751629,286.607888,503.481671,273.390565,623.306990,239.574831,619.576948
250.293556,499.572055,290.364840,504.641060,275.434317,622.669205,235.363034,617.600200
250.598514,497.133303,287.908792,503.013693,269.547577,619.513133,232.237298,613.632744
245.540982,501.231345,284.551110,507.693031,266.284422,617.971660,227.274294,611.509974
242.754858,495.649171,279.078993,501.227679,259.383447,629.474113,223.059312,623.895606
240.327446,493.065203,276.852585,498.741262,256.080626,632.407728,219.555487,626.731669
238.972333,490.294032,276.407477,495.677902,257.163005,629.488629,219.727861,624.104758
239.429656,490.678221,275.713239,494.969419,260.041037,627.483375,223.757453,623.192177
246.514214,487.312192,283.298948,493.928387,259.728752,624.973999,222.944019,618.357803
244.271460,486.052001,285.512037,492.245984,265.472679,625.671381,224.232101,619.477397
247.291201,488.801333,286.219507,495.679317,263.940818,621.773180,225.012511,614.895195
249.042950,483.674702,288.451538,490.527668,265.751089,621.068618,226.342500,614.215652
248.114037,486.044594,287.792761,492.468144,266.948996,621.221555,227.270272,614.798005
253.218238,487.429268,293.519395,497.622778,262.539117,620.106686,222.237961,609.913175
247.891521,490.322231,289.184023,497.898403,266.455508,621.775908,225.163006,614.199737
252.223398,490.624586,293.914209,501.406756,263.398633,619.399617,221.707822,608.617447
247.218171,491.123051,287.670481,497.802170,267.772272,618.316343,227.319962,611.637224
243.746608,493.184055,286.455547,498.690907,270.662311,621.176921,227.953372,615.670070
242.757622,496.017150,285.734424,500.407993,272.893281,626.094866,229.916479,621.704024
242.444483,500.509148,285.698892,503.208273,277.397810,636.235984,234.143401,633.536859
240.500730,514.833766,284.493897,516.600936,279.692530,636.129541,235.699363,634.362371
241.401435,500.562555,284.980408,501.697513,281.449427,637.276541,237.870454,636.141582
241.471976,501.106808,282.675169,502.140061,279.259107,638.362860,238.055915,637.329607
243.628040,505.637643,283.797826,508.177479,275.755013,635.381802,235.585226,632.841966
242.998239,512.757450,282.232768,515.060814,275.040634,637.568629,235.806105,635.265266
244.254067,514.046783,286.625931,516.913827,278.396454,638.536767,236.024591,635.669724
244.317483,515.787266,285.810462,518.364117,278.327683,638.853342,236.834705,636.276491
243.725656,513.442503,287.400030,517.110423,277.196545,638.604589,233.522172,634.936670
247.963131,514.815816,290.880406,519.497506,277.962410,637.917397,235.045134,633.235707
246.439394,516.017224,289.776825,520.229562,278.288630,638.422556,234.951199,634.210218
248.337069,513.333748,291.381633,518.143961,277.841772,639.306438,234.797208,634.496224
247.876068,512.983093,291.300535,518.180326,276.767530,639.608002,233.343063,634.410769
249.677219,513.941443,290.810937,519.950447,273.255217,640.125427,232.121500,634.116422
249.368221,512.323660,293.134466,518.901634,276.031733,632.693872,232.265488,626.115898
251.383472,509.834909,295.421759,518.226783,272.382253,639.131898,228.343966,630.740025
251.969067,507.966293,295.525121,516.076504,272.112628,641.813791,228.556574,633.703581
252.017452,508.856635,295.106554,517.123732,271.418141,640.590582,228.329039,632.323485
252.228531,510.672734,294.888917,519.016817,270.819445,642.075622,228.159060,633.731538
250.866361,510.772647,293.244517,519.148319,269.244997,640.578036,226.866841,632.202364
251.451770,508.043076,293.011967,515.559224,270.463521,640.239814,228.903324,632.723665
252.996330,504.037472,296.361938,514.363811,266.339063,640.445301,222.973455,630.118961
252.791190,502.585760,296.496670,512.683332,267.918636,636.378085,224.213157,626.280513
251.190885,496.957632,295.066501,506.930673,264.959204,639.385364,221.083588,629.412322
254.850687,491.337051,301.164185,504.301182,264.432481,635.522760,218.118983,622.558629
255.250829,488.754584,300.014465,501.285107,260.457322,642.597762,215.693686,630.067238
250.995856,485.954839,294.880750,495.910543,264.391408,630.308032,220.506513,620.352329
247.513291,479.339925,292.148043,487.071786,270.214803,613.688737,225.580051,605.956875
247.708074,480.347747,292.683748,488.842329,268.833575,615.120183,223.857901,606.625601
242.087342,477.510431,288.170062,481.121136,277.410160,618.447643,231.327439,614.836938
247.758680,477.118279,292.233905,483.211109,271.207669,636.694238,226.732444,630.601408
246.889100,473.934463,294.556337,480.166619,275.260623,627.751721,227.593386,621.519564
248.837999,474.667636,295.405992,476.972552,288.299168,620.557198,241.731174,618.252281
252.748854,476.152827,299.264641,478.510940,291.949676,622.804810,245.433889,620.446696
261.363759,474.066944,304.673804,480.255842,283.786275,626.427246,240.476229,620.238348
261.765498,478.343265,306.365596,484.653382,285.889912,629.376150,241.289814,623.066033
261.828295,478.625038,305.978736,482.531382,293.580341,622.661042,249.429900,618.754698
263.042032,479.520526,311.463660,483.481114,299.955537,624.177918,251.533910,620.217331
264.553447,479.995587,310.119586,485.946783,292.616068,619.964837,247.049929,614.013641
267.563300,479.513640,313.407202,485.050762,297.541215,616.411172,251.697314,610.874050
268.534324,477.031686,314.872771,484.441105,294.461917,612.090411,248.123470,604.680992
270.607449,476.455869,316.936277,484.182648,295.473002,612.873839,249.144173,605.147059
272.547065,475.888773,318.378857,483.820224,293.387303,628.233607,247.555511,620.302156
273.843887,477.477199,321.760461,487.029189,293.104491,630.778909,245.187917,621.226919
274.217823,476.514485,321.227285,485.794435,293.573036,625.882630,246.563574,616.602681
273.015565,480.510295,320.632191,490.310023,292.740657,625.834265,245.124031,616.034537
275.550854,482.632439,321.775272,492.573254,293.317253,624.901979,247.092835,614.961165
274.089421,484.577732,321.624452,495.263762,292.792334,623.518656,245.257303,612.832626
273.775587,488.163767,320.354837,497.629135,295.599257,619.451789,249.020007,609.986420
283.164833,488.725152,330.374747,508.548976,272.954018,645.294935,225.744103,625.471112
275.507221,490.647031,321.582694,501.256808,295.370302,615.090330,249.294829,604.480552
272.253874,491.599641,319.491632,502.195086,295.025786,611.271365,247.788028,600.675920
272.792639,490.725583,320.141707,502.480765,293.996561,607.791623,246.647493,596.036441
271.857222,490.650365,319.850760,503.513797,292.623163,605.100121,244.629624,592.236689
272.244720,490.306587,318.958178,502.966034,292.351883,601.143471,245.638425,588.484025
270.169009,487.142518,318.642672,500.206121,293.344901,594.075755,244.871238,581.012152
270.891723,485.564022,318.488136,500.326900,290.807741,589.570175,243.211328,574.807297
272.962972,483.367971,318.261144,499.456185,288.638400,582.862342,243.340229,566.774128
273.068652,482.514461,319.089168,498.910853,290.456664,579.275038,244.436147,562.878647
274.229056,482.598508,318.627706,501.247483,287.453299,575.466122,243.054649,556.817147
277.719029,481.342044,320.289065,503.787704,284.696661,571.291619,242.126625,548.845959
260.171999,502.993673,297.309908,505.980369,292.384480,567.225340,255.246571,564.238645
281.146577,489.851059,315.618180,513.005340,275.530172,572.687519,241.058569,549.533238
273.957965,500.904844,305.937961,521.736894,264.924862,584.697511,232.944867,563.865461
279.530579,499.522787,306.777649,522.715351,261.552150,575.847138,234.305079,552.654574
279.127477,501.153969,303.391842,519.890197,253.775534,584.145831,229.511169,565.409603
