1.857978
0.034806
0.034241
0.044517
0.044527
0.034180
0.034061
0.034158
0.044383
0.034200
0.044421
0.034065
0.033969
0.034125
0.034345
0.034332
0.034071
0.034119
0.034156
0.034239
0.044526
0.034218
0.034319
0.034079
0.034303
0.034215
0.034109
0.034182
0.034218
0.034429
0.044652
0.034398
0.034325
0.034354
0.034211
0.034125
0.034188
0.034044
0.034218
0.034208
0.044416
0.034319
0.034138
0.034181
0.034469
0.034305
0.034568
0.034416
0.034315
0.034315
0.044620
0.034292
0.034215
0.034429
0.034437
0.034341
0.034339
0.034539
0.033784
0.034384
0.044686
0.034476
0.034540
0.034518
0.034606
0.034575
0.034339
0.044604
0.044844
0.034470
0.044730
0.034555
0.035089
0.034500
0.034563
0.034457
0.034427
0.034849
0.034523
0.034731
0.044746
0.034589
0.034506
0.034537
0.034410
0.034397
0.034487
0.034596
0.035545
0.034737
0.045034
0.034679
0.036183
0.034439
0.034404
0.034368
0.034591
0.034613
0.034651
0.034855
0.045190
0.034733
0.034417
0.034409
0.034610
0.034798
0.034743
0.034910
0.034788
0.034657
0.044765
0.034720
0.034746
0.034710
0.034878
0.034722
0.034667
0.034537
0.034592
0.034585
0.045026
0.035148
0.034770
0.034799
0.034748
0.034553
0.034771
0.034509
0.034634
0.035079
0.044947
0.034760
0.034674
0.034821
0.034809
0.034856
0.034845
0.034734
0.034935
0.034730
