1.858615
0.036129
0.035556
0.035252
0.035124
0.035202
0.035141
0.035186
0.035165
0.035138
0.045782
0.035294
0.035212
0.035146
0.035058
0.035092
0.035200
0.035292
0.035296
0.045632
0.045769
0.035398
0.046019
0.046034
0.045901
0.044907
0.044983
0.045738
0.045735
0.045773
0.046058
0.035591
0.035623
0.035736
0.035677
0.035623
0.046121
0.045987
0.035633
0.045886
0.045993
0.045432
0.046016
0.035567
0.046591
0.045973
0.045348
0.045955
0.045902
0.035490
0.045766
0.039697
0.035944
0.035872
0.035801
0.035976
0.036383
0.036062
0.036124
0.035892
0.046328
0.035988
0.035962
0.035913
0.035971
0.036256
0.036115
0.036271
0.036306
0.036259
0.046872
0.036425
0.036191
0.036061
0.036254
0.036319
0.036072
0.036057
0.036018
0.035954
0.046432
0.036155
0.036215
0.036101
0.036387
0.046474
0.046545
0.036120
0.046353
0.035796
0.046196
0.035766
0.035752
0.035712
0.035566
0.035658
0.035651
0.035703
0.035540
0.035467
0.045774
0.035343
0.035346
0.035356
0.035438
0.035658
0.035899
0.035713
0.035468
0.036020
0.046059
0.035718
0.035462
0.035391
0.045848
0.035435
0.035511
0.035327
0.035340
0.045755
0.045539
0.035547
0.045679
0.035228
0.045689
0.035316
0.045547
0.045676
0.045755
0.035352
0.045656
0.045614
0.045510
0.045644
0.045621
0.035076
0.035085
0.045506
0.045462
0.045535
0.045686
0.045622
0.045879
0.045686
0.045649
0.045638
0.045742
0.035627
0.035415
0.045679
0.045711
0.035159
0.036471
0.035281
0.045619
0.045595
0.045816
0.045701
