520.830000,201.180000,575.500000,199.610000,576.320000,228.220000,521.650000,229.780000
569.986081,192.731268,572.738803,224.021877,511.426123,229.415725,508.673400,198.125115
564.625492,193.383896,565.292765,226.330265,503.407019,227.583656,502.739746,194.637288
541.040839,194.627388,539.343648,229.742648,493.927913,227.547614,495.625104,192.432354
528.830066,196.120794,531.696987,227.160551,486.024201,231.379021,483.157280,200.339264
527.034988,198.960492,526.027449,228.052425,477.119272,226.358592,478.126811,197.266659
500.973966,197.296251,500.912002,226.509727,463.057921,226.429436,463.119885,197.215960
479.669173,185.780926,489.621372,217.457435,451.609560,229.400073,441.657362,197.723564
482.627990,192.492097,478.816955,223.540327,440.510697,218.838401,444.321731,187.790171
473.953644,209.437921,451.733151,227.317731,424.671816,193.686715,446.892309,175.806904
462.081763,206.240132,444.746136,226.079649,408.324337,194.254542,425.659965,174.415026
455.381799,204.618213,440.056548,223.445398,403.040388,193.314396,418.365639,174.487211
441.049290,202.049158,426.158994,220.651810,387.428884,189.650704,402.319179,171.048052
429.072218,204.216343,415.536483,219.193627,375.597059,183.098334,389.132794,168.121050
422.824385,198.504231,409.339370,215.761403,367.089053,182.746365,380.574068,165.489193
408.924352,190.347760,395.939951,215.296126,351.933806,192.393085,364.918207,167.444719
399.513784,202.395562,377.572797,220.412794,343.627286,179.074703,365.568273,161.057470
391.542033,197.549459,363.734669,222.225075,336.763647,191.830979,364.571011,167.155363
376.038276,170.489397,365.869083,210.205565,317.860529,197.913134,328.029722,158.196966
372.841731,188.086407,344.267732,216.839337,306.822055,179.626686,335.396054,150.873756
362.624958,169.931931,353.583172,208.468749,303.003598,196.601406,312.045383,158.064587
347.485514,159.235522,350.185216,208.119364,293.500761,211.249870,290.801059,162.366028
293.487448,151.112834,328.527992,171.358326,295.150288,229.127872,260.109744,208.882380
305.777487,165.310560,313.084774,203.577456,260.186418,213.678705,252.879132,175.411809
292.579262,157.502459,320.065741,186.941430,279.885524,224.456759,252.399045,195.017788
308.413104,196.531201,297.087569,223.652062,253.392849,205.405367,264.718383,178.284506
305.295557,153.655306,314.260120,186.187560,259.689887,201.224893,250.725324,168.692638
259.039277,147.456849,280.423869,165.068276,254.332866,196.749153,232.948274,179.137726
195.196938,91.831760,229.652067,103.948094,211.719893,154.941685,177.264763,142.825351
207.537393,88.748191,236.992656,115.614156,198.517940,157.797002,169.062677,130.931037
191.303595,95.103064,224.518509,102.512213,211.271848,161.896452,178.056935,154.487303
235.825429,178.294023,181.869108,187.333777,169.875772,115.748163,223.832093,106.708409
237.392271,176.566018,200.812487,195.222071,167.127946,129.175239,203.707730,110.519186
246.814031,158.147845,201.975675,196.555302,158.524814,145.829082,203.363170,107.421624
192.438110,127.522668,228.814550,160.281836,190.595520,202.721015,154.219081,169.961847
194.508781,126.408413,223.496477,162.780550,172.288337,203.592175,143.300641,167.220038
187.204451,128.936558,222.259765,154.361368,190.570871,198.053497,155.515558,172.628687
225.369166,151.331454,209.732072,194.506224,160.950189,176.838339,176.587283,133.663569
179.441090,140.248941,219.005440,160.135904,195.803983,206.294313,156.239633,186.407350
193.498152,151.134976,217.795378,186.109350,171.310449,218.403132,147.013223,183.428757
207.506819,139.809486,204.176245,189.993358,143.278963,185.951762,146.609537,135.767891
209.941829,138.338220,204.653586,186.737674,145.629862,180.288597,150.918105,131.889143
223.690376,197.507169,173.585268,213.613594,156.916991,161.760633,207.022099,145.654207
199.624831,145.327040,232.634872,175.193042,195.100573,216.678634,162.090532,186.812633
210.196026,150.267984,230.451536,191.785706,179.195090,216.792508,158.939580,175.274787
229.172587,178.989396,198.380873,212.857935,141.097048,160.778122,171.888763,126.909583
226.306661,176.902509,208.736398,214.568505,158.694431,191.225156,176.264694,153.559160
228.018539,187.085528,212.708865,213.320134,167.041219,186.669961,182.350893,160.435355
203.365446,167.256709,205.810616,203.116149,152.824280,206.729162,150.379109,170.869722
198.055302,178.419644,202.084862,212.714977,136.520255,220.418549,132.490694,186.123216
197.264264,179.306933,198.965767,216.637968,132.303203,219.676366,130.601701,182.345330
177.651896,167.903673,208.386082,209.936128,156.410466,247.940766,125.676280,205.908312
188.958188,165.535318,216.751975,212.003336,156.646603,247.953994,128.852817,201.485976
197.953253,168.844456,220.170126,220.427520,154.982738,248.503789,132.765865,196.920725
190.774085,169.570788,221.242803,221.612238,161.367157,256.667645,130.898438,204.626195
220.588239,233.549500,155.407232,248.459522,138.823636,175.962279,204.004644,161.052257
185.220996,167.332619,228.985977,208.604895,185.257017,254.974935,141.492036,213.702658
187.158944,167.694476,236.294276,202.979373,187.133296,271.437588,137.997964,236.152691
181.880431,166.924568,237.803216,198.494965,202.023432,261.874122,146.100647,230.303725
164.444251,177.690325,212.917979,183.775334,204.312038,252.331034,155.838310,246.246025
224.724072,257.873563,172.944437,262.655753,165.771153,184.986299,217.550789,180.204110
237.190969,232.923829,183.574878,259.901880,151.891353,196.934145,205.507444,169.956094
224.992624,250.197985,174.505315,254.579584,168.308482,183.176104,218.795791,178.794505
245.172367,263.964189,191.143953,280.059877,167.589289,200.993906,221.617702,184.898218
246.317010,271.978123,191.892567,282.609638,174.854883,195.390980,229.279326,184.759465
252.241533,278.457551,197.802765,291.819760,179.986488,219.234736,234.425255,205.872528
267.990515,234.588300,208.176777,271.861113,165.524383,203.414464,225.338121,166.141651
266.818060,249.459851,203.488710,271.774785,177.877251,199.089963,241.206601,176.775028
262.656575,256.156734,214.396770,282.128737,172.615721,204.493398,220.875527,178.521395
279.348917,290.166415,219.580797,303.048489,196.293971,195.006118,256.062092,182.124044
273.942761,256.340837,209.885896,272.410053,192.812354,204.349633,256.869219,188.280417
282.139961,247.241025,238.520388,292.582396,186.377812,242.419888,229.997385,197.078517
219.610840,233.052010,274.694879,238.016396,270.065925,289.378540,214.981886,284.414154
290.520123,262.815096,233.239084,295.835773,195.247552,229.931783,252.528591,196.911106
283.170154,271.862198,222.884551,277.396113,217.897195,223.064644,278.182798,217.530729
289.648948,265.298121,230.304900,293.895315,201.400209,233.913158,260.744257,205.315964
288.135896,264.460418,233.228465,292.861176,199.695040,228.030715,254.602471,199.629957
293.064266,224.765128,299.412077,287.308402,231.718180,294.178973,225.370370,231.635699
252.763801,228.131510,291.918809,245.955019,265.032498,305.019353,225.877490,287.195843
281.021435,213.342205,328.711892,247.874788,279.147478,316.324620,231.457022,281.792036
311.612935,303.769383,260.804533,308.643608,252.587982,222.995160,303.396383,218.120935
268.388880,209.261392,327.100716,225.285868,303.454842,311.921626,244.743006,295.897150
288.216581,226.532874,334.359882,262.644136,288.618950,321.092318,242.475648,284.981056
289.012070,212.121612,337.864123,238.804281,296.594929,314.362122,247.742876,287.679453
281.956321,219.091151,340.597168,241.730762,312.647031,314.126870,254.006183,291.487259
301.729948,214.888325,353.774916,252.085845,300.823152,326.173387,248.778184,288.975867
301.459095,218.733839,344.489489,234.318370,314.663920,316.669641,271.633526,301.085110
308.793743,244.164836,345.605102,276.125537,304.302042,323.697139,267.490684,291.736438
324.499258,259.695099,343.042198,300.645592,291.691580,323.897849,273.148641,282.947357
331.833758,262.042699,349.803430,299.981351,295.343108,325.776526,277.373435,287.837874
333.888863,267.125577,371.694974,301.079557,329.145049,348.456835,291.338938,314.502855
349.655487,271.230368,369.604369,309.757456,307.847713,341.734339,287.898831,303.207251
350.172792,271.716601,375.006635,315.077370,319.971813,346.597247,295.137971,303.236478
351.407515,272.358587,373.412677,303.466470,324.743891,337.893899,302.738730,306.786016
358.320623,259.878078,386.427477,294.162903,333.195776,337.802492,305.088922,303.517667
366.189377,270.976221,394.380495,297.827370,351.005563,343.366868,322.814445,316.515720
365.123921,264.793700,407.315009,295.641839,369.611727,347.208724,327.420640,316.360584
370.585080,272.316729,400.924334,298.416475,361.390896,344.371523,331.051641,318.271777
375.861160,279.911519,396.049536,309.516539,351.179428,340.114548,330.991051,310.509528
399.078707,304.908743,401.800664,341.463792,347.762766,345.487555,345.040809,308.932505
383.264307,296.929867,406.614041,324.821273,370.200261,355.305648,346.850527,327.414242
410.419322,317.639245,397.530863,354.017331,348.093976,336.502247,360.982435,300.124160
362.310008,305.030681,394.174382,307.887554,390.274524,351.384954,358.410150,348.528081
402.201637,340.528514,365.063520,348.854133,355.578638,306.544886,392.716755,298.219267
422.556541,317.330393,409.750876,362.471032,358.226712,347.854466,371.032377,302.713826
399.551097,301.617034,422.808352,336.924030,380.439958,364.832737,357.182702,329.525741
411.106603,359.571552,372.566416,359.909335,372.018661,297.411735,410.558847,297.073953
438.907330,342.471619,419.703949,377.471422,363.608373,346.693401,382.811754,311.693597
441.097076,337.695884,422.884804,376.993286,380.014911,357.125353,398.227183,317.827951
417.887539,322.884618,438.146075,348.583824,388.011558,388.104574,367.753022,362.405368
448.116584,375.093889,404.283650,385.275927,386.210533,307.472469,430.043467,297.290431
454.372034,371.046962,418.090234,392.147331,389.560158,343.090249,425.841958,321.989880
417.756419,323.867884,442.479889,331.084588,427.575825,382.143927,402.852356,374.927223
446.573907,363.574136,411.886927,364.543442,410.857972,327.721878,445.544952,326.752573
407.044245,329.863676,442.758118,340.917573,425.131634,397.866722,389.417760,386.812825
411.931556,323.618244,447.384806,331.126539,432.791218,400.035672,397.337969,392.527377
446.872158,379.336460,409.972616,382.265673,406.618879,340.018372,443.518421,337.089159
446.232674,372.862148,420.891567,389.132258,395.521227,349.617313,420.862333,333.347203
436.672672,377.741397,407.131913,383.146908,398.326162,335.024058,427.866921,329.618548
426.406525,343.946319,463.387379,353.748189,450.987422,400.531197,414.006569,390.729327
447.546489,350.227763,467.201610,377.951651,433.193640,402.061932,413.538520,374.338044
460.393979,359.430966,466.091888,392.189115,422.558032,399.761337,416.860123,367.003188
441.420450,355.525076,468.922113,374.908075,442.398008,412.541929,414.896346,393.158930
445.424533,360.051827,470.103190,373.476532,447.800858,414.474945,423.122201,401.050241
431.128657,372.928845,460.431737,379.712877,449.092713,428.690882,419.789632,421.906851
427.449836,368.194459,462.080850,375.256576,452.393074,422.763225,417.762060,415.701107
442.200011,371.006948,472.665104,379.966376,460.763774,420.434933,430.298681,411.475504
466.178500,419.693340,434.733535,425.556876,426.475034,381.268194,457.919999,375.404658
463.939739,439.789454,437.353417,441.489559,434.446785,396.035524,461.033107,394.335419
449.378756,386.657323,476.879541,410.692056,448.320624,443.369458,420.819839,419.334726
469.067591,396.317664,488.123846,425.304945,451.983859,449.063393,432.927604,420.076112
484.937459,423.420888,461.949269,450.592064,430.306887,423.821008,453.295076,396.649832
469.693897,406.767965,488.724194,426.250238,459.346162,454.946718,440.315866,435.464444
482.849543,415.943100,478.365900,448.968255,442.894438,444.152490,447.378080,411.127335
490.707737,432.823569,471.495666,458.453577,439.926998,434.789929,459.139069,409.159921
475.764901,413.696565,493.098977,440.972270,464.539709,459.122067,447.205633,431.846362
487.888437,419.387915,499.474858,446.483341,466.101224,460.754420,454.514803,433.658995
496.841468,418.791360,508.835953,446.468119,468.516724,463.941566,456.522238,436.264807
504.340398,423.680326,513.767482,450.178359,471.076208,465.366439,461.649124,438.868407
503.145759,424.651991,516.535888,449.532933,479.214476,469.618126,465.824347,444.737184
501.415042,454.136075,466.270218,465.878782,450.992072,420.152720,486.136897,408.410013
495.737059,439.691183,461.134845,448.220854,448.089465,395.299821,482.691679,386.770149
499.285420,445.502026,465.520872,451.696820,455.990420,399.751362,489.754968,393.556568
470.327371,411.079256,505.575783,423.388670,485.667964,480.395361,450.419552,468.085946
464.236129,426.341924,496.334505,444.365642,476.413554,479.842795,444.315178,461.819077
523.157854,452.463977,497.320011,467.631826,478.651889,435.831405,504.489731,420.663555
491.700910,423.249885,520.809467,429.394349,510.598813,477.765921,481.490257,471.621457
513.591814,457.514313,478.725184,459.738508,475.987712,416.825733,510.854342,414.601538
486.160930,424.267716,516.181951,436.303348,497.866859,481.987511,467.845838,469.951879
539.009244,474.505353,501.314139,485.140525,487.887234,437.550455,525.582339,426.915283
503.629895,424.977192,536.587935,440.926967,514.172036,487.246374,481.213996,471.296600
499.615836,426.208356,530.746688,433.581967,519.289230,481.954521,488.158378,474.580910
498.522147,428.126934,534.068431,435.773231,524.069427,482.256833,488.523143,474.610536
523.431727,450.103553,513.212235,481.694841,472.775386,468.613891,482.994878,437.022603
531.337365,442.931104,546.285826,463.878695,512.975723,487.649199,498.027262,466.701609
511.904034,438.886667,541.001983,455.861855,520.591340,490.848675,491.493391,473.873487
523.425640,441.647552,535.041466,469.964455,493.923771,486.831271,482.307945,458.514367
514.534385,430.777459,541.111881,452.872777,507.968904,492.739021,481.391407,470.643703
