1.821200
0.035721
0.035204
0.035048
0.035059
0.035241
0.035154
0.035204
0.035191
0.035233
0.045590
0.035198
0.035232
0.035263
0.035316
0.035316
0.035396
0.035347
0.035293
0.035397
0.045736
0.035571
0.035510
0.035470
0.035503
0.035702
0.035799
0.035769
0.035835
0.035838
0.046258
0.035970
0.036181
0.036001
0.036129
0.036113
0.036204
0.036215
0.037538
0.036457
0.046790
0.036729
0.036383
0.036509
0.036290
0.036444
0.036403
0.036460
0.036736
0.036743
0.047030
0.037006
0.037010
0.037218
0.038110
0.037885
0.037221
0.036916
0.036726
0.036441
0.046548
0.036061
0.035904
0.035987
0.036071
0.036149
0.036219
0.036292
0.036349
0.036343
0.046632
0.036228
0.036078
0.036101
0.036087
0.036043
0.036127
0.036030
0.035936
0.035935
0.046210
0.035997
0.035993
0.035911
0.035857
0.035848
0.035764
0.035743
0.035789
0.035713
0.046342
0.035965
0.035698
0.035746
0.035693
0.035272
0.035748
0.035688
0.035573
0.035617
0.045938
0.035626
0.035676
0.035675
0.035964
0.036103
0.036104
0.036216
0.036227
0.036391
0.046800
0.036430
0.036376
0.036425
0.036379
0.036303
0.036208
0.036250
0.036268
0.036191
0.046431
0.036238
0.036065
0.036169
0.036109
0.036064
0.035866
0.035850
0.035922
0.035787
0.046188
0.035805
0.035697
0.035709
0.035702
0.035661
0.035486
0.035478
0.035533
0.035500
0.045748
0.036770
0.035133
0.035490
0.035227
0.035463
0.035602
0.035428
0.035330
0.035305
0.045673
0.035362
0.035186
0.035151
0.035220
0.035215
