1.851407
0.036016
0.035849
0.035778
0.035621
0.035721
0.035686
0.035808
0.035673
0.035734
0.046185
0.035733
0.035845
0.035596
0.035865
0.035840
0.035983
0.036210
0.036292
0.035998
0.046346
0.036137
0.036013
0.036108
0.036298
0.036225
0.036269
0.036156
0.036179
0.036271
0.046366
0.036570
0.036187
0.036248
0.036359
0.036314
0.036476
0.036349
0.036108
0.036256
0.046683
0.037536
0.038218
0.036383
0.036263
0.036241
0.036627
0.036771
0.037094
0.036522
0.046901
0.036256
0.036412
0.035905
0.035831
0.036156
0.035874
0.036398
0.035741
0.035521
0.045937
0.035614
0.035594
0.035773
0.035731
0.035805
0.046443
0.036012
0.035941
0.035840
0.045949
0.035664
0.035702
0.035591
0.035747
0.035511
0.035478
0.035534
0.035612
0.035444
0.046077
0.035585
0.035747
0.035599
0.035686
0.035638
0.035617
0.035841
0.035876
0.036068
0.046715
0.036306
0.036627
0.036757
0.036897
0.036663
0.036438
0.036429
0.036031
0.036190
0.046138
0.036003
0.035995
0.036296
0.036202
0.036203
0.036201
0.035872
0.036262
0.036160
0.046589
0.036553
0.036691
0.036656
0.036411
0.036556
0.036809
0.036801
0.036809
0.036747
0.046962
0.036274
0.036318
0.036206
0.036024
0.035830
0.035928
0.035911
0.036269
0.036084
0.046580
0.035764
0.036004
0.036103
0.036164
0.036247
0.036180
0.036299
0.036317
0.036596
0.046861
0.036618
0.036571
0.037026
0.037073
0.036735
0.039217
0.038209
0.036405
0.036151
0.046653
0.036047
0.036016
0.035844
0.035881
0.037271
0.035874
0.036163
0.036181
0.036304
0.046762
0.036686
0.036473
0.036105
0.036077
0.036028
0.036004
0.035827
0.035757
0.035886
0.046395
0.036017
0.036085
0.036093
0.036004
0.035901
0.035760
0.035821
0.035751
0.035968
0.046378
0.036571
0.036582
0.036571
0.036640
0.036816
0.036626
0.036722
0.036738
0.036575
0.046789
0.036200
0.036151
0.035927
0.035861
0.035865
0.036358
0.036122
0.036037
0.036092
0.046549
0.036151
0.036007
0.035976
0.035895
0.035874
0.035783
0.035984
0.036083
0.036418
0.046438
0.036021
0.035931
0.035943
0.036017
0.036010
0.036037
0.035942
0.035987
0.035950
0.046332
0.036025
0.036130
0.036122
0.036081
0.036242
0.036143
0.036236
0.036131
0.036248
0.046517
0.036308
0.036255
0.036289
0.036396
0.036324
0.036319
0.036334
0.036348
0.036594
0.046668
0.036475
0.036680
0.036479
0.036523
0.036555
0.036462
0.036412
0.036299
0.036396
0.046726
0.037278
0.036601
0.036360
0.036402
0.036310
0.036321
0.036320
0.036341
0.036227
0.046661
0.036205
0.036036
0.036116
0.036354
0.036116
0.035988
0.036009
0.036084
0.036378
0.046594
0.036276
0.036427
0.036543
0.036182
0.036304
0.036374
0.036464
0.036640
0.036512
0.046716
0.036367
0.036430
0.036479
0.036550
0.036769
0.036572
0.036999
0.036844
0.036849
0.046900
0.036667
0.036433
0.036658
0.036542
0.036615
0.036606
0.036719
0.036599
0.036572
0.046854
0.036433
0.036363
0.036165
0.036089
0.036150
0.036205
0.036160
0.036213
0.036309
0.046603
0.036143
0.036299
0.035939
0.035845
0.035873
0.035921
0.036143
0.036316
0.036197
0.046554
0.036241
0.036174
0.036075
0.036207
0.036128
0.036179
0.036207
0.036095
0.036260
0.046428
0.036108
0.036064
0.036096
0.036061
0.035992
0.035950
0.035838
0.035885
0.036025
0.046323
0.036031
0.036157
0.036108
0.036097
0.036185
0.036086
0.036129
0.036211
0.036228
0.046558
0.036418
0.036279
0.036631
0.036787
0.037215
0.038459
0.037737
0.037910
0.035659
0.048301
0.038146
0.038138
0.037970
0.037779
