232.740000,137.100000,286.570000,137.500000,286.060000,205.330000,232.230000,204.920000
283.375152,209.075005,228.932939,210.165101,227.419630,134.586500,281.861842,133.496404
288.146079,202.962420,239.403088,216.492308,219.378852,144.352681,268.121844,130.822793
290.327469,194.696889,240.336737,214.130999,214.509828,147.695947,264.500560,128.261837
287.241082,196.493965,233.786704,211.335746,214.547358,142.043034,268.001736,127.201253
288.253277,189.435329,234.454062,209.193038,210.227347,143.224953,264.026562,123.467243
301.400339,180.490134,251.766422,219.632143,200.418840,154.520982,250.052758,115.378973
286.574084,189.394541,229.009890,208.497223,204.738247,135.356835,262.302441,116.254153
279.302820,191.416270,220.818667,203.183681,205.081527,124.969934,263.565680,113.202523
283.649349,178.048561,226.483554,197.974676,200.899408,124.576619,258.065202,104.650504
275.035697,176.015947,217.618927,186.107534,205.312113,116.087083,262.728884,105.995496
279.784840,162.026266,221.781187,186.095974,193.479442,117.893876,251.483095,93.824169
276.818018,125.995109,246.066462,172.168595,191.342331,135.722306,222.093887,89.548820
259.969654,165.287668,198.358057,165.894232,197.684838,97.512129,259.296435,96.905566
271.409706,103.746722,248.845693,163.620469,188.306682,140.805744,210.870696,80.931997
238.491520,70.263457,283.641551,123.428645,230.476363,168.578676,185.326332,115.413488
211.419468,76.827081,271.665015,102.637624,246.441075,161.513954,186.195528,135.703411
229.658988,70.883892,280.426353,117.243758,232.486037,169.741829,181.718672,123.381963
242.311225,66.679023,285.960298,124.040944,223.442249,171.613529,179.793176,114.251608
259.844494,73.443818,280.536628,137.242426,203.227727,162.316424,182.535592,98.517816
257.197825,70.440405,282.614769,133.663216,211.577904,162.221580,186.160960,98.998769
254.505577,69.679963,283.166895,131.783707,210.834299,165.165714,182.172980,103.061969
272.587715,77.391988,288.699944,148.599689,200.690425,168.513680,184.578196,97.305979
278.143116,82.064224,289.465852,147.960505,196.877406,163.869666,185.554670,97.973384
268.528631,88.811023,278.683228,162.363363,200.115956,173.210319,189.961359,99.657979
272.685487,86.893646,290.621607,163.648762,207.334141,183.111361,189.398021,106.356245
275.865496,96.773849,285.800806,166.486090,200.403310,178.656844,190.468001,108.944602
279.639885,110.501190,274.160819,177.151362,195.846867,170.713460,201.325933,104.063287
274.424010,100.174673,287.792313,167.325683,210.248884,182.762890,196.880581,115.611879
267.345275,92.148569,289.114835,151.179012,213.113139,179.207320,191.343580,120.176877
266.433281,89.956219,291.010611,143.788199,215.929166,178.067107,191.351836,124.235127
266.567973,87.485488,294.096428,159.764391,218.167075,188.683172,190.638620,116.404269
270.705612,82.552392,295.798568,152.710397,220.302454,179.712600,195.209497,109.554595
254.805099,70.132299,296.672011,128.657195,230.831503,175.757471,188.964591,117.232575
248.277184,63.508416,299.469750,120.229102,240.228145,173.696893,189.035579,116.976208
244.448035,60.645500,293.701481,105.030906,233.547575,171.782287,184.294129,127.396881
245.925754,55.699951,299.230331,103.914448,244.386340,164.548404,191.081763,116.333907
269.195929,51.092418,305.893174,110.077327,234.052580,154.772689,197.355335,95.787780
271.853617,49.788641,308.716227,109.840774,234.917220,155.141813,198.054610,95.089679
275.167829,49.312495,311.135947,109.401350,234.726663,155.138587,198.758544,95.049732
281.795030,48.699713,316.503221,107.147592,235.283441,155.378455,200.575250,96.930576
286.641256,53.580843,316.807382,114.944526,231.535770,156.863688,201.369644,95.500005
285.993163,55.633324,317.985555,115.155906,233.726315,160.443839,201.733923,100.921256
289.182590,60.258491,319.567709,118.204920,231.489138,164.390300,201.104019,106.443872
293.067208,65.894352,320.756740,128.742038,228.139097,169.547663,200.449566,106.699977
292.601539,69.479397,323.289414,132.480968,229.594770,178.119346,198.906895,115.117775
302.562721,79.483518,326.351429,148.063352,225.708295,182.974054,201.919587,114.394219
271.693857,77.174164,324.229365,135.902079,234.705104,215.986694,182.169597,157.258779
223.652075,108.525003,290.666544,116.800004,280.538932,198.817711,213.524463,190.542711
219.120610,115.017857,280.439262,116.359736,278.824815,190.133740,217.506162,188.791861
284.495550,190.595296,223.943791,197.035007,216.254584,124.734400,276.806342,118.294688
284.903081,194.473010,221.792402,195.175067,221.003791,124.283619,284.114469,123.581563
299.447660,161.253637,251.266292,203.355371,207.005495,152.703163,255.186863,110.601430
293.634118,188.461075,228.574010,195.181189,220.973881,121.601306,286.033989,114.881192
295.434360,188.246325,231.747149,193.140691,225.803990,115.806221,289.491201,110.911855
300.326351,178.278262,239.335335,190.941113,223.190200,113.177568,284.181216,100.514717
295.011968,168.153866,234.603663,169.159038,233.435151,98.934384,293.843455,97.929212
297.419465,148.989642,240.222510,159.157831,229.402513,98.294404,286.599469,88.126215
253.483569,80.781900,304.194087,100.862656,280.201496,161.451846,229.490978,141.371091
267.778088,75.582625,309.658609,119.524534,264.251971,162.801073,222.371449,118.859164
267.366146,75.903997,310.345769,112.818530,268.597190,161.426436,225.617568,124.511903
273.467297,80.135978,310.630024,121.672134,258.113044,168.659490,220.950318,127.123333
279.482904,85.368020,314.284836,131.492832,255.287983,176.006932,220.486050,129.882120
282.489610,90.021168,314.288687,139.213752,256.798558,176.376528,224.999481,127.183944
288.373820,92.469380,318.699764,145.072647,254.608428,182.021499,224.282483,129.418233
358.547010,96.077286,365.772510,165.218998,242.773043,178.072781,235.547544,108.931069
262.760875,90.498869,318.409236,121.627357,280.154949,190.014499,224.506588,158.886011
318.660861,145.798888,265.589892,183.432150,228.410044,131.000591,281.481012,93.367329
316.241265,155.906260,255.925498,179.584167,231.703272,117.881831,292.019039,94.203924
317.455740,152.230323,260.761239,180.271295,231.764326,121.644027,288.458827,93.603055
256.606607,95.701942,315.164996,112.591177,297.110986,175.188075,238.552597,158.298840
250.081542,102.874297,308.113163,107.538396,302.067109,182.764571,244.035488,178.100472
306.841902,177.487848,250.954519,181.915530,245.391535,111.698049,301.278917,107.270368
307.253607,178.602411,250.646062,182.509034,245.919530,114.020894,302.527074,110.114270
326.073029,146.222477,290.245184,187.207924,240.327011,143.571446,276.154856,102.585999
318.974463,127.838907,299.806950,176.832303,243.276109,154.715941,262.443622,105.722546
321.950321,134.064837,292.353112,181.291162,239.698474,148.291975,269.295683,101.065650
323.879663,133.864263,291.260562,179.370610,240.462778,142.958591,273.081879,97.452243
322.956356,145.668021,273.942342,177.774935,238.267993,123.314918,287.282008,91.208004
308.408573,95.224380,309.578619,151.214760,251.612108,152.426102,250.442061,96.435722
316.853744,138.106763,260.097149,152.664116,244.731054,92.754378,301.487648,78.197024
324.757053,125.236038,272.452550,151.743707,242.668652,92.974603,294.973155,66.466934
326.602279,118.116629,274.981866,147.412534,241.358156,88.166378,292.978570,58.870473
332.965072,99.370390,289.912302,144.763401,242.025170,99.345094,285.077939,53.952083
330.922649,109.679099,280.560392,144.023844,241.922555,87.366305,292.284811,53.021560
322.785704,126.152957,258.877267,134.270201,250.236330,66.238639,314.144767,58.121395
262.268917,55.404878,325.070324,67.651652,311.871023,135.337613,249.069616,123.090839
266.465672,54.213271,327.552464,71.108673,308.692480,139.298581,247.605688,122.403179
273.736755,53.823271,332.232538,78.930274,296.664283,161.799299,238.168501,136.692296
269.172295,55.835710,331.024345,74.291686,306.416377,156.761085,244.564327,138.305109
345.535140,38.765354,384.082707,112.697146,269.159030,172.617622,230.611463,98.685830
374.926441,56.921992,386.915044,131.408693,262.770543,151.389698,250.781940,76.902998
340.000739,44.509783,382.904547,119.436793,272.485797,182.663457,229.581989,107.736448
371.133491,65.003050,382.440103,142.552936,262.332354,160.064396,251.025741,82.514511
352.671506,118.794557,306.444591,178.102291,241.601468,127.560863,287.828384,68.253129
350.669761,112.811188,315.243985,174.900078,243.220873,133.806177,278.646649,71.717287
318.592234,163.038606,257.114965,167.303115,251.658903,88.648374,313.136172,84.383865
322.729291,151.291770,261.838430,169.634836,242.008089,103.806878,302.898950,85.463812
337.615926,142.449470,291.737466,185.572254,235.733850,125.989839,281.612310,82.867055
326.066014,130.751042,285.427670,179.720331,230.486516,134.126093,271.124859,85.156803
326.870723,152.511668,268.449410,189.226109,224.551709,119.374539,282.973022,82.660098
322.592605,139.577095,267.719699,182.787206,219.228353,121.207612,274.101258,77.997501
319.291311,151.250328,260.419971,180.738712,221.330718,102.699959,280.202058,73.211575
318.281563,144.237663,259.816918,171.182531,223.104535,91.524452,281.569180,64.579584
318.410189,138.799680,259.170664,164.549074,222.857417,81.006154,282.096942,55.256761
310.224045,120.572226,250.953666,133.402795,235.662441,62.765495,294.932819,49.934926
325.362353,108.766636,268.453286,142.745484,228.406786,75.674083,285.315853,41.695235
333.635839,108.662520,279.171513,149.792798,231.261520,86.350836,285.725846,45.220558
340.834921,82.514671,319.919868,147.070502,238.849755,120.805086,259.764808,56.249255
363.186595,57.431018,375.709004,120.799321,254.659298,144.720333,242.136888,81.352031
363.427432,60.608767,378.531405,123.176087,259.315294,151.955279,244.211321,89.387959
360.372937,60.412032,378.859644,122.428838,262.687319,157.058866,244.200612,95.042061
357.217819,62.415272,376.145920,121.865395,261.749471,158.287649,242.821371,98.837527
357.301678,66.068076,375.580942,124.264884,262.824626,159.680958,244.545362,101.484150
351.997820,64.288744,374.049097,125.522570,264.518168,164.966402,242.466891,103.732576
349.351369,65.424066,371.178963,129.495541,262.613409,166.481186,240.785815,102.409712
359.675089,80.312339,366.840672,148.111816,253.518689,160.088577,246.353105,92.289100
359.943330,78.382991,364.482245,149.527413,251.430836,156.739936,246.891920,85.595515
360.483131,84.493518,359.123423,161.218449,245.492827,159.204704,246.852536,82.479772
245.919793,78.132759,318.412143,89.876928,304.632318,174.934620,232.139967,163.190450
311.411453,162.893818,249.478889,175.581128,233.246595,96.343877,295.179159,83.656567
324.806475,154.165722,267.479307,187.294018,225.516799,114.679604,282.843967,81.551308
319.479400,131.771098,274.700284,179.445077,222.747871,130.647322,267.526987,82.973343
318.994114,133.706213,271.392381,180.766854,221.530511,130.331686,269.132243,83.271044
321.311571,131.560069,275.132329,178.808558,223.488632,128.333572,269.667874,81.085083
259.737466,77.489188,316.950802,102.562151,285.836161,173.561834,228.622824,148.488871
252.952871,74.084093,313.478525,82.004337,304.370244,151.608840,243.844590,143.688595
323.167059,146.193431,270.043801,162.152807,244.934383,78.572214,298.057641,62.612838
323.198291,121.101421,264.800022,142.172311,241.622042,77.934215,300.020312,56.863325
329.050291,126.920158,270.512720,147.600901,245.178810,75.892377,303.716380,55.211634
324.479986,128.707977,259.694303,131.743770,256.622795,66.195903,321.408477,63.160110
345.413836,126.988779,287.645752,162.025044,248.801197,97.977821,306.569281,62.941555
305.466835,69.448704,347.582734,125.908357,288.668314,169.855383,246.552414,113.395730
351.263265,86.562036,356.827453,148.029458,267.349561,156.129225,261.785373,94.661803
369.159785,83.384008,381.188441,138.692672,272.174263,162.401327,260.145607,107.092663
372.359256,84.728897,385.505850,141.850141,272.103381,167.949996,258.956788,110.828752
369.556479,85.782383,383.561168,145.222552,273.172283,171.231260,259.167594,111.791091
368.945536,89.203557,382.535266,149.135233,272.226239,174.148214,258.636509,114.216538
364.237546,87.685390,380.242383,146.075920,273.047829,175.457934,257.042992,117.067404
363.637305,84.823825,378.144338,152.270905,270.593588,175.403742,256.086555,107.956662
368.415961,98.002571,369.777643,170.177227,259.172325,172.263959,257.810644,100.089303
369.388710,98.844141,370.937537,174.330857,261.051811,176.585479,259.502984,101.098762
373.838256,106.716288,368.753776,181.543743,251.025247,173.544162,256.109726,98.716707
371.355441,104.074494,369.975914,177.650104,249.767876,175.396229,251.147403,101.820619
340.145627,125.979107,316.037542,198.888368,234.494290,171.925377,258.602375,99.016117
348.012549,142.203344,322.974009,201.328478,228.550286,161.341555,253.588827,102.216421
320.487711,140.761754,281.246542,200.873536,217.231398,159.084239,256.472567,98.972457
317.318124,130.917266,291.433545,184.772277,221.836299,151.321436,247.720878,97.466425
314.620958,123.150795,288.044783,180.270904,222.991325,150.003594,249.567500,92.883484
315.993279,158.818803,255.406492,181.794360,227.128883,107.226007,287.715671,84.250450
316.989041,146.759379,261.457798,173.243609,227.204860,101.423202,282.736103,74.938972
316.048317,144.606822,255.711870,160.091165,236.162886,83.916401,296.499333,68.432057
328.452718,117.740481,275.058356,156.849079,230.888644,96.544858,284.283007,57.436260
316.236049,62.851017,319.171264,126.001590,250.758143,129.181406,247.822928,66.030833
306.786163,61.065603,328.827299,112.613564,265.383654,139.741115,243.342519,88.193154
335.650170,65.774591,349.545930,115.937598,261.100629,140.438017,247.204869,90.275010
362.156916,66.461164,375.272709,112.049456,263.374174,144.242767,250.258381,98.654474
366.106378,76.479994,377.828916,116.962748,261.440998,150.665044,249.718460,110.182289
334.270568,95.887768,343.222354,162.581351,260.836164,173.639440,251.884378,106.945857
338.917522,72.280286,367.392768,122.027432,265.014582,180.628664,236.539336,130.881517
362.951868,93.142694,387.238751,158.572229,272.737064,201.074274,248.450182,135.644739
355.340337,82.887041,373.085693,133.004870,264.209030,171.555126,246.463674,121.437297
321.904698,95.752913,334.748620,148.540968,255.999225,167.701574,243.155303,114.913518
299.554397,91.762750,321.263193,147.795543,255.760068,173.173432,234.051272,117.140638
323.528998,111.943811,297.155623,172.428378,232.982973,144.446871,259.356347,83.962304
323.517237,131.403231,276.125090,181.100422,225.875708,133.181696,273.267854,83.484505
317.655785,111.561249,290.704594,171.556548,229.345766,143.992831,256.296957,83.997532
311.668651,108.972559,292.245779,171.864597,225.820481,151.350554,245.243352,88.458516
301.023923,103.034418,294.877256,162.875816,226.487087,155.851054,232.633754,96.009656
305.696137,125.395808,277.448966,184.538072,211.585990,153.080995,239.833161,93.938731
306.691613,140.333026,258.191046,191.742608,205.105065,141.660501,253.605632,90.250919
225.326820,101.210947,290.877373,105.685948,285.836567,179.524502,220.286014,175.049501
301.515543,164.396440,241.525637,186.873432,213.292343,111.520258,273.282248,89.043266
300.546542,155.674717,242.044700,174.718556,217.922504,100.616222,276.424347,81.572383
296.853762,139.262130,234.472800,148.561590,225.288148,86.950764,287.669109,77.651303
313.530319,105.257317,277.541603,154.070526,220.394431,111.937396,256.383146,63.124186
314.330345,127.808502,248.966353,150.410622,224.519163,79.710793,289.883155,57.108674
309.149188,134.151186,239.317750,138.573929,234.803816,67.302668,304.635254,62.879924
303.896929,65.008820,314.851653,129.163589,244.135602,141.238683,233.180877,77.083914
348.999257,58.221660,362.856822,115.616727,247.340167,143.507270,233.482602,86.112202
350.862107,64.354843,363.721564,118.502444,247.799940,146.032549,234.940483,91.884948
353.329105,72.072718,363.990948,127.843996,247.598715,150.094798,236.936872,94.323520
350.903588,71.677775,367.062160,126.404637,252.633266,160.190742,236.474694,105.463880
351.714805,75.554559,366.533104,125.194701,248.964348,160.290673,234.146048,110.650531
351.231597,80.009168,365.799284,133.336451,248.654105,165.337599,234.086418,112.010316
355.166780,86.000710,364.875567,142.358049,244.769764,163.048907,235.060976,106.691569
353.442572,83.926391,365.008696,144.954633,243.863083,167.914253,232.296959,106.886011
358.649279,90.910474,365.153602,158.593451,241.390442,170.487070,234.886120,102.804092
327.943553,141.365320,281.030723,192.332317,223.510827,139.387837,270.423657,88.420841
323.689166,140.172514,276.732974,192.769736,219.927975,142.057049,266.884166,89.459828
319.147972,143.031313,272.170821,192.037200,216.716790,138.878844,263.693942,89.872957
293.054058,100.892877,299.254801,159.141890,229.187148,166.600755,222.986405,108.351742
309.360912,146.924400,260.092705,193.520311,209.059088,139.559894,258.327295,92.963983
284.427588,97.634243,297.606192,154.512897,225.759471,171.159555,212.580867,114.280901
304.341330,128.231359,267.770609,186.198465,207.310293,148.054809,243.881015,90.087703
294.053955,103.759916,282.403748,171.769274,215.872855,160.372332,227.523062,92.362975
293.022228,165.424499,225.223777,177.730648,211.140073,100.139087,278.938524,87.832938
294.608059,157.974282,228.032552,173.660202,209.578528,95.336076,276.154035,79.650156
220.887994,75.231344,285.478021,76.305498,284.145526,156.429836,219.555499,155.355682
299.219726,134.426022,241.290912,159.624003,207.047502,80.900229,264.976317,55.702248
297.754005,122.272708,241.502058,148.652269,206.440615,73.887023,262.692562,47.507462
298.516670,111.678957,243.458333,142.973698,203.491556,72.658232,258.549893,41.363491
295.919467,111.699538,238.401144,140.470013,202.438051,68.572110,259.956374,39.801635
292.984131,109.514736,232.998417,136.116827,201.756427,65.668489,261.742140,39.066398
293.134037,111.108818,228.199073,134.163572,203.095008,63.456610,268.029972,40.401857
299.114605,100.974370,244.780069,141.487948,199.369245,80.585501,253.703781,40.071923
301.685598,114.166402,240.049016,147.368664,201.548520,75.896458,263.185102,42.694195
301.241674,105.757776,248.402816,149.742064,199.420314,90.898791,252.259171,46.914503
303.739592,111.158881,250.155735,155.079522,200.551247,94.561284,254.135104,50.640643
294.545602,136.204092,223.987128,150.747254,208.005631,73.210470,278.564104,58.667308
276.951623,62.648991,296.235319,131.261459,225.283789,151.202553,206.000094,82.590085
268.373748,67.097252,298.188599,132.024191,231.865382,162.480221,202.050531,97.553282
281.716588,76.380169,294.641759,147.631390,220.325970,161.112482,207.400799,89.861262
299.463467,131.534677,245.984463,175.513263,202.483905,122.615552,255.962910,78.636966
303.721287,140.937645,254.116266,182.861073,205.855576,125.757619,255.460596,83.834191
304.860749,151.224786,248.561087,190.281829,205.065744,127.584478,261.365406,88.527435
305.377038,159.264816,249.043892,195.144553,207.544438,129.988142,263.877584,94.108406
307.883908,156.769736,252.492842,198.798589,206.213880,137.806179,261.604947,95.777326
296.696531,178.508529,226.659915,187.276612,217.294008,112.464771,287.330625,103.696689
245.849806,93.351398,306.434385,121.814316,273.905337,191.053835,213.320758,162.590918
226.136216,98.845236,292.635997,99.015729,292.439119,175.807143,225.939338,175.636651
231.885669,87.066336,296.559463,92.676504,289.786212,170.758279,225.112418,165.148112
300.864159,162.810871,234.994970,171.280330,224.253217,87.738920,290.122406,79.269461
233.919914,74.500179,303.853782,80.990288,296.841480,156.551020,226.907612,150.060910
260.574718,57.532169,317.426831,96.595742,267.007569,169.974632,210.155456,130.911059
236.744471,59.536613,305.161494,68.284061,295.560636,143.375916,227.143613,134.628468
316.464567,115.686983,247.805640,148.383756,214.405710,78.248294,283.064637,45.551520
252.321639,38.364007,318.287405,64.282790,289.900166,136.531010,223.934400,110.612227
250.374789,32.308197,319.341775,52.876517,297.304290,126.769716,228.337304,106.201397
244.460625,30.061018,312.717649,38.366045,303.501095,114.114695,235.244070,105.809668
255.383665,21.437822,323.685182,42.389274,300.784758,117.044421,232.483241,96.092969
245.536858,24.299063,315.057455,30.444247,308.528196,104.309882,239.007599,98.164697
333.068887,83.894591,264.922283,120.292530,228.132968,51.413168,296.279572,15.015228
304.460367,17.562620,326.861382,86.515100,253.946115,110.203529,231.545101,41.251049
337.724874,47.456457,307.072067,116.163200,236.838507,84.829219,267.491314,16.122475
311.176577,22.561746,329.855023,96.891424,252.221803,116.400023,233.543357,42.070345
312.026743,23.616058,335.483101,101.308633,256.997745,125.004342,233.541387,47.311767
303.470256,23.008710,343.168349,96.468300,268.943555,136.579915,229.245462,63.120325
256.430197,32.387309,330.649026,50.384821,309.303140,138.411804,235.084310,120.414292
316.812220,41.127232,329.665174,114.594743,249.769256,128.572331,236.916302,55.104820
326.792210,55.167189,324.485792,133.935513,242.177319,131.525436,244.483737,52.757112
333.380737,66.381519,321.719350,142.524972,236.617843,129.491657,248.279230,53.348203
340.927747,123.334806,271.829296,163.110982,229.371581,89.354209,298.470031,49.578033
333.345398,126.629254,257.933255,160.677431,223.502515,84.417961,298.914658,50.369784
236.460309,50.293521,323.702972,60.395003,312.644507,155.902760,225.401844,145.801278
234.050276,43.536187,319.345880,52.552605,309.251412,148.046596,223.955808,139.030178
327.342271,63.437824,295.361088,132.079766,215.702538,94.965802,247.683721,26.323859
322.095661,61.789833,287.055918,126.533224,210.323010,85.004640,245.362753,20.261248
312.787196,49.891746,285.597956,115.676728,206.489433,82.980807,233.678673,17.195825
310.460809,77.094156,255.956408,123.756055,201.327843,59.946025,255.832244,13.284126
293.982605,100.850666,225.700237,122.084730,200.533939,41.157479,268.816307,19.923415
291.704705,39.684795,279.141941,103.777693,201.555801,88.570136,214.118565,24.477238
204.204098,30.854749,281.251609,37.735744,275.541847,101.668786,198.494335,94.787790
275.470128,112.218472,202.742314,119.038378,195.280535,39.465594,268.008348,32.645688
199.372770,34.794424,274.817095,41.048783,268.632230,115.654837,193.187905,109.400479
268.036393,117.148131,195.440991,122.932950,189.179775,44.359104,261.775177,38.574284
262.049507,119.069545,187.576269,120.009283,186.636531,45.536045,261.109769,44.596307
188.106659,46.939693,261.755184,52.516615,256.370570,123.625535,182.722045,118.048614
188.072639,48.400831,260.066703,55.179650,253.897216,120.702338,181.903152,113.923519
183.925315,50.680007,258.756050,59.893733,250.718544,125.171609,175.887809,115.957882
253.392350,125.974100,179.776771,136.738584,169.012287,63.123006,242.627865,52.358521
250.783859,126.573226,183.038577,143.693167,164.923291,72.009205,232.668574,54.889265
259.447641,120.503834,199.139543,161.196276,152.186726,91.610009,212.494824,50.917568
258.398034,103.398058,220.441044,160.645238,152.289640,115.458345,190.246630,58.211165
255.668796,111.961063,214.090808,167.457249,147.363252,117.464668,188.941240,61.968483
247.756551,96.319489,224.167587,161.361559,150.400361,134.608222,173.989325,69.566151
243.759051,79.377843,241.821392,149.132185,161.643987,146.904992,163.581645,77.150649
249.714155,75.260848,246.474062,143.269646,166.174516,139.443994,169.414609,71.435195
261.984818,82.746010,237.611496,148.232320,163.749030,120.741481,188.122352,55.255171
272.175550,106.634672,214.822124,154.962557,160.050521,89.962007,217.403948,41.634122
275.897371,92.970407,220.552168,145.238219,163.478121,84.803802,218.823323,32.535990
281.127147,79.369795,231.337787,135.448738,169.457574,80.508755,219.246934,24.429812
272.218012,103.496331,193.653313,120.059537,177.442515,43.166428,256.007214,26.603221
273.067546,103.491443,196.580103,117.093601,182.359665,37.129456,258.847108,23.527298
293.004947,66.170099,237.782255,126.635810,177.953025,71.994409,233.175717,11.528698
277.159643,99.699162,201.274742,108.609651,191.968231,29.352088,267.853132,20.441599
207.939474,19.385597,282.939906,29.084864,273.791734,99.823908,198.791302,90.124641
288.693362,96.728676,210.009572,106.695316,200.042932,28.011526,278.726722,18.044886
220.642662,11.737647,298.813318,29.933332,282.397646,100.456859,204.226989,82.261174
259.884626,5.065946,317.674842,64.496663,256.306166,124.171342,198.515951,64.740625
275.356098,7.908702,319.532602,78.906632,242.555900,126.803263,198.379395,55.805334
261.518363,9.338363,322.595733,57.751262,269.174604,125.146981,208.097234,76.734082
253.275251,13.226744,321.759362,52.294167,282.242888,121.565451,213.758778,82.498029
268.720238,17.532109,329.860900,70.136768,277.256241,131.277430,216.115580,78.672771
243.146568,27.564280,318.706437,50.081897,296.706467,123.904757,221.146597,101.387141
316.227406,126.818040,231.153186,132.904540,225.132844,48.755040,310.207064,42.668540
325.790173,149.604024,240.342630,167.039930,219.684871,65.803168,305.132414,48.367262
332.411619,138.566038,255.209203,170.542254,220.187633,85.987227,297.390049,54.011011
321.194841,155.096038,242.472913,173.473413,221.438569,83.370002,300.160497,64.992627
322.653424,146.127923,251.957066,178.128352,214.969557,96.414380,285.665915,64.413950
319.670190,142.430606,249.792452,180.430322,205.383145,98.765977,275.260883,60.766261
312.598069,128.724395,242.528512,166.082255,201.168025,88.505245,271.237582,51.147385
306.867538,140.485620,227.940816,165.200195,196.979699,66.324961,275.906421,41.610386
303.107132,107.407993,234.696449,145.641522,189.002719,63.882413,257.413402,25.648884
296.894340,100.523191,230.146158,137.610039,182.986339,52.732720,249.734522,15.645873
290.554493,93.559641,223.077152,130.651533,177.153858,47.108158,244.631199,10.016266
283.798273,98.804809,214.898600,129.472521,173.880534,37.319208,242.780208,6.651495
276.947332,97.636271,212.367143,126.786093,171.710811,36.713725,236.291000,7.563902
267.300916,102.103059,199.683661,126.565593,166.753325,35.542365,234.370580,11.079831
264.148337,99.541372,198.670719,126.954199,163.069645,41.918332,228.547262,14.505505
258.954604,105.980257,181.820549,121.178932,165.049598,36.065491,242.183653,20.866817
262.008557,102.448046,185.219908,129.239226,158.131048,51.597370,234.919697,24.806190
263.353782,71.100155,219.335668,130.442050,157.099047,84.276711,201.117161,24.934816
257.792446,59.344851,228.312519,126.628286,157.117256,95.434409,186.597184,28.150974
240.600870,40.289823,245.628795,111.779899,165.825918,117.392467,160.797993,45.902390
254.259475,67.626721,221.677016,132.182751,153.494243,97.769816,186.076702,33.213786
254.275340,81.336298,213.860881,139.432618,151.035791,95.728610,191.450250,37.632290
250.326316,88.635698,208.253333,142.929682,148.788493,96.849748,190.861477,42.555764
249.007114,109.209773,192.390047,155.274803,140.756716,91.813914,197.373784,45.748884
241.853672,121.975074,177.685373,157.155979,139.269443,87.087147,203.437742,51.906242
236.662111,129.906828,175.938069,162.568198,138.161063,92.333162,198.885105,59.671792
242.529267,132.073956,187.923449,175.155961,134.442339,107.369427,189.048157,64.287422
238.659425,112.274699,196.211486,171.328279,132.406468,125.464988,174.854408,66.411408
229.179445,87.072539,217.250638,156.640567,143.729882,144.033988,155.658688,74.465960
212.662787,65.308142,232.858336,128.336550,158.707268,152.096020,138.511718,89.067612
220.006228,56.836520,233.904665,121.979765,159.776145,137.795227,145.877708,72.651983
220.536944,45.497854,235.426249,111.991864,164.449497,127.884942,149.560191,61.390932
246.029931,112.648276,180.669766,141.013949,146.315784,61.855528,211.675948,33.489855
246.813739,104.258468,181.323052,128.349811,152.069279,48.825405,217.559966,24.734063
242.999831,91.727779,173.437793,99.820923,165.444565,31.117677,235.006602,23.024533
250.710183,93.444975,183.641719,113.307809,160.273679,34.403734,227.342143,14.540900
256.357114,88.787740,186.145265,110.736263,161.952007,33.343656,232.163856,11.395133
266.820776,43.923469,230.102880,109.033826,164.992523,72.315929,201.710419,7.205572
262.785139,86.780839,189.338049,105.862803,169.241087,28.508953,242.688177,9.426989
260.586682,91.378880,189.802189,106.165807,173.187664,26.632668,243.972157,11.845741
266.019803,84.033492,199.514819,106.889557,174.001072,32.651435,240.506056,9.795370
269.773525,85.677952,204.706477,111.827423,174.694016,37.148197,239.761064,10.998726
263.318482,86.997411,196.796325,103.834229,178.374865,31.051163,244.897022,14.214345
263.644098,92.996596,194.468955,105.103188,181.546188,31.264551,250.721332,19.157960
271.748733,86.372699,207.393804,116.999072,175.027296,48.987612,239.382226,18.361239
266.040056,95.091604,197.100313,111.132089,180.881600,41.426349,249.821343,25.385864
266.048697,101.577263,196.296777,114.914752,182.811094,44.387811,252.563014,31.050321
268.666915,104.242266,197.702075,124.744777,177.860936,56.069125,248.825776,35.566615
267.077395,110.739562,193.587789,124.870922,180.672030,57.703002,254.161636,43.571642
250.978730,48.709234,265.970707,111.924573,194.951006,128.767412,179.959028,65.552073
259.526999,56.458273,262.967044,121.335885,191.138260,125.144506,187.698214,60.266894
255.253419,56.098634,266.268497,119.682832,193.600842,132.271494,182.585763,68.687295
252.354407,56.106444,265.870076,116.759424,193.382369,132.912297,179.866700,72.259317
264.841950,60.656948,260.435790,129.714441,188.342802,125.114604,192.748962,56.057110
262.313125,55.157732,260.424631,125.822606,188.171782,123.891673,190.060277,53.226799
267.913093,53.881491,256.625360,124.252783,183.055373,112.451972,194.343105,42.080680
277.439760,76.709335,233.001391,138.055027,168.460612,91.302160,212.898980,29.956468
270.940703,46.750955,253.922066,116.758942,179.085942,98.566606,196.104579,28.558619
268.246503,90.687787,206.761922,124.883621,169.457376,57.809532,230.941957,23.613698
267.538902,40.584356,255.695540,109.934508,181.616969,97.283644,193.460331,27.933492
271.650938,52.947744,245.469082,119.358496,173.835011,91.117393,200.016868,24.706640
271.091415,77.372252,221.088574,128.966716,164.856406,74.469238,214.859247,22.874774
273.477565,79.412586,225.744521,128.608425,166.949494,71.561615,214.682539,22.365777
272.208616,82.192866,221.069192,128.157571,166.696308,67.663374,217.835733,21.698668
270.757475,81.631738,216.825064,128.827142,163.044254,67.369279,216.976665,20.173875
265.108976,93.453309,201.801064,123.716073,166.909877,50.725775,230.217789,20.463011
284.311160,74.749140,246.643209,133.038334,164.896170,80.211329,202.564121,21.922136
306.509039,42.686276,301.658342,119.791660,177.580712,111.985941,182.431409,34.880557
296.836247,36.492433,298.882582,112.912957,180.523966,116.082280,178.477631,39.661756
274.237306,18.969413,297.717236,95.751212,179.735447,131.830127,156.255518,55.048328
217.665441,13.216996,287.610525,70.677473,212.520129,162.082982,142.575045,104.622505
213.672916,18.667094,283.206614,69.697745,203.471222,178.344149,133.937524,127.313498
193.475808,35.235288,274.195523,71.175612,217.981172,197.429524,137.261457,161.489201
195.720497,33.822504,271.476341,68.480214,215.033784,191.854018,139.277940,157.196307
213.646224,34.597122,271.860227,77.810313,189.904175,188.216180,131.690172,145.002989
195.870387,42.270518,264.628549,77.345087,202.033934,200.051960,133.275772,164.977391
194.720664,43.645331,263.015537,77.823620,199.620323,204.499593,131.325451,170.321304
199.831402,43.082975,262.072598,79.370517,190.123161,202.779785,127.881965,166.492243
199.459105,49.137046,260.785072,89.452175,187.424755,201.045328,126.098788,160.730199
167.857380,93.452161,227.337979,133.466608,182.160378,200.622123,122.679778,160.607676
