1.823294
0.035545
0.035220
0.035091
0.034891
0.034916
0.034779
0.034911
0.034866
0.034823
0.045406
0.034898
0.034794
0.034776
0.034771
0.034963
0.034851
0.034814
0.034731
0.034922
0.045312
0.034794
0.035064
0.034902
0.034715
0.034749
0.034744
0.034844
0.034735
0.034784
0.045124
0.034739
0.034692
0.034883
0.034781
0.034771
0.034720
0.034689
0.046696
0.034799
0.045264
0.034976
0.035200
0.034971
0.034772
0.034833
0.034972
0.034832
0.034824
0.034790
0.045173
0.034700
0.034775
0.034936
0.034852
0.034929
0.035115
0.034889
0.034821
0.034964
0.045177
0.034763
0.034934
0.034986
0.034864
0.034904
0.035259
0.035259
0.034801
0.034803
0.045529
0.035148
0.035141
0.035005
0.035003
0.034829
0.034825
0.045284
0.034818
0.035046
0.045423
0.035158
0.034958
0.034934
0.034867
0.034868
0.045185
0.034859
0.034930
0.034882
0.045208
0.035123
0.035185
0.035281
0.035051
0.035136
0.035109
0.035301
0.034985
0.034945
0.045215
0.035316
0.034947
0.035157
0.035235
0.035065
0.035184
0.035112
0.035181
0.034846
0.045446
0.035172
0.034997
0.034963
0.034951
0.035086
0.034909
0.035100
0.035077
0.035041
0.045386
0.035063
0.035071
0.035189
0.035111
0.035082
0.035121
0.035179
0.035113
0.035278
0.045535
0.035067
0.035059
0.035028
0.035139
0.035134
0.035003
0.035077
0.035301
0.035172
0.045705
0.035291
0.035220
0.035152
0.035296
0.035430
0.035460
0.035204
0.035393
0.036231
0.045959
0.035568
0.035509
0.035471
0.035406
0.035688
0.035724
0.035640
0.035655
0.035712
0.045917
0.035426
0.035554
0.035534
0.035687
0.035847
0.035768
0.035843
0.035828
0.035854
0.046183
0.035956
0.035716
0.035771
0.035764
0.035647
0.035841
0.035806
0.035856
0.035896
0.046301
0.035769
0.035802
0.035580
0.035902
0.035564
0.035533
0.035553
0.035638
0.035713
0.046356
0.036061
0.036224
0.036116
0.036176
0.036049
0.036053
0.035750
0.035634
0.035926
0.046286
0.035880
0.036114
0.035797
0.035806
0.035520
0.035569
0.035561
0.035781
0.035675
0.046091
0.035838
0.035861
0.035904
0.036097
0.036362
0.036245
0.036123
0.036003
0.035990
0.046415
0.036260
0.036007
0.036143
0.035825
0.036002
0.035903
0.035954
0.036267
0.035846
0.046188
0.035952
0.035852
0.035597
0.035826
0.035855
0.035929
0.036110
0.035817
0.035984
0.046348
0.036170
0.036111
0.035992
0.036411
0.036194
0.036449
0.036273
0.036178
0.036205
0.046536
