292.280000,156.950000,379.950000,156.910000,380.030000,351.580000,292.360000,351.610000
374.429479,343.740811,290.796953,347.481617,282.211495,155.538114,365.844021,151.797308
383.868591,347.189346,290.339139,353.985496,276.119504,158.293104,369.648955,151.496955
387.312320,342.109972,287.710071,349.271451,273.604129,153.085203,373.206378,145.923724
383.965043,344.571198,287.164363,348.980308,278.129300,150.618260,374.929980,146.209149
392.737886,345.676962,288.566169,355.843794,269.503359,160.521824,373.675076,150.354993
391.209349,344.057561,290.326860,355.745458,267.516611,158.861890,368.399099,147.173994
391.169915,344.296344,289.227516,353.583706,270.802588,151.343139,372.744988,142.055777
299.076900,153.920607,431.650589,163.463002,418.052675,352.380509,285.478986,342.838113
303.793464,148.281486,425.299926,160.660489,405.847206,351.599215,284.340744,339.220211
300.108970,169.039432,405.498653,177.241038,392.153667,348.722557,286.763983,340.520950
299.475991,169.739995,404.612908,179.551656,388.787648,349.127329,283.650731,339.315668
284.665162,181.955341,394.626191,183.258394,392.671611,348.199939,282.710582,346.896885
288.265186,171.572862,399.085727,173.256754,396.439611,347.403319,285.619070,345.719427
286.194434,146.914033,399.756537,147.214441,399.225380,348.005405,285.663278,347.704997
297.368288,167.125268,411.234385,174.808211,399.360746,350.783088,285.494650,343.100145
286.596040,170.909977,403.785107,173.305154,400.226558,347.414625,283.037491,345.019448
289.675306,157.632130,408.773057,163.656110,399.402421,348.919277,280.304671,342.895297
288.598918,157.510039,409.996743,164.317497,399.591057,349.882744,278.193232,343.075286
280.177529,164.505746,401.840641,166.941884,398.254105,346.057022,276.590993,343.620884
401.530311,343.464117,275.788818,346.626357,271.403845,172.264820,397.145338,169.102580
397.728284,340.025494,276.334100,349.857177,260.789410,157.923129,382.183595,148.091445
303.771824,156.266725,418.195359,174.417278,389.479558,355.445557,275.056023,337.295004
404.782411,333.173967,283.301665,353.608947,254.352109,181.511223,375.832855,161.076243
422.799694,314.752325,291.766856,365.799223,232.424836,213.473548,363.457675,162.426650
438.095998,271.841642,327.137363,373.222679,207.865555,242.683108,318.824190,141.302071
434.242938,274.666623,305.950934,363.365060,215.140630,232.018484,343.432634,143.320047
439.090874,272.872346,320.987638,370.236377,223.623606,252.133142,341.726842,154.769110
407.745121,322.952771,283.375117,337.327076,263.081981,161.745895,387.451984,147.371590
405.769891,320.168645,257.864777,336.000257,239.425606,163.734302,387.330719,147.902690
286.694088,143.312442,405.992468,146.306174,401.432784,328.006784,282.134403,325.013052
424.709896,283.823654,290.007500,349.936378,218.513508,204.269834,353.215903,138.157110
425.388441,292.430173,293.944836,353.251823,223.114559,200.178258,354.558164,139.356607
256.794971,136.101943,414.647936,160.528979,388.160789,331.694844,230.307824,307.267809
391.493379,322.358893,282.087279,324.501756,278.463892,139.505987,387.869992,137.363124
401.674652,314.193317,288.852982,325.997434,269.572924,141.722040,382.394594,129.917923
434.166637,276.419183,309.731618,351.916327,221.185584,205.974021,345.620604,130.476876
410.560581,165.498564,397.036976,319.883949,216.610683,304.079253,230.134288,149.693869
450.089147,221.765044,350.399716,354.517464,211.400123,250.136766,311.089554,117.384346
405.305904,313.141281,292.645432,315.076023,289.743318,146.085316,402.403790,144.150573
405.806129,309.670008,293.556770,318.892740,278.286344,133.037245,390.535703,123.814513
411.208288,307.850836,294.053367,318.060606,279.881597,155.442581,397.036518,145.232811
411.149718,289.976781,280.843021,325.263671,239.892802,174.043553,370.199500,138.756663
295.843386,142.492104,403.958783,143.114328,402.990880,311.293834,294.875483,310.671610
298.339537,135.183169,404.302863,135.396856,403.957677,306.568383,297.994350,306.354696
332.334060,125.719150,413.230107,206.706336,302.693542,317.118508,221.797495,236.131322
421.916210,236.699792,309.845339,322.696076,233.806520,223.601832,345.877391,137.605548
400.569396,302.733932,303.725318,305.181413,299.856720,152.105290,396.700798,149.657809
317.506777,171.910920,409.197490,179.820659,398.736222,301.089023,307.045508,293.179283
404.072419,299.695820,311.116848,302.010077,307.084430,140.042037,400.040001,137.727780
406.781409,299.001854,312.283427,301.509538,308.065958,142.581112,402.563941,140.073428
407.566887,298.472571,311.211069,303.933058,301.976422,140.978366,398.332239,135.517879
408.942676,298.207874,313.051667,302.320650,306.096237,140.152033,401.987245,136.039257
411.346997,297.457243,312.574693,299.882888,308.624357,139.025137,407.396660,136.599492
410.728438,297.495428,314.860858,302.122260,307.036068,139.993265,402.903648,135.366433
408.253408,295.936720,317.591147,299.420406,311.588488,143.202355,402.250749,139.718670
405.941907,295.855657,319.513804,301.692922,308.673168,141.183589,395.101271,135.346323
405.442459,296.048887,322.640859,301.312772,312.814940,146.749785,395.616540,141.485900
406.828000,294.533958,319.057103,298.297806,313.150756,160.565012,400.921654,156.801164
407.492674,293.489665,324.096745,296.507678,318.571460,143.828977,401.967389,140.810964
411.612967,293.450937,323.822312,296.016156,319.313745,141.717428,407.104401,139.152209
417.849401,295.221549,324.179230,297.501628,320.335668,139.600484,414.005839,137.320405
419.618146,292.430257,330.683060,296.567166,323.537490,142.952018,412.472575,138.815109
422.480024,291.032795,331.190196,299.043507,317.606816,144.247712,408.896644,136.237001
421.948384,288.461459,336.626685,293.980307,327.399860,151.333092,412.721559,145.814243
425.460332,291.221143,337.966052,298.083999,325.981662,145.295480,413.475942,138.432624
424.861580,291.141920,338.333580,295.240186,331.751516,156.270974,418.279516,152.172707
423.802101,291.086106,339.564184,293.532651,335.583984,156.488876,419.821901,154.042330
423.607207,290.029748,343.951779,293.577061,337.645445,151.967412,417.300872,148.420099
425.174853,289.075955,346.310755,292.824283,339.358211,146.544101,418.222309,142.795773
428.723020,289.434512,347.732432,294.777965,338.047423,147.982525,419.038011,142.639072
428.491158,290.162183,348.995844,293.616118,342.745866,149.767454,422.241180,146.313519
432.201841,289.273662,351.755588,292.214812,346.470709,147.662951,426.916962,144.721801
432.804912,288.601103,352.871571,291.866211,346.851527,144.489113,426.784868,141.224004
438.163063,288.276406,353.968118,291.912832,347.672218,146.142480,431.867162,142.506055
438.501935,288.618068,354.234347,290.632695,351.005020,155.556708,435.272607,153.542082
439.162238,285.767604,355.167349,291.904089,345.261309,156.312339,429.256199,150.175854
441.609645,286.814947,356.731919,291.224419,349.382799,149.761541,434.260525,145.352069
360.256712,142.060209,447.329776,143.557586,444.904447,284.591421,357.831384,283.094044
378.242571,140.943807,427.527360,150.529541,399.009802,297.151789,349.725013,287.566055
441.918794,282.645859,362.013171,283.611642,360.355484,146.460202,440.261106,145.494419
367.443592,141.583448,451.300178,144.688733,446.124703,284.449711,362.268117,281.344426
368.455071,140.887436,451.277607,143.835864,446.291295,283.903387,363.468759,280.954959
449.186364,284.315132,366.721663,287.563273,361.146495,146.019383,443.611196,142.771241
367.403352,145.264904,450.955248,145.947899,449.846618,281.568368,366.294722,280.885373
453.228905,281.163607,366.639065,283.631447,362.628826,142.922957,449.218666,140.455117
452.940157,280.740472,368.319909,282.198768,365.910550,142.391403,450.530798,140.933106
455.130941,280.441105,369.660647,285.273087,361.698086,144.427673,447.168380,139.595691
456.324758,282.162019,372.347399,285.313137,367.035514,143.751304,451.012873,140.600186
456.745389,280.254542,370.609993,282.373592,367.118037,140.432164,453.253434,138.313114
458.308331,282.343670,375.657717,284.218465,372.447841,142.710595,455.098456,140.835800
458.357696,282.009723,376.000914,286.453122,368.144469,140.836782,450.501252,136.393384
380.247945,140.367325,458.743187,141.231614,457.190168,282.277752,378.694926,281.413463
459.980709,282.490012,379.457290,285.313825,374.432563,142.029506,454.955982,139.205693
461.367231,282.713408,381.195024,286.475292,374.345027,140.490080,454.517234,136.728196
465.363157,281.918948,383.335125,286.909247,374.620723,143.666266,456.648754,138.675968
466.071470,282.437286,385.373026,286.093994,378.890680,143.037661,459.589124,139.380954
469.280908,282.365276,385.546351,287.851065,376.005848,142.225749,459.740405,136.739960
470.365087,281.047116,385.985524,287.755791,374.343999,141.332430,458.723563,134.623755
473.766246,282.379143,385.994553,289.334860,374.070465,138.869100,461.842159,131.913382
476.204534,280.830182,387.051981,288.767724,373.444766,135.934775,462.597319,127.997233
478.015143,282.088114,390.038108,290.789056,374.653835,135.235458,462.630869,126.534516
477.325061,282.406889,388.523513,289.993105,375.659929,139.416566,464.461477,131.830350
477.546655,281.906585,387.573312,288.765150,375.717792,133.239799,465.691135,126.381234
476.833328,284.297296,389.769345,289.829729,379.777935,132.594776,466.841918,127.062342
474.063898,282.896568,388.603293,288.604978,378.152510,132.146333,463.613115,126.437922
473.754676,287.252415,388.448067,291.688542,380.247954,134.000568,465.554563,129.564441
471.876309,284.228933,386.897967,286.147630,383.450309,133.452171,468.428651,131.533475
471.433827,285.725836,388.191431,289.617873,380.711424,129.636393,463.953820,125.744357
472.798364,285.696551,386.410517,292.102050,374.570049,132.415423,460.957896,126.009924
473.264679,286.517012,382.426380,293.122186,370.694803,131.782521,461.533102,125.177347
474.769534,286.662710,382.374103,294.399050,368.807478,132.372280,461.202909,124.635940
474.081584,285.587184,381.469875,294.893559,365.149999,132.487518,457.761709,123.181143
474.122001,286.362573,379.018817,295.285233,363.595362,130.892585,458.698546,121.969925
473.568784,289.482082,378.984367,296.901909,365.972787,131.036483,460.557204,123.616656
463.973156,293.959622,377.213458,296.217100,372.841834,128.206256,459.601532,125.948778
468.166886,290.385047,377.116983,296.463949,365.866477,127.953683,456.916379,121.874780
464.442325,290.873442,377.308792,297.004353,365.541399,129.764186,452.674932,123.633275
462.768907,294.088165,372.963752,298.007154,365.482046,126.560948,455.287201,122.641959
458.984836,292.226149,372.991493,295.543138,366.357514,123.556452,452.350857,120.239463
448.212110,293.336453,371.533583,297.100009,363.048475,124.224784,439.727002,120.461228
447.669766,298.157447,369.907277,299.462407,366.917733,121.315615,444.680222,120.010655
463.049037,292.301918,370.381965,297.678500,360.270780,123.409081,452.937852,118.032499
460.073452,293.301685,365.881002,295.527713,361.794413,122.607245,455.986863,120.381217
461.560555,284.618436,369.439164,287.507013,364.158483,119.097597,456.279874,116.209019
375.059044,115.837777,447.946373,120.663054,435.741260,305.025120,362.853932,300.199843
375.480939,116.225209,448.678916,121.750942,434.557599,308.812438,361.359622,303.286706
376.401125,115.472204,445.813223,122.086903,427.914625,309.907873,358.502528,303.293174
455.458558,295.731398,362.841204,300.066412,354.296828,117.516265,446.914182,113.181251
363.117305,115.325995,453.439348,116.754151,450.449146,305.865929,360.127103,304.437773
460.251886,301.873440,360.176157,307.956161,348.705884,119.241928,448.781614,113.159207
453.779078,300.340394,356.233087,305.246117,346.799003,117.657673,444.344994,112.751950
378.675541,112.893056,448.655484,122.702094,421.408158,317.090826,351.428214,307.281789
379.278081,110.525493,450.024016,121.712692,419.026150,317.737885,348.280216,306.550685
358.597658,114.500405,459.292594,118.343036,451.877939,312.641716,351.183002,308.799085
367.128657,113.386733,456.464258,116.040231,451.422611,285.777873,362.087011,283.124375
456.790907,302.071172,356.256861,303.677310,353.217553,113.435962,453.751599,111.829823
457.928650,303.421652,352.757614,306.318992,347.481860,114.813524,452.652896,111.916183
353.567257,115.086961,458.214618,117.097156,454.665367,301.865154,350.018006,299.854958
364.522500,115.165282,461.740736,120.405757,452.358595,294.457759,355.140359,289.217284
365.179220,110.498185,447.432280,118.835072,427.297912,317.483971,345.044852,309.147084
387.641242,110.810088,455.640957,130.078943,399.928832,326.686817,331.929116,307.417961
371.334158,112.384643,449.340653,123.180437,421.951326,321.085805,343.944830,310.290012
364.335191,115.950648,463.617475,122.986115,450.737158,304.749066,351.454874,297.713599
358.147687,113.840085,462.349374,121.730487,447.166327,322.239794,342.964640,314.349391
361.152084,116.220757,465.267826,122.874331,453.372042,309.020656,349.256301,302.367083
384.466881,112.883691,464.545409,130.890576,418.998582,333.442147,338.920054,315.435262
365.895690,117.219936,469.538103,125.183572,455.953077,301.985336,352.310664,294.021701
360.484765,117.432763,469.441856,125.568538,455.443536,313.038828,346.486445,304.903052
363.299302,115.905025,470.726934,125.159587,454.638235,311.918392,347.210603,302.663831
356.412201,114.888814,469.375524,121.493710,457.914085,317.518300,344.950763,310.913403
360.146110,118.190548,470.971778,127.345126,455.298031,317.092103,344.472363,307.937525
364.345890,121.192220,470.177282,133.107192,449.512252,316.658512,343.680861,304.743540
370.798154,117.964507,476.325719,130.773337,453.663942,317.475951,348.136378,304.667121
371.868349,120.781627,477.320045,135.687661,451.700299,316.932763,346.248603,302.026729
365.953999,122.257864,472.192163,134.827452,450.727175,316.249548,344.489010,303.679960
368.514796,127.694337,470.506802,142.143443,446.036542,314.871840,344.044536,300.422734
368.795868,131.086941,470.978493,148.127371,443.189485,314.763651,341.006860,297.723222
372.324689,127.845262,472.261467,145.944482,442.745817,308.918305,342.809038,290.819085
370.731555,130.312247,467.901428,147.433198,439.812367,306.852520,342.642494,289.731569
370.498733,132.870939,463.980514,150.643632,434.641465,304.962762,341.159684,287.190069
387.954689,129.357466,453.625120,152.543104,393.934437,321.609534,328.264005,298.423897
371.801467,133.035633,466.533686,154.032541,433.060355,305.054919,338.328136,284.058011
377.630950,133.401705,465.852311,154.630540,430.927454,299.768908,342.706093,278.540073
373.318894,134.439036,463.694990,156.374424,428.735465,300.411327,338.359369,278.475939
370.741291,134.320574,461.885857,154.390624,429.956233,299.393344,338.811666,279.323294
375.579929,135.206304,464.624436,159.491876,425.620336,302.502750,336.575829,278.217178
371.158207,141.765341,459.959647,163.562601,426.603233,299.455715,337.801793,277.658454
374.024781,136.296755,461.360409,159.658650,424.547727,297.278427,337.212099,273.916533
374.580628,141.067975,459.981297,163.680890,425.376684,294.369792,339.976016,271.756877
351.700297,141.363389,433.651564,149.393526,419.793101,290.825550,337.841835,282.795413
352.015727,144.425848,435.169223,153.678271,419.700328,292.700521,336.546832,283.448097
352.506526,146.140525,434.820224,155.404229,419.477214,291.736292,337.163516,282.472587
345.906014,144.555107,427.783113,149.042955,420.069623,289.769218,338.192525,285.281370
344.282166,142.238532,429.014847,145.732481,423.048258,290.429830,338.315576,286.935881
341.590473,140.026170,430.339019,143.326662,424.772517,293.007045,336.023972,289.706553
340.634310,140.326966,430.171320,141.656095,427.915828,293.597689,338.378818,292.268560
344.987733,142.748169,432.233941,146.874893,425.313743,293.180072,338.067535,289.053349
430.141652,295.158705,335.809452,295.998461,334.470710,145.613795,428.802910,144.774038
429.728201,294.190745,334.119612,301.471605,322.262211,145.766190,417.870800,138.485330
432.952065,296.438034,334.108055,303.614217,322.888952,149.083442,421.732962,141.907259
432.945677,296.071730,337.474841,304.031549,324.715719,150.997416,420.186554,143.037596
431.670178,295.780377,339.219402,301.708238,329.070186,143.421304,421.520962,137.493443
424.137740,292.425417,338.888853,300.442136,324.725982,149.835768,409.974870,141.819049
434.098219,292.254227,338.048423,307.234314,313.515816,149.935373,409.565612,134.955286
355.485009,143.645161,407.531782,153.624203,376.785543,313.984533,324.738770,304.005490
429.818531,291.061802,341.702065,307.942047,312.289519,154.405781,400.405984,137.525537
341.697885,138.526780,395.897351,140.321324,390.372043,307.198628,336.172577,305.404083
425.251927,289.954287,340.430448,308.537737,306.167213,152.148137,390.988691,133.564687
425.128874,290.670178,343.466235,310.536049,305.418041,154.131333,387.080680,134.265462
426.623812,294.467549,344.275461,316.277161,301.032266,153.000257,383.380617,131.190646
409.132944,303.504578,334.693836,306.703556,327.417730,137.391077,401.856837,134.192099
415.002504,282.175356,338.180619,294.016863,315.131971,144.488551,391.953856,132.647043
420.638029,295.151553,341.123222,314.602845,300.651986,149.160746,380.166793,129.709455
424.655563,299.381218,341.385654,320.457663,298.892823,152.574782,382.162732,131.498338
421.686535,299.040846,343.737493,317.074063,304.190964,146.133182,382.140006,128.099965
398.515655,301.656953,333.384258,311.316174,307.560628,137.189378,372.692025,127.530157
404.187152,298.749727,336.318921,311.453043,304.560633,141.782466,372.428863,129.079151
406.979461,297.655646,332.104557,313.642048,296.135153,145.173512,371.010058,129.187110
406.250292,300.505037,335.776835,314.020788,302.110328,138.477814,372.583785,124.962063
408.008180,299.728377,335.567163,314.450556,300.698843,142.879725,373.139860,128.157546
406.558485,300.373712,332.058264,315.265302,298.167060,145.713075,372.667280,130.821485
408.315716,298.319758,335.391747,314.345266,297.998895,144.189337,370.922865,128.163829
375.844804,311.658262,319.525849,312.674650,316.162087,126.285730,372.481042,125.269342
407.819248,299.401060,334.061489,314.495555,298.499884,140.727274,372.257643,125.632780
409.603579,299.907737,332.070749,312.275226,307.126152,155.895451,384.658982,143.527962
408.034442,302.160259,332.343403,312.260674,308.889894,136.503515,384.580934,126.403099
414.137944,295.810692,333.933425,312.976130,297.387654,142.218122,377.592173,125.052684
417.319298,294.579548,333.037626,312.752952,297.277057,146.908372,381.558729,128.734968
423.076834,294.945413,334.856662,314.753866,297.476193,148.273864,385.696365,128.465410
439.454837,280.951330,332.018765,343.002009,246.509903,194.949861,353.945975,132.899183
438.158858,282.693156,333.141973,338.959865,252.868135,189.135777,357.885019,132.869068
436.725295,292.746201,330.874150,338.154301,261.774868,177.076471,367.626013,131.668372
448.613979,282.699689,342.653116,346.523432,251.956217,195.947470,357.917080,132.123727
443.001425,289.162895,335.199407,344.754199,253.769890,186.847017,361.571909,131.255712
430.315904,292.748981,298.926252,327.809184,255.877648,166.482649,387.267300,131.422446
430.980699,296.267568,295.692595,320.001422,267.586715,159.791825,402.874820,136.057971
435.816457,302.976536,325.096437,332.215303,278.685696,156.469239,389.405717,127.230472
431.446703,301.724794,320.621675,320.450088,291.813531,149.950045,402.638558,131.224751
427.604755,302.524111,286.838597,312.834300,274.665121,146.628476,415.431279,136.318286
305.337634,136.360589,429.818154,138.839915,426.453356,307.777763,301.972836,305.298438
429.199199,302.657541,303.614922,317.140737,283.651597,144.038085,409.235874,129.554889
348.789154,134.375868,436.546210,141.609612,422.787913,308.520092,335.030857,301.286348
351.641353,134.939795,435.143307,140.269560,424.379272,308.910760,340.877318,303.580996
353.535135,131.191243,431.309659,134.935154,422.998175,307.594596,345.223652,303.850684
427.139099,309.417633,350.222687,309.615386,349.751120,126.199326,426.667532,126.001572
354.364309,124.578405,427.406312,125.422088,425.272290,310.175388,352.230287,309.331705
356.441601,122.703007,432.480993,124.228254,428.709471,312.252932,352.670079,310.727685
360.772290,135.328650,433.461034,136.774626,429.953203,313.112135,357.264458,311.666159
432.170218,315.773065,366.649458,319.181878,356.356182,121.334875,421.876943,117.926062
430.672400,314.722529,371.536848,318.403424,359.343884,122.516908,418.479436,118.836013
434.251058,315.707953,374.598920,321.105471,356.787113,124.253413,416.439251,118.855896
436.619296,315.946203,377.610434,319.523351,365.432907,118.642117,424.441770,115.064968
441.446355,317.064248,379.193483,320.881432,366.596776,115.446956,428.849648,111.629772
443.172602,319.435483,377.170021,323.237204,365.119285,114.021475,431.121866,110.219755
445.214110,318.194556,382.501194,322.706298,367.556047,114.969765,430.268962,110.458022
444.340456,317.524525,382.073079,321.566642,368.626851,114.432305,430.894229,110.390187
445.397346,318.385059,375.108096,322.952620,361.731667,117.105528,432.020918,112.537967
445.939973,315.464770,383.905020,319.666480,370.048317,115.083127,432.083269,110.881417
444.941535,317.841396,382.824282,321.904569,369.365023,116.141168,431.482276,112.077996
444.623769,318.341930,386.102163,323.053171,369.455778,116.276829,427.977384,111.565588
443.383098,318.702064,384.748673,322.385360,371.817951,116.541101,430.452376,112.857805
441.467896,319.323046,383.368818,323.053993,370.067181,115.918149,428.166259,112.187202
439.632833,320.009743,383.081555,322.456087,374.185762,116.815074,430.737040,114.368731
437.707091,322.154064,379.828672,323.463472,375.148236,116.578909,433.026655,115.269501
436.202504,321.400334,378.432596,322.038963,376.161915,116.634847,433.931823,115.996218
439.745941,320.602941,380.288997,322.866079,372.556606,119.721520,432.013550,117.458381
436.390160,321.544528,380.691141,322.220882,378.235682,120.009227,433.934701,119.332873
437.307460,319.478545,379.322011,320.777673,374.856255,121.452693,432.841704,120.153565
430.111419,319.811999,382.986636,319.955020,382.381546,120.580938,429.506329,120.437917
428.911281,319.019468,384.562974,320.896701,376.142243,121.962864,420.490551,120.085631
450.569901,314.867040,392.827649,318.784689,379.523966,122.701625,437.266218,118.783976
446.978541,311.959145,384.112346,319.786150,359.745256,124.070638,422.611450,116.243633
439.045455,315.680435,394.067506,318.910050,379.982797,122.756218,424.960746,119.526603
443.039403,314.909509,399.097839,317.758941,386.313897,120.615708,430.255461,117.766276
436.899237,314.534558,392.770604,316.657895,383.297254,119.776303,427.425887,117.652965
442.254364,311.319001,393.737492,317.159822,370.244413,122.014183,418.761285,116.173362
450.050578,309.186030,391.237244,316.864857,365.838046,122.328444,424.651380,114.649617
456.040827,307.916960,396.904558,317.425507,365.526353,122.275817,424.662623,112.767270
441.382472,315.070829,386.659341,315.683662,384.480379,121.112529,439.203510,120.499696
449.886150,313.400277,393.769509,317.966150,377.448942,117.379008,433.565583,112.813135
466.049937,310.310014,395.060369,316.866156,376.748385,118.584950,447.737952,112.028807
467.619971,308.720280,394.514484,317.451171,370.925761,119.938102,444.031248,111.207211
468.844443,310.429368,393.551346,318.297825,372.706836,118.837164,447.999933,110.968706
464.000895,311.611632,391.997009,316.720403,377.827398,117.011511,449.831284,111.902740
463.048516,313.541065,392.242593,317.944369,379.863492,118.886208,450.669415,114.482903
469.181852,309.261480,392.238560,315.558320,376.668192,125.298543,453.611484,119.001702
474.747123,310.204610,390.893295,315.416204,379.007204,124.170631,462.861032,118.959037
470.586569,303.423563,391.677265,308.667166,379.173289,120.498826,458.082593,115.255223
390.592751,116.621010,466.638309,117.617242,463.995246,319.370763,387.949688,318.374531
408.747681,143.260485,477.357812,152.842753,453.096324,326.557766,384.486193,316.975497
470.437394,303.672089,390.581240,304.389316,388.932877,120.860260,468.789031,120.143033
396.748769,141.200956,481.976117,145.555936,473.566501,310.132884,388.339153,305.777904
390.918428,127.402102,481.289915,130.260081,475.481765,313.918263,385.110278,311.060285
405.243415,118.868895,489.069859,126.988320,471.207124,311.406498,387.380680,303.287073
493.070680,313.984812,385.807353,318.765057,377.271201,127.223400,484.534528,122.443155
400.779112,120.691739,506.731387,128.210921,493.515856,314.430073,387.563580,306.910891
395.174518,120.880231,491.942998,127.109170,479.699911,317.309286,382.931431,311.080348
390.612462,116.683868,497.941915,121.138951,489.841763,316.283411,382.512310,311.828327
397.708786,111.347803,498.095232,120.376729,480.343445,317.746691,379.956999,308.717765
396.910911,110.508154,484.294287,119.937242,462.991530,317.358942,375.608155,307.929853
376.604490,114.681242,485.994276,116.057084,483.468475,316.877138,374.078690,315.501296
375.596029,113.508186,485.216802,116.680547,479.417331,317.081023,369.796557,313.908662
391.660093,106.270598,490.050096,119.775409,462.558160,320.069344,364.168157,306.564533
406.249484,109.155166,502.770946,132.940194,453.185210,334.162904,356.663748,310.377876
394.325494,106.395854,489.421511,123.160817,453.656257,326.032320,358.560240,309.267357
380.576588,108.585677,471.923389,119.397116,447.877259,322.565001,356.530458,311.753562
368.207428,113.861270,463.053654,119.171999,451.909828,318.193588,357.063602,312.882859
359.205556,114.227414,453.081012,116.632126,447.910882,318.464355,354.035426,316.059643
353.088179,119.699303,454.983639,120.765876,452.932537,316.718683,351.037078,315.652110
451.318793,299.614302,358.922644,320.987340,324.936010,174.062316,417.332158,152.689278
447.153636,308.200512,350.459618,320.340462,327.099410,134.277730,423.793428,122.137780
446.718456,306.345153,348.746291,322.796161,317.589079,137.242820,415.561243,120.791812
442.883395,307.796245,347.571461,325.128325,313.745951,139.116326,409.057884,121.784246
441.400319,309.510847,351.464088,331.115495,305.691529,140.572632,395.627760,118.967984
337.033685,122.125110,416.137971,124.992827,408.884333,325.080140,329.780046,322.212422
425.179257,310.314270,344.164962,326.119674,305.215931,126.477305,386.230226,110.671901
412.758128,315.096724,337.351215,323.946812,313.690776,122.348740,389.097688,113.498652
414.479623,316.414475,342.019932,329.134574,305.640451,121.899857,378.100142,109.179759
414.694567,321.848973,340.516896,333.937605,305.645844,119.963553,379.823515,107.874922
407.820667,320.543720,339.286677,331.313251,310.792293,149.983735,379.326284,139.214204
405.211976,320.183603,335.685847,328.247329,310.704107,112.852654,380.230236,104.788928
404.507170,323.279762,334.354722,330.899997,311.182988,117.579288,381.335436,109.959053
402.211510,321.698619,335.745926,330.388535,307.551978,114.744640,374.017562,106.054725
403.068884,322.919357,329.206057,328.494283,312.802912,111.167119,386.665739,105.592194
402.489942,325.771106,330.105468,331.140297,313.688135,109.810848,386.072609,104.441657
401.808437,321.448753,331.087086,330.672497,303.054140,115.735057,373.775491,106.511313
402.590992,322.341563,331.679828,331.125412,305.156051,117.001507,376.067214,108.217658
318.945649,111.818976,391.507475,113.585798,386.207009,331.271277,313.645183,329.504455
409.256151,328.825875,333.208458,341.290917,297.429172,123.005871,373.476865,110.540830
413.126392,332.739546,333.000912,346.825282,293.560853,122.473939,373.686332,108.388203
409.714698,335.444607,334.024657,349.756531,291.088884,122.686408,366.778925,108.374484
408.429910,337.466050,331.545649,351.392779,290.033285,122.218540,366.917546,108.291811
413.209433,336.750080,329.672717,349.050830,295.186683,114.849680,378.723400,102.548929
413.553198,337.300671,327.144883,348.122417,297.434273,110.892318,383.842588,100.070572
413.246724,340.479728,326.861244,351.189882,296.515808,106.431023,382.901288,95.720870
412.518917,341.162171,327.686868,350.981361,298.999431,103.138706,383.831480,93.319516
407.290238,342.510237,326.631592,348.421965,308.157440,96.363698,388.816086,90.451970
411.565820,344.578054,327.049728,352.459812,303.107030,95.722251,387.623121,87.840493
403.979148,341.367466,319.317373,347.489207,303.262240,125.451722,387.924015,119.329980
406.512837,341.438199,318.110006,347.598186,299.954256,87.042474,388.357087,80.882487
409.472327,341.256241,316.740608,349.187909,294.197973,85.634602,386.929692,77.702935
408.980380,341.923651,315.177802,352.420067,285.596993,88.067346,379.399572,77.570930
408.677041,338.656466,309.885552,347.274443,286.801685,82.654384,385.593174,74.036407
401.424915,308.764305,298.047004,315.763546,282.359050,84.054435,385.736961,77.055194
407.099668,324.684952,296.685823,331.516754,281.401114,84.489169,391.814959,77.657367
411.833670,331.870949,307.174081,344.482211,276.448459,89.493393,381.108049,76.882131
404.650173,316.119040,293.663183,319.519260,286.584038,88.447986,397.571027,85.047767
409.576633,318.120371,293.286971,326.607524,276.312665,94.028201,392.602326,85.541048
408.607230,325.928048,284.240242,329.350237,277.711758,92.096292,402.078745,88.674102
409.713423,337.503212,279.070240,340.479554,273.392294,91.252557,404.035478,88.276215
409.989981,338.601067,269.611779,342.305918,263.073806,94.579678,403.452009,90.874827
411.926266,338.529042,277.536207,343.835731,267.693153,94.563847,402.083212,89.257157
411.243754,334.718985,280.454710,345.709372,258.473937,84.131285,389.262980,73.140898
410.719830,338.559541,281.341096,346.021657,266.674179,91.725524,396.052913,84.263409
409.017811,337.820875,285.274634,347.279763,265.512316,88.744913,389.255492,79.286025
405.117853,337.202277,287.345348,347.990935,263.370553,86.274257,381.143058,75.485599
404.071185,340.040606,288.270753,347.103546,271.961783,79.709821,387.762215,72.646881
390.045709,345.829360,286.207610,347.931471,280.643198,73.065914,384.481298,70.963803
376.029162,346.104267,288.158830,347.992854,282.199288,70.713140,370.069620,68.824553
290.081321,62.597811,375.372777,62.787152,374.738896,348.328115,289.447439,348.138774
303.810531,66.241468,386.112853,72.453927,364.909457,353.355333,282.607135,347.142873
299.717420,112.438072,383.039629,117.803673,367.992617,351.468130,284.670407,346.102528
301.654821,120.940830,378.937062,127.709930,359.231460,352.687120,281.949219,345.918020
300.937919,128.904128,369.588120,133.394118,355.476722,349.151890,286.826522,344.661900
307.671415,105.854901,375.881859,112.369493,353.228846,349.555810,285.018402,343.041218
301.247540,170.160123,366.310820,171.775611,361.978376,346.263500,296.915095,344.648012
375.657908,337.900963,315.498634,344.010913,298.163427,173.326461,358.322701,167.216511
386.261328,341.072559,302.273496,346.516225,284.559980,73.222486,368.547812,67.778821
380.264094,340.647599,314.476686,343.494048,304.968335,123.736111,370.755742,120.889662
382.862826,341.901862,318.876249,343.741652,312.339123,116.385092,376.325700,114.545302
388.072662,346.003250,325.279275,349.499147,312.739647,124.261999,375.533033,120.766102
388.839544,348.760952,323.282990,350.809147,314.714010,76.541934,380.270564,74.493739
389.613198,344.844279,324.999798,347.939639,316.723075,175.169027,381.336475,172.073667
393.204040,346.787522,325.260973,351.868842,312.009688,174.683981,379.952755,169.602662
400.379533,347.733449,324.383988,351.598144,314.979898,166.675650,390.975444,162.810955
403.000452,349.127704,327.025788,351.089979,322.034037,157.821098,398.008700,155.858823
392.295016,343.245940,327.600608,349.460279,304.197671,105.823891,368.892079,99.609552
391.730991,346.147198,326.828363,352.007511,301.221342,68.411243,366.123970,62.550930
392.708200,344.357052,326.173817,352.503480,296.846678,112.979699,363.381061,104.833271
385.006613,347.249637,310.948623,351.970959,295.513533,109.858300,369.571523,105.136978
381.439437,348.511108,306.555097,352.674723,290.733361,68.114233,365.617700,63.950618
378.278672,348.394770,304.374904,353.037868,286.296456,65.284897,360.200225,60.641799
379.764159,346.634068,303.890656,352.066176,283.343117,65.066404,359.216620,59.634296
380.961199,349.757949,303.305330,355.455271,282.373865,70.154364,360.029733,64.457042
384.683731,346.684427,305.848482,352.742984,283.805647,65.916868,362.640895,59.858311
