1.821693
0.035906
0.035645
0.035442
0.035521
0.035651
0.035596
0.035609
0.035731
0.035678
0.046610
0.035949
0.035814
0.035830
0.036201
0.035967
0.036018
0.036055
0.036157
0.035989
0.046481
0.036126
0.036052
0.036000
0.036025
0.036075
0.036428
0.036301
0.036508
0.036741
0.047368
0.037209
0.037522
0.037762
0.037847
0.038159
0.038496
0.036210
0.036195
0.036244
0.046844
0.037465
0.036776
0.036863
0.037106
0.036253
0.036310
0.036206
0.036448
0.036706
0.047145
0.037216
0.036871
0.036801
0.036750
0.036451
0.037091
0.036855
0.036975
0.037111
0.047596
0.036884
0.037039
0.037194
0.037329
0.037696
0.037625
0.037343
0.037501
0.037745
0.047927
0.037804
0.037727
0.038146
0.038131
0.037982
0.038038
0.037946
0.037919
0.037668
0.048402
0.037766
0.037753
0.037508
0.037671
0.037675
0.037951
0.038176
0.038388
0.038291
0.048364
0.038202
0.038244
0.038251
0.038493
0.038153
0.037969
0.038401
0.037453
0.037150
0.047515
0.037150
0.036859
0.036692
0.036728
0.036824
0.036806
0.046962
0.036417
0.036098
0.047332
0.036655
0.036467
0.036310
0.036051
0.035808
0.035990
0.036145
0.038506
0.038078
0.048233
0.037546
0.037407
0.037060
0.036733
0.036578
0.036423
0.036320
0.036349
0.036077
0.046595
