62.240000,55.967000,138.020000,55.977000,137.990000,334.930000,62.205000,334.920000
147.552584,283.879798,61.951616,284.619805,59.969456,55.331497,145.570424,54.591491
63.061480,55.509115,154.486307,57.031410,149.946129,329.701947,58.521302,328.179652
68.153683,55.995258,154.078184,56.939354,151.116314,326.506416,65.191813,325.562320
69.992859,56.637036,158.545871,57.933365,154.582095,328.701229,66.029083,327.404900
71.690078,58.457241,160.516924,59.530793,157.316914,324.303123,68.490068,323.229571
162.649168,275.455610,73.952613,275.947080,72.742840,57.617098,161.439395,57.125628
78.876134,57.719956,166.129395,58.611175,163.455738,320.370958,76.202477,319.479739
80.572520,57.547783,167.636840,58.771328,163.919145,323.312915,76.854826,322.089369
84.437549,58.647265,169.722728,59.114483,168.274354,323.498536,82.989175,323.031319
87.002112,58.991579,174.048078,61.157846,167.549277,322.295742,80.503312,320.129475
89.121249,60.354055,177.968727,61.205976,175.813866,285.937833,86.966388,285.085911
91.713461,60.735390,178.354886,61.294426,176.917364,284.086664,90.275938,283.527627
94.764081,61.504293,181.742401,61.887882,180.791102,277.594117,93.812781,277.210529
100.572481,61.842922,184.316181,62.870140,181.106125,324.569203,97.362425,323.541985
102.348366,62.091151,186.094250,62.921437,183.586097,315.903795,99.840213,315.073510
106.614163,62.191690,189.106191,62.866928,187.037376,315.608461,104.545348,314.933223
107.828695,64.723001,191.078208,65.007920,190.359973,274.866066,107.110460,274.581147
195.759581,268.139850,112.897737,269.616517,109.236834,64.188197,192.098677,62.711530
115.443883,66.814168,197.471080,67.629609,195.057377,310.430111,113.030180,309.614671
117.186674,67.472996,201.301204,67.567716,201.073876,269.442588,116.959346,269.347868
200.393701,265.002108,107.011551,265.783192,105.349972,67.133891,198.732122,66.352807
205.140524,270.784890,122.769365,271.580430,120.813664,69.084665,203.184822,68.289126
126.787379,69.543525,207.286501,69.919476,206.150815,313.093907,125.651693,312.717956
211.117775,314.931917,128.561046,315.655061,126.406372,69.669706,208.963101,68.946562
130.379339,70.571197,211.878048,71.030023,210.492009,317.224038,128.993301,316.765212
214.810316,275.419051,132.889813,275.893135,131.699767,70.255953,213.620270,69.781870
219.839669,264.103371,123.489729,265.783215,120.101078,71.422128,216.451019,69.742284
126.551534,71.205071,218.080358,71.871501,216.345342,310.162060,124.816518,309.495630
224.511767,283.756500,130.144557,286.471225,124.000705,72.903329,218.367915,70.188604
226.752778,282.921374,131.566491,285.778807,125.188292,73.309416,220.374580,70.451983
226.036115,291.645113,133.116165,294.223970,127.020685,74.594998,219.940635,72.016141
135.438727,73.137720,227.964514,73.354968,227.514218,265.135689,134.988431,264.918442
231.657081,287.360204,137.425550,289.225938,133.147230,73.143288,227.378761,71.277554
233.897045,263.136816,140.662994,264.368591,138.154652,74.510160,231.388703,73.278385
143.956875,73.676755,238.325688,75.580876,234.517447,264.318501,140.148634,262.414381
242.584734,254.630938,146.183389,264.935514,126.622162,81.936351,223.023506,71.631776
146.674051,75.521349,241.517002,75.910745,240.562981,308.275974,145.720031,307.886578
243.457389,257.964353,151.824785,262.172205,143.258802,75.634405,234.891405,71.426553
244.868608,261.127374,168.375605,261.947148,166.369777,74.783416,242.862780,73.963643
248.719369,305.406814,155.971204,308.861962,147.275748,75.445747,240.023913,71.990599
250.062771,257.652876,157.713940,262.511687,147.911075,76.193870,240.259906,71.335059
250.240808,259.057020,166.305912,261.939437,159.906946,75.603966,243.841843,72.721549
163.990089,73.585731,252.357198,74.552379,249.738462,313.946910,161.371353,312.980263
169.614404,75.898130,256.085126,79.336683,248.688993,265.330310,162.218272,261.891757
171.939117,77.843660,255.009565,79.577587,250.265800,306.845793,167.195353,305.111865
255.251533,257.551833,167.452099,257.640780,167.267737,75.656498,255.067171,75.567552
255.083777,303.121501,171.725119,303.467353,170.788175,77.641171,254.146833,77.295319
171.026057,75.511066,257.964568,76.037489,256.873436,256.237311,169.934926,255.710888
176.387954,76.129326,257.525108,76.879920,255.315026,315.783760,174.177873,315.033166
175.963053,76.338140,262.611082,77.324773,260.548121,258.497925,173.900092,257.511291
181.342919,76.232415,265.161197,78.685496,258.459028,307.689005,174.640751,305.235924
178.782937,75.597489,268.424091,77.242681,265.133707,256.524989,175.492553,254.879797
188.093993,76.940336,273.221596,80.526937,263.720249,306.040412,178.592646,302.453811
187.068048,76.564537,274.427398,80.070867,267.414739,254.789565,180.055390,251.283236
188.884723,78.002096,270.532728,79.747872,265.575973,311.569886,183.927968,309.824110
193.417500,77.137558,274.534310,79.667400,267.040248,319.956818,185.923438,317.426975
190.618143,78.430638,275.123519,79.746795,271.565019,308.224294,187.059643,306.908136
189.670557,80.078417,276.649671,81.035105,274.199207,303.823712,187.220093,302.867024
193.256083,78.110590,281.847472,81.763478,272.389100,311.151896,183.797711,307.499007
201.376755,78.493467,286.368795,83.821091,272.195303,309.931990,187.203263,304.604366
201.606480,78.487333,289.047043,84.632743,273.739385,302.439237,186.298822,296.293827
204.968242,78.642562,287.120080,82.867678,275.481080,309.172742,193.329242,304.947626
208.012634,79.518121,288.067444,83.751528,276.018516,311.599835,195.963706,307.366428
203.307378,78.948576,288.585312,82.493034,279.071238,311.396963,193.793304,307.852504
207.413394,79.482969,287.634705,83.083788,277.455464,309.863263,197.234154,306.262443
211.009254,78.977444,288.618505,83.293402,276.168625,307.166242,198.559374,302.850283
217.694560,81.333228,293.722414,87.011204,277.998791,297.549878,201.970936,291.871902
216.304872,86.966331,292.637997,92.016490,278.796820,301.225794,202.463696,296.175635
220.327811,82.019350,295.764006,87.505399,280.237450,301.004064,204.801255,295.518015
220.342948,81.049037,293.776891,84.830684,282.722847,299.483746,209.288905,295.702099
220.757669,80.477871,294.880213,84.914587,281.904911,301.688064,207.782367,297.251348
221.415925,79.433837,292.214933,81.638751,285.511996,296.867733,214.712989,294.662820
221.966025,80.037894,296.567890,83.209915,287.470772,297.162434,212.868907,293.990413
224.680021,79.942155,294.817332,82.454449,286.978974,301.282860,216.841663,298.770566
222.925233,82.842735,297.675629,85.759786,289.254707,301.548665,214.504311,298.631614
299.132224,290.041963,183.148170,292.748342,178.370243,87.986370,294.354297,85.279992
227.057162,83.140506,300.730939,86.605369,290.407061,306.123155,216.733284,302.658292
226.959023,82.829921,301.657955,85.592533,293.635754,302.506740,218.936822,299.744128
230.712571,84.863460,301.639660,87.137720,294.543969,308.430238,223.616879,306.155978
233.302555,81.161416,302.635936,83.564107,294.927299,306.008704,225.593918,303.606012
230.676645,81.688572,302.789394,83.496830,297.400785,298.392821,225.288036,296.584563
245.078500,83.582195,314.443925,91.283784,290.877064,303.541986,221.511639,295.840397
242.301338,82.582738,312.048708,89.109511,297.820342,241.158777,228.072973,234.632004
191.264099,64.646584,335.708659,106.451206,284.655225,282.852528,140.210665,241.047905
305.021497,297.367724,235.099663,297.443513,234.866234,82.084265,304.788068,82.008476
312.824751,283.799089,239.421205,288.671861,225.722279,82.310947,299.125826,77.438175
320.773483,277.868278,243.948339,291.475177,207.744269,87.065419,284.569412,73.458520
310.905880,294.682605,188.000474,297.491538,183.118281,83.870238,306.023687,81.061304
353.959147,159.038806,270.355889,255.337230,156.654134,156.624950,240.257392,60.326526
329.334572,218.279925,247.610695,243.186336,204.376925,101.326020,286.100802,76.419609
315.099948,225.798875,243.377389,231.746597,231.608491,89.827490,303.331051,83.879767
315.269710,229.352386,242.609560,233.638545,236.180323,124.648320,308.840473,120.362162
243.856259,92.291481,312.995026,92.798370,311.525049,293.300794,242.386282,292.793905
247.168984,88.661493,316.613295,90.503995,311.404683,286.817722,241.960372,284.975220
250.906130,88.685531,317.924310,91.329468,310.044341,291.069925,243.026161,288.425988
249.991778,93.947134,318.360434,95.461121,314.109623,287.419270,245.740967,285.905282
252.698410,87.160044,318.543623,89.140833,312.562416,287.967555,246.717203,285.986766
254.153099,90.237636,321.148408,92.432429,315.112726,276.669527,248.117418,274.474734
258.315709,89.237770,321.053908,91.764593,312.989580,291.992886,250.251382,289.466063
256.619413,88.042809,321.961230,89.767848,318.028141,238.747190,252.686325,237.022151
259.178923,89.226198,322.146086,91.260017,315.705661,290.656032,252.738498,288.622213
257.464524,97.661721,323.475409,98.452805,321.292019,280.642847,255.281134,279.851764
254.890734,92.305818,323.926582,92.596139,323.356498,228.157440,254.320650,227.867120
257.195474,94.717215,325.029228,95.261414,323.539842,280.911690,255.706088,280.367491
264.016759,94.365371,327.728593,96.570991,321.198227,285.207989,257.486394,283.002369
265.377535,103.637914,330.826323,107.125915,321.368475,284.592823,255.919686,281.104822
265.155333,96.581941,328.114706,97.668637,324.917311,282.914483,261.957939,281.827786
266.660408,98.766936,331.901279,101.135551,325.510488,277.162807,260.269617,274.794192
266.896445,123.576974,333.299949,126.276016,327.018542,280.815078,260.615039,278.116036
268.416482,95.697699,333.836848,98.002046,328.783457,241.467761,263.363091,239.163415
274.533803,108.710280,338.746168,114.276023,324.174042,282.395669,259.961677,276.829927
273.101924,103.997965,338.305001,108.121450,330.278931,235.034583,265.075853,230.911097
275.050575,96.670309,335.994447,99.934965,326.260935,281.637990,265.317063,278.373334
273.863688,111.036222,330.607506,114.896884,319.186382,282.764013,262.442563,278.903351
274.928930,126.113937,340.640395,131.177255,329.270138,278.739842,263.558673,273.676525
276.124580,119.693973,340.758912,124.835922,328.819132,274.919031,264.184800,269.777082
279.074526,119.246260,342.407738,126.432274,325.557774,274.937736,262.224562,267.751722
275.379243,118.638499,338.653298,123.436786,327.348859,272.506169,264.074804,267.707883
272.388897,124.554427,337.331794,127.278419,331.339011,270.152793,266.396114,267.428800
271.464179,125.320016,336.829785,127.128695,333.183256,258.914192,267.817649,257.105513
336.691518,267.713268,271.374450,269.171036,268.003361,118.125317,333.320429,116.667549
270.028480,118.521302,335.475170,118.922071,334.601362,261.617312,269.154672,261.216543
271.505576,103.481367,335.089677,104.232848,333.210973,263.193101,269.626872,262.441620
335.398460,272.713395,272.117539,274.540485,267.732522,122.666276,331.013443,120.839185
335.575757,270.520082,272.155492,271.998751,268.050911,95.952844,331.471175,94.474175
333.625054,274.868867,272.763715,275.712631,270.264264,95.425268,331.125603,94.581504
343.558761,291.093086,288.303982,298.963573,261.008465,107.335297,316.263244,99.464810
270.498142,90.769125,331.618930,91.212527,330.343017,267.090712,269.222230,266.647310
332.676998,266.919158,271.063025,267.193351,270.293176,94.200272,331.907149,93.926080
332.120048,270.429395,271.557735,270.579892,271.120997,94.830435,331.683310,94.679937
276.546060,92.045639,333.919323,94.407926,326.639623,271.211247,269.266360,268.848961
276.184153,92.847812,334.111539,94.180270,330.167464,265.645331,272.240079,264.312873
274.347459,91.539549,333.050411,91.682078,332.639592,260.884704,273.936640,260.742176
275.641281,92.311247,336.079906,93.635232,332.432701,260.126539,271.994076,258.802553
274.911726,93.008799,335.363436,93.422464,334.294151,249.684431,273.842441,249.270766
278.579866,95.139623,337.479927,96.742806,334.125118,219.996637,275.225057,218.393454
280.142946,89.149857,336.558611,91.133285,330.907714,251.864709,274.492048,249.881281
278.797689,91.253262,336.758324,92.223193,334.086440,251.888338,276.125805,250.918407
336.065163,251.565222,279.054748,251.577353,279.021154,93.702356,336.031570,93.690225
334.075707,251.897050,277.897663,252.326787,276.675863,92.604898,332.853907,92.175161
332.911017,261.952802,280.794683,263.544211,275.580280,92.780055,327.696613,91.188646
341.913469,256.339936,281.764780,258.188355,276.707785,93.630623,336.856473,91.782204
281.391837,94.183757,335.140200,94.603255,334.161372,220.016102,280.413009,219.596604
338.175359,250.233164,284.025006,251.562481,280.169988,94.526458,334.320341,93.197141
340.025852,254.461773,285.373779,256.429898,279.548128,94.659760,334.200201,92.691635
341.193443,255.656804,286.351648,257.409418,281.129576,94.003255,335.971370,92.250642
343.314739,259.814427,288.118357,262.306362,280.591695,95.590761,335.788077,93.098826
346.659914,251.878237,287.957994,252.254301,286.940410,93.413810,345.642331,93.037747
288.440349,92.518814,346.400337,93.526684,343.642958,252.096462,285.682970,251.088592
347.243720,254.428939,289.551103,254.531896,289.265542,94.516526,346.958159,94.413568
293.530321,94.187013,345.155255,94.924994,342.909224,252.044358,291.284290,251.306377
298.958073,94.850954,356.066064,96.781866,350.819811,251.943200,293.711820,250.012287
300.702554,93.681174,355.258618,95.486843,350.195662,248.457768,295.639598,246.652098
299.637201,94.183618,356.014460,95.411329,352.626887,250.970802,296.249628,249.743092
301.917209,94.879839,357.408041,96.704785,352.389439,249.304575,296.898607,247.479629
304.310865,95.304708,358.587521,97.482082,352.354254,252.862313,298.077598,250.684939
306.493151,95.508438,361.949786,98.673384,353.334100,249.638670,297.877464,246.473724
305.752734,97.133599,361.512214,99.901260,353.978026,251.690955,298.218546,248.923294
303.689194,95.628899,360.323278,97.698159,354.651972,252.917503,298.017887,250.848243
305.979767,96.349072,359.600290,98.306801,353.995810,251.808690,300.375287,249.850961
309.690933,97.246665,366.088377,101.829447,353.813069,252.894030,297.415625,248.311248
310.627878,95.697615,359.158190,100.375123,345.023980,247.021069,296.493667,242.343560
308.832753,96.325542,364.478632,99.371236,356.194346,250.728025,300.548467,247.682331
361.622381,245.988894,305.664011,248.946161,297.740768,99.019960,353.699139,96.062694
359.981851,244.870218,308.412886,248.444848,298.046458,98.894851,349.615423,95.320220
309.316141,95.317320,366.216855,98.767323,357.309574,245.674621,300.408860,242.224618
303.776579,95.416524,360.380585,95.551147,360.028496,243.592395,303.424489,243.457772
309.772237,96.440460,366.510783,99.338308,358.944182,247.488956,302.205636,244.591109
316.057602,92.015344,370.990510,97.926190,355.691852,240.105481,300.758944,234.194636
309.721639,96.518731,362.173087,97.516515,359.375379,244.586261,306.923931,243.588477
308.675178,96.648491,359.857729,97.360308,357.845475,242.049441,306.662925,241.337624
308.383164,97.943571,357.523198,98.184527,356.795606,246.568159,307.655572,246.327204
313.554346,96.735410,365.368819,99.014751,358.969130,244.493848,307.154657,242.214507
313.934281,95.401159,364.796793,97.748894,358.024481,244.467678,307.161970,242.119943
315.717786,94.827048,364.841386,97.886014,355.725667,244.274342,306.602067,241.215376
319.264236,95.085800,362.436054,99.114393,349.007409,243.020452,305.835591,238.991859
315.639172,96.461215,365.708398,98.332073,360.455606,238.911054,310.386380,237.040197
320.468549,96.100772,371.635265,100.360800,359.658959,244.206851,308.492243,239.946823
317.169304,96.169928,367.517821,97.803165,363.057827,235.293346,312.709310,233.660109
318.306386,96.399364,370.436090,98.496625,365.885431,211.608246,313.755727,209.510986
319.729529,96.808473,370.714007,99.331672,363.938751,236.234434,312.954274,233.711236
319.543134,97.174020,369.212847,98.848105,365.188604,218.246453,315.518891,216.572368
319.885978,96.738992,368.215185,97.924731,364.867214,234.383667,316.538008,233.197928
319.980903,97.454804,370.618228,98.740565,367.221880,232.499536,316.584555,231.213775
320.189582,98.360761,369.452634,99.372388,366.684974,234.148661,317.421922,233.137034
321.377757,97.791097,370.392001,98.594832,368.212644,231.498840,319.198400,230.695105
326.934547,96.469225,376.102525,99.958973,366.639941,233.279836,317.471963,229.790089
327.724004,95.743188,373.690973,98.748454,364.675174,236.649360,318.708205,233.644093
328.987693,95.060585,374.681684,98.317234,364.712352,238.196797,319.018361,234.940149
329.731236,95.769778,373.553822,98.981275,363.372695,237.908196,319.550109,234.696700
328.865910,96.894174,374.625137,99.499465,366.652949,239.522701,320.893722,236.917411
328.971631,98.152312,377.633309,100.562998,371.038034,233.694005,322.376356,231.283318
326.634085,98.363358,374.257100,100.402862,368.609240,232.281980,320.986225,230.242475
330.219070,98.764152,377.101521,101.935379,368.197692,233.566878,321.315240,230.395651
330.725303,98.818307,379.090428,102.636757,368.695758,234.297375,320.330633,230.478925
327.660378,99.325582,377.043767,101.066396,372.486001,230.361088,323.102612,228.620274
330.558728,99.050855,372.030343,101.875648,363.126105,232.601393,321.654489,229.776600
328.007630,100.595548,375.119206,101.720258,372.004625,232.183085,324.893048,231.058375
328.757459,101.280400,370.480510,102.358601,367.177084,230.190925,325.454034,229.112724
329.411843,99.858078,373.888404,101.037168,370.397374,232.722673,325.920812,231.543583
330.034168,100.946951,369.509741,102.092410,365.716999,232.800416,326.241426,231.654957
329.168154,101.260937,367.613693,102.024713,364.990287,234.076782,326.544748,233.313005
330.937272,101.357893,368.985136,102.503426,365.061076,232.837596,327.013212,231.692063
335.034740,100.786447,373.363329,103.878701,363.011001,232.196153,324.682412,229.103899
333.156024,101.666726,372.290419,103.379894,366.704001,230.992050,327.569606,229.278882
332.908209,101.684949,372.142419,103.809057,365.262156,230.893780,326.027946,228.769672
335.082210,101.449567,375.136458,104.159753,366.659918,229.435807,326.605670,226.725621
337.565120,101.935905,380.380499,105.563125,369.643929,232.296649,326.828549,228.669430
336.044580,101.413059,375.454298,103.963931,367.348192,229.199260,327.938473,226.648387
334.027653,102.095368,371.723051,103.810026,365.969419,230.299027,328.274021,228.584369
336.822516,102.394663,380.088029,105.246117,371.932873,228.985484,328.667360,226.134031
337.727848,101.607320,375.598338,104.337148,366.680899,228.047416,328.810409,225.317587
335.711299,102.530320,371.900654,103.702511,367.824627,229.542766,331.635273,228.370575
334.116930,102.303006,370.950752,103.037548,368.481441,226.861887,331.647618,226.127345
333.829318,102.346406,377.027111,102.449707,376.738582,223.105612,333.540789,223.002311
336.785530,102.570672,372.674028,104.446724,366.352549,225.375361,330.464050,223.499309
334.628058,103.805725,376.930016,104.286256,375.598018,221.544315,333.296059,221.063784
335.127938,104.396206,373.275089,105.100180,371.105700,222.655685,332.958550,221.951711
334.070106,103.678363,373.496103,104.217847,371.866642,223.300449,332.440646,222.760965
376.420697,221.779233,334.054258,222.489669,332.083804,104.982751,374.450243,104.272315
334.673709,104.573987,372.732499,105.267271,370.623146,221.063164,332.564356,220.369880
336.491775,104.631341,374.540936,105.732932,371.259600,219.070858,333.210439,217.969267
338.978875,103.565325,375.703919,105.501395,369.643176,220.466751,332.918132,218.530681
335.862661,104.000663,373.725335,104.966860,370.826743,218.554882,332.964068,217.588685
338.164858,103.753974,374.012415,104.674535,371.025707,220.979942,335.178150,220.059381
338.459830,104.576706,374.390286,105.288210,372.116565,220.109450,336.186110,219.397945
337.669876,105.344137,373.600103,106.067107,371.258309,222.449800,335.328082,221.726830
342.314737,104.710094,380.208986,107.873276,370.913104,219.235968,333.018854,216.072785
338.699585,104.812540,376.057792,105.932825,372.580241,221.898924,335.222034,220.778639
339.645387,104.586179,381.314529,106.269418,376.660868,221.472339,334.991727,219.789100
341.829342,103.969609,383.134421,106.862348,375.438643,216.749446,334.133564,213.856707
339.199231,104.236057,375.984190,105.172405,373.258375,212.257510,336.473415,211.321162
339.900986,104.089920,375.567531,105.586208,370.818444,218.788718,335.151900,217.292430
341.067483,104.799775,376.534171,106.211954,372.177449,215.630461,336.710761,214.218282
341.693907,105.191732,378.421660,106.470277,374.559930,217.403081,337.832178,216.124536
341.784991,105.205153,376.390395,106.203147,373.222848,216.037690,338.617444,215.039696
338.413398,106.065756,375.649362,106.584967,374.133264,215.313981,336.897301,214.794769
338.976558,105.344774,376.424993,105.937484,374.751459,211.674241,337.303024,211.081531
339.263811,105.165866,376.620801,106.143946,373.764808,215.226356,336.407818,214.248276
345.427522,105.648721,381.069082,109.196596,370.579713,214.571644,334.938153,211.023769
342.775858,105.426422,379.053476,107.341374,373.308620,216.174230,337.031001,214.259278
374.856542,217.213304,339.715245,218.238569,336.479966,107.348254,371.621263,106.322990
343.388476,105.738302,376.010943,107.223343,370.982053,217.694877,338.359586,216.209836
341.044486,106.061193,375.598761,107.413555,371.348480,216.012706,336.794204,214.660344
338.784630,106.713969,372.596548,107.178188,371.118626,214.824293,337.306709,214.360074
339.479063,107.963713,373.723152,108.183188,373.051559,212.970098,338.807470,212.750624
371.954848,214.136502,338.892380,214.182456,338.744529,107.807558,371.806997,107.761605
338.899855,108.322150,371.649701,108.422549,371.321312,215.541837,338.571466,215.441438
339.123809,109.603439,373.108184,109.609877,373.088483,213.602062,339.104109,213.595624
372.651413,216.185751,339.346921,216.299689,338.984178,110.269060,372.288671,110.155121
374.654719,210.516741,339.584630,210.962093,338.291397,109.123950,373.361486,108.678598
374.585195,212.482513,340.004734,212.618775,339.598729,109.583116,374.179190,109.446854
374.186675,212.191158,340.054199,212.342699,339.605519,111.283799,373.737995,111.132258
374.563236,209.657739,339.269766,210.147997,337.889782,110.803414,373.183252,110.313157
374.583912,213.350250,339.527656,213.619628,338.744934,111.758052,373.801191,111.488674
375.109960,210.639087,340.047590,210.734331,339.778664,111.734697,374.841035,111.639452
375.476331,212.083090,340.824138,212.990138,338.174133,111.751378,372.826326,110.844329
375.015287,212.482965,341.428843,213.183573,339.327020,112.424243,372.913463,111.723635
373.420252,208.924139,339.957401,209.139039,339.334192,112.096769,372.797043,111.881869
374.458377,208.879126,340.201773,209.390276,338.746963,111.890712,373.003566,111.379563
340.030992,111.916538,371.804393,111.964948,371.656198,209.230460,339.882798,209.182050
373.453197,209.017198,340.782659,209.312751,339.907590,112.582334,372.578128,112.286781
375.315614,211.481258,343.065635,213.121556,337.980713,113.146620,370.230692,111.506323
375.242279,210.739368,341.405989,211.839413,338.171857,112.360721,372.008147,111.260676
341.348809,112.191377,375.876956,112.654300,374.577211,209.598712,340.049064,209.135789
375.636020,209.981126,341.270440,210.785853,338.968921,112.500296,373.334500,111.695569
342.862520,112.732266,376.455331,113.499122,374.395345,203.738633,340.802534,202.971777
341.373671,112.667594,376.444249,113.072606,375.353833,207.493393,340.283255,207.088381
341.654727,113.254418,376.715141,113.636944,375.747575,202.319165,340.687162,201.936640
343.241353,112.799151,376.986231,113.387141,375.369257,206.185555,341.624379,205.597565
342.929592,113.367522,375.926532,113.816852,374.662790,206.620748,341.665849,206.171418
342.522195,112.321805,375.567968,112.816717,374.164035,206.558808,341.118262,206.063897
375.668712,204.397244,343.265153,205.112788,341.235345,113.192488,373.638904,112.476944
342.311128,112.844654,375.081880,112.917579,374.872923,206.818388,342.102171,206.745463
375.667738,206.798782,343.521278,207.592191,341.205819,113.777011,373.352280,112.983602
344.156552,112.820542,375.793680,113.290902,374.420228,205.671318,342.783099,205.200958
343.256823,113.359112,375.937635,113.670125,375.060579,205.830014,342.379767,205.519001
342.303297,113.464223,375.771884,113.568686,375.491268,203.474498,342.022681,203.370035
376.807277,202.445719,343.865574,202.703121,343.170588,113.760524,376.112291,113.503122
344.562471,113.762391,377.480515,114.264618,376.107079,204.285391,343.189035,203.783165
344.275760,112.760432,376.556580,113.203016,375.310119,204.116347,343.029299,203.673763
343.835604,114.141655,376.109040,114.151129,376.082660,204.010501,343.809224,204.001026
376.911655,203.245414,344.505450,203.299535,344.355822,113.705910,376.762027,113.651789
377.397604,202.769718,345.238652,203.171223,344.138528,115.055694,376.297480,114.654189
375.480072,201.212166,344.269511,201.365405,343.842846,114.465411,375.053407,114.312172
376.556772,197.845823,344.656339,198.042839,344.140158,114.463704,376.040591,114.266688
345.033565,113.567249,376.585340,113.706793,376.190859,202.901233,344.639085,202.761689
376.716960,201.394972,344.898002,201.896905,343.527336,115.006674,375.346294,114.504740
377.123345,201.487933,345.520585,201.991457,344.143020,115.531076,375.745779,115.027552
376.005509,202.150855,344.661899,202.244337,344.399783,114.359311,375.743394,114.265829
376.628685,203.981129,345.486035,204.426395,344.201614,114.591827,375.344265,114.146561
346.117206,113.371430,377.526443,114.054679,375.581813,203.450197,344.172577,202.766949
376.627180,203.556225,346.033594,204.129588,344.370843,115.408188,374.964429,114.834826
377.208462,197.012219,346.220032,197.279638,345.508697,114.850416,376.497126,114.582997
376.830541,199.070338,345.761408,199.817858,343.738705,115.748438,374.807839,115.000917
376.801208,200.298483,347.000579,201.307536,344.114688,116.077734,373.915318,115.068681
378.003184,202.712971,347.100407,203.639574,344.477945,116.178882,375.380723,115.252279
377.566914,201.551996,347.589803,202.321229,345.391996,116.672340,375.369107,115.903107
377.755054,200.853441,347.293205,201.501913,345.490454,116.817975,375.952302,116.169503
377.208621,200.393558,347.143600,201.281322,344.640107,116.497963,374.705128,115.610199
378.626791,200.932654,347.704899,202.136395,344.376910,116.646459,375.298802,115.442719
377.521910,195.767183,347.029568,196.450646,345.249717,117.043507,375.742058,116.360044
377.799841,198.077934,347.929853,198.625195,346.413487,115.860438,376.283474,115.313178
377.945379,199.549861,347.280424,200.500526,344.689397,116.923492,375.354352,115.972827
377.348876,200.462147,347.019865,201.222532,344.890788,116.301300,375.219800,115.540916
378.714745,198.893349,348.258946,200.582471,343.637762,117.260001,374.093562,115.570878
378.353323,200.387420,348.380032,201.981018,343.880459,117.350549,373.853750,115.756950
377.403450,200.232114,347.273415,201.285331,344.340930,117.393860,374.470965,116.340644
377.193044,199.793417,347.724921,200.772238,344.980386,118.145932,374.448509,117.167111
377.357783,199.649850,347.966717,201.105337,343.833132,117.634709,373.224199,116.179221
377.021555,198.077182,348.191141,198.761812,346.276971,118.154329,375.107385,117.469698
376.724774,197.311454,347.833675,198.247230,345.250933,118.507796,374.142033,117.572020
377.025519,197.652868,347.816040,198.388843,345.781286,117.633223,374.990765,116.897249
376.775053,195.574441,347.362345,196.494155,344.879115,117.079845,374.291822,116.160131
375.879995,195.991212,346.806342,196.836482,344.519141,118.166599,373.592794,117.321329
376.319366,196.123249,347.128647,197.402799,343.666337,118.416146,372.857056,117.136597
376.410236,195.072946,347.598765,196.322203,344.207925,118.119640,373.019396,116.870383
376.395625,195.595645,347.786520,197.045772,343.813172,118.656824,372.422277,117.206697
377.075918,195.278597,347.786868,197.193219,342.681210,119.089086,371.970260,117.174464
376.293695,194.238070,347.371165,196.048971,342.530487,118.736824,371.453017,116.925923
376.583911,193.990454,348.048724,195.648785,343.547542,118.196135,372.082729,116.537805
376.319080,195.862865,348.194668,197.933335,342.405805,119.299776,370.530216,117.229306
376.281097,196.485267,347.251919,198.301464,342.301892,119.182723,371.331070,117.366526
376.305043,194.703436,347.736645,196.502674,342.901193,119.725104,371.469591,117.925866
376.292442,194.871856,348.136126,197.233778,341.569983,118.959220,369.726299,116.597298
375.422194,192.676372,346.873646,195.035230,340.599083,119.096094,369.147630,116.737236
375.672891,194.064063,347.387208,196.441457,340.968244,120.070112,369.253927,117.692718
375.740163,192.917460,347.831898,195.455526,340.964190,119.939044,368.872455,117.400978
375.349738,194.089072,347.463646,196.553673,340.710640,120.145782,368.596731,117.681181
375.417171,192.530911,347.368493,194.989790,340.859695,120.743290,368.908373,118.284411
375.362618,193.522939,347.430577,195.784391,341.355695,120.751263,369.287735,118.489811
375.931151,193.046934,348.196202,195.731641,340.947494,120.847280,368.682443,118.162574
375.614095,193.220187,347.723394,195.632070,341.211309,120.327178,369.102010,117.915295
375.818799,192.187634,347.786775,194.938409,340.486640,120.545731,368.518664,117.794956
375.069651,190.830306,347.439534,193.232844,341.144885,120.841938,368.775002,118.439400
374.949127,190.507231,347.312126,193.121988,340.523814,121.372084,368.160814,118.757327
375.831307,191.228739,348.338649,193.929551,341.136484,120.615796,368.629142,117.914985
374.588509,190.697901,347.906243,193.173622,341.186430,120.750329,367.868696,118.274608
375.390125,191.912240,348.721037,194.526094,341.572946,121.594302,368.242034,118.980447
375.011456,190.828190,348.062603,193.626514,340.600405,121.762907,367.549258,118.964582
376.087817,192.960744,348.824544,196.356678,339.655523,122.745842,366.918796,119.349908
375.397115,190.986058,349.037525,193.710394,341.659114,122.319838,368.018704,119.595501
375.781644,193.712123,349.307069,196.538346,341.358315,122.078606,367.832889,119.252382
375.560767,194.022657,348.881571,196.531241,341.918972,122.482859,368.598168,119.974276
375.769390,192.269540,349.076053,194.902904,341.913303,122.297026,368.606640,119.663662
374.872621,193.138946,348.417859,195.528914,341.773746,121.984675,368.228508,119.594706
375.999240,192.260563,349.427750,194.801552,342.516259,122.527101,369.087749,119.986112
376.890493,191.316846,350.521707,194.518961,341.919946,123.685164,368.288732,120.483048
376.396297,191.480243,350.305459,194.681192,341.617168,123.863204,367.708005,120.662254
376.632499,191.004003,350.664281,194.262632,341.865984,124.148441,367.834203,120.889813
