1.853891
0.036577
0.036125
0.036131
0.036254
0.036273
0.036251
0.036319
0.036398
0.036588
0.046948
0.036311
0.036211
0.036106
0.036324
0.036479
0.036270
0.036463
0.036395
0.036246
0.046625
0.036377
0.036519
0.036543
0.036572
0.036803
0.036040
0.035996
0.036383
0.036563
0.047020
0.036747
0.037001
0.036120
0.035982
0.035824
0.036745
0.046436
0.036019
0.035770
0.046068
0.036636
0.036518
0.046759
0.036212
0.046524
0.036656
0.036156
0.035919
0.046148
0.046120
0.046127
0.046050
0.047422
0.046507
0.046214
0.046134
0.046231
0.035834
0.035734
0.046082
0.045953
0.035622
0.035510
0.045908
0.045914
0.045855
0.035547
0.035512
0.035507
0.045860
0.045960
0.035509
0.035464
0.035425
0.038121
0.037771
0.037902
0.037949
0.035626
0.048158
0.037853
0.037857
0.048326
0.037851
0.037811
0.048358
0.037788
0.037766
0.037866
0.045921
0.037711
0.037899
0.037705
0.037705
0.037893
0.037880
0.037855
0.035510
0.035518
0.045921
0.035455
0.035549
0.035475
0.035565
0.035542
0.035551
0.035594
0.035497
0.035573
0.045965
0.035635
0.035605
0.035671
0.035651
0.035675
0.035797
0.035743
0.035764
0.035715
0.046194
0.035861
0.035675
0.035724
0.036003
0.035808
0.035720
0.035752
0.035651
0.035703
0.046196
0.036122
0.036172
0.036038
0.035723
0.036145
0.036083
0.036191
0.036351
0.036319
0.046621
0.036006
0.036063
0.036111
0.036188
0.036298
0.036308
0.036299
0.036423
0.036556
0.046762
0.036501
0.036500
0.036444
0.039036
0.036574
0.036487
0.036381
0.036273
0.036337
0.046606
0.036156
0.035978
0.036161
0.036033
0.035947
0.035975
0.035950
0.035918
0.035893
0.045955
0.035677
0.035656
0.035503
0.035573
0.035500
0.035542
0.035635
0.035591
0.035635
0.046042
0.035745
0.035626
0.035898
0.035732
0.035705
0.035690
0.035773
0.035683
0.035821
0.046219
0.035831
0.035817
0.035608
0.035680
0.035748
0.035609
0.035460
0.035478
0.035505
0.045848
0.035522
0.035587
0.035568
0.035611
0.035599
0.035518
0.035644
0.035615
0.035830
0.046901
0.036347
0.036325
0.036317
0.036463
0.036571
0.036699
0.037061
0.036501
0.036330
0.046948
0.036361
0.036377
0.036305
0.036123
0.035998
0.035792
0.035683
0.035597
0.035527
0.048227
0.037746
0.035522
0.035443
0.035590
0.035467
0.035424
0.035488
0.035532
0.035509
0.045784
0.035401
0.035485
0.035545
0.038051
0.035421
0.037802
0.037785
0.037740
0.038078
0.046062
0.037700
0.037896
0.035612
0.037742
0.037351
0.037615
0.047814
0.037793
0.037743
0.048119
0.042033
0.035821
0.035723
0.035633
0.035789
0.035946
0.036008
0.036175
0.036188
0.046522
0.036032
0.035939
0.036007
0.036169
0.036272
0.036458
0.036468
0.036285
0.036464
0.046797
0.036350
0.036653
0.036513
0.036349
0.036274
0.036129
0.036139
0.036166
0.036117
0.046570
0.036196
0.036026
0.036153
0.036235
0.036006
0.036126
0.036111
0.035960
0.035917
0.046189
0.036023
0.036014
0.036037
0.035887
0.035793
0.035787
0.035831
0.035719
0.035860
0.046351
0.036072
0.035913
0.035960
0.036144
0.036298
0.036410
0.036305
0.036238
0.036305
0.046557
0.036436
0.036528
0.036507
0.036784
0.035847
0.035717
0.037247
0.035854
0.035818
0.046221
0.036186
0.036334
0.036530
0.036515
0.036494
0.036332
0.036232
0.035943
0.035879
0.046023
0.036679
0.036597
0.036403
0.036273
0.036048
0.035780
0.035610
0.035654
0.035686
0.045994
0.035635
0.035635
0.035693
0.035594
0.035537
0.035618
0.035610
0.035769
0.035865
0.046181
0.036051
0.036192
0.036388
0.036263
0.036387
