1.823868
0.037331
0.036656
0.036596
0.036598
0.036679
0.037061
0.036641
0.036465
0.036574
0.047019
0.036856
0.036896
0.036814
0.036589
0.036628
0.036721
0.036839
0.036917
0.036423
0.047143
0.037079
0.036809
0.036555
0.036455
0.036627
0.036765
0.036472
0.036291
0.036685
0.047048
0.036781
0.036830
0.036548
0.036807
0.036992
0.036424
0.036265
0.036888
0.036538
0.046553
0.036878
0.036958
0.036313
0.036712
0.036279
0.036353
0.036158
0.036032
0.036163
0.047200
0.036323
0.036005
0.035922
0.035967
0.035997
0.036050
0.036038
0.036095
0.036044
0.046592
0.036143
0.036012
0.035981
0.035993
0.035955
0.035892
0.035794
0.035703
0.035729
0.046125
0.035792
0.035762
0.035633
0.035768
0.035704
0.035905
0.046278
0.046233
0.046090
0.046130
0.046195
0.046028
0.046095
0.046221
0.046077
0.035849
0.046263
0.046716
0.046681
0.046485
0.035950
0.046122
0.035827
0.035623
0.035594
0.035651
0.035480
0.035643
0.035549
0.046594
0.035649
0.035630
0.035426
0.038047
0.035451
0.035472
0.037818
0.037943
0.037750
0.048160
0.037647
0.038048
0.037516
0.038203
0.037640
0.037284
0.047821
0.037206
0.037186
0.047441
0.036926
0.037278
0.037441
0.037474
0.037249
0.037610
0.037956
0.035452
0.037623
0.048060
0.037691
0.037593
0.037562
0.037550
0.037545
0.037668
0.037206
0.037426
0.037343
0.047685
0.037520
0.037545
0.037779
0.037367
0.037411
0.037542
0.037634
0.037572
0.037329
0.047920
0.037557
0.037944
0.037281
0.037184
0.037281
0.037212
0.037066
0.037091
0.037191
0.048215
0.037335
0.037435
0.037437
0.037247
0.037150
0.037371
0.037332
0.037265
0.037382
0.047963
0.036831
0.036807
0.036916
0.036776
0.036815
0.036857
0.036787
0.036748
0.036861
0.048234
0.036834
0.037056
0.036808
0.036851
0.036666
0.036832
0.036837
0.036722
0.036678
0.047613
0.036596
0.036664
0.036638
0.036510
0.036351
0.036469
0.036554
0.036391
0.036649
0.047353
0.036378
0.036176
0.036164
0.036225
0.036245
0.036293
0.036390
0.036261
0.036396
0.047209
0.036421
0.036251
0.036134
0.035978
0.035986
0.036019
0.035868
0.036118
0.036019
0.046995
0.036268
0.036097
0.036063
0.036119
0.036120
0.036006
0.036053
0.036011
0.036102
0.046929
0.036191
0.036164
0.035965
0.036012
0.035985
0.035886
0.035911
0.035932
0.035996
0.047102
0.036170
0.035896
0.035890
0.035758
0.035735
0.035879
0.035786
0.035760
0.035671
0.046696
0.035755
0.035643
0.035711
0.035603
0.035763
0.036136
0.035721
0.035819
0.035677
0.046847
0.035725
0.035724
0.035713
0.036062
0.035748
0.035762
0.035815
0.035723
0.035784
0.046832
0.035854
0.035739
0.035792
0.035603
0.035711
0.035661
0.035671
0.035770
0.035709
0.046651
0.035638
0.035641
0.035731
0.035628
0.035683
0.035746
0.035513
0.035577
0.035514
0.046476
0.035614
0.035496
0.035578
0.035610
0.035528
0.035548
0.035550
0.035622
0.035614
0.046478
0.035767
0.036059
0.036137
0.036051
0.035843
0.035592
0.035489
0.035460
0.035538
0.046494
0.035617
0.035475
0.035576
0.035455
0.035525
0.035597
0.035588
0.035591
0.035470
0.046454
0.035584
0.035556
0.035611
0.035601
0.035567
0.035695
0.035567
0.035540
0.035507
0.046383
0.035605
0.035569
0.035569
0.035532
0.035523
0.035493
0.035470
0.035542
0.035472
0.046479
0.035548
0.035579
0.035466
0.035450
0.035494
0.035413
0.035488
0.035591
0.035479
0.046524
