1.822837
0.036661
0.036176
0.036227
0.036116
0.036395
0.036483
0.036339
0.036494
0.036472
0.046980
0.036649
0.036560
0.036750
0.036831
0.036821
0.036575
0.036585
0.036922
0.036882
0.047152
0.036843
0.036541
0.036672
0.036832
0.036946
0.037112
0.037296
0.037128
0.036903
0.047350
0.036851
0.036748
0.036844
0.036945
0.037333
0.037081
0.036899
0.037217
0.037317
0.047675
0.037193
0.036925
0.037085
0.036959
0.037045
0.036822
0.036656
0.036649
0.037016
0.047430
0.037167
0.037047
0.037982
0.036939
0.036897
0.036981
0.036820
0.036966
0.036947
0.047582
0.037195
0.036929
0.036708
0.036388
0.036171
0.036263
0.036116
0.036549
0.036618
0.047291
0.036529
0.036625
0.036761
0.036762
0.036540
0.036615
0.036267
0.036099
0.036025
0.046302
0.035904
0.035790
0.035901
0.036017
0.036025
0.036023
0.035903
0.035764
0.046147
0.045978
0.046137
0.046202
0.046003
0.045849
0.035508
0.045726
0.045694
0.035269
0.045563
0.045505
0.035389
0.045758
0.035101
0.035028
0.044566
0.045312
0.045343
0.035064
0.034893
0.045256
0.045247
0.045071
0.045103
0.034766
0.034845
0.034904
0.045144
0.045185
0.045123
0.045102
0.045082
0.045130
0.044936
0.045086
0.045031
0.044967
0.034879
0.045037
0.044959
0.045077
0.045063
0.045253
0.044964
0.045135
0.045037
0.045172
0.034569
0.034614
0.045053
0.044847
0.044866
0.034620
0.045025
0.034605
0.044952
0.045388
0.044865
0.045033
0.044807
0.044828
0.045111
0.045659
0.034773
0.045042
0.045474
0.034765
0.045031
0.044999
0.044970
0.045061
0.044884
0.044931
0.034722
0.044962
0.044869
0.045016
0.045076
0.044917
0.034800
0.044881
0.044915
0.044917
0.045094
0.044880
0.044864
0.044787
0.044856
0.034534
0.044997
0.044850
0.044991
0.044991
0.044742
0.044859
0.045144
0.044813
0.044871
0.044977
0.045025
0.045133
0.044981
0.034768
0.044954
0.044893
0.044947
0.034762
0.045129
0.034686
0.044833
0.044918
0.045072
0.034680
0.044833
0.045039
0.045090
0.044848
0.045105
0.045049
0.045032
0.044861
0.034605
0.044979
0.044928
0.034708
0.045088
0.045019
0.044990
0.034530
0.044969
0.044936
0.044962
0.034601
0.034539
0.034463
0.044976
0.034592
0.034610
0.044831
0.044913
0.044936
0.044886
0.034591
0.034500
0.045022
0.034567
0.045017
0.034523
0.044765
0.034259
0.044802
0.034561
0.034370
0.034578
0.045058
0.044920
0.045062
0.034515
0.034560
0.044947
0.044809
0.034485
0.045225
0.044963
0.034505
0.034544
0.034580
0.034540
0.045017
0.044969
0.044870
0.045052
0.045238
0.044931
0.034747
0.045019
0.044808
0.034619
0.044995
0.044813
0.044818
0.034494
0.044824
0.034312
0.044837
0.034304
0.044943
0.034454
0.044806
0.034633
0.044980
0.034542
0.034567
0.045034
0.034639
0.045036
0.034504
0.045052
0.034679
0.044998
0.044772
0.034521
0.034493
0.034481
0.044920
0.034544
0.044839
0.044869
0.044862
0.034752
0.045002
0.034501
0.045098
0.034671
0.034664
0.044943
0.034588
0.034569
0.044983
0.034697
0.044950
0.034699
0.044869
0.034586
0.045429
0.034477
0.034585
0.045011
0.034522
0.034599
0.045077
0.044978
0.044901
0.045162
0.045052
0.034733
0.045043
0.034561
0.034536
0.034530
0.044917
0.034717
0.034642
0.034705
0.034694
0.045077
0.034566
0.034616
0.034504
0.034585
0.044978
0.034716
0.034523
0.034500
0.034607
0.034729
0.034572
0.034618
0.034846
0.044964
0.045027
0.034636
0.034421
0.034523
0.035270
0.034606
0.034511
0.034276
0.034595
0.034471
0.044919
0.034348
0.034417
0.034390
0.034557
0.034527
0.034586
0.044715
0.044737
0.034706
0.044877
0.034435
0.034733
0.034528
0.034696
0.044740
0.034448
0.044892
0.034488
0.044938
0.044005
0.045069
0.044908
0.044730
0.034490
0.044895
0.033296
0.044125
0.044018
0.034506
0.044753
0.044898
