1.822984
0.036976
0.036401
0.036334
0.036321
0.037215
0.045728
0.046959
0.036306
0.036233
0.046739
0.036352
0.036289
0.036458
0.036225
0.036138
0.036166
0.036280
0.036268
0.036235
0.046633
0.036255
0.046508
0.036211
0.036240
0.036307
0.046662
0.036308
0.046746
0.036482
0.046738
0.036392
0.036274
0.036414
0.036553
0.036428
0.036449
0.036480
0.036421
0.036482
0.047739
0.036590
0.048084
0.036598
0.036624
0.036721
0.036572
0.036572
0.036606
0.036644
0.047998
0.036612
0.036582
0.047975
0.036551
0.036665
0.036693
0.036633
0.036689
0.036538
0.047705
0.036579
0.036599
0.036596
0.036600
0.036642
0.036615
0.036621
0.036541
0.036673
0.047990
0.036633
0.036551
0.036468
0.036573
0.036521
0.036505
0.036742
0.036555
0.036683
0.047820
0.036613
0.036639
0.036501
0.036494
0.036430
0.036634
0.047686
0.036448
0.036508
0.047798
0.036542
0.037114
0.036640
0.036632
0.036495
0.036504
0.036616
0.036577
0.036693
0.047786
0.036477
0.036545
0.036447
0.036416
0.036437
0.036503
0.036538
0.036529
0.036587
0.048125
0.036591
0.036418
0.036584
0.036435
0.036378
0.036668
0.036576
0.036545
0.048046
0.048067
0.036743
0.036655
0.048166
0.036653
0.036581
0.036664
0.036642
0.036609
