301.330000,135.550000,371.750000,136.080000,371.120000,219.970000,300.710000,219.450000
383.283850,210.443288,316.422932,227.742031,294.443353,142.789334,361.304272,125.490592
380.266621,218.468497,308.902744,232.480988,291.668989,144.711622,363.032867,130.699130
377.330942,223.354940,307.328780,235.720528,291.757298,147.569657,361.759461,135.204069
376.940847,230.490181,302.942449,235.286046,297.074567,144.746830,371.072965,139.950965
382.374365,228.963992,306.657089,236.832260,297.477443,148.495437,373.194719,140.627169
394.969507,218.758330,326.477340,243.968291,293.797761,155.182150,362.289927,129.972189
401.853907,216.275703,334.255412,245.132130,296.123704,155.805547,363.722200,126.949119
403.201696,213.897724,333.767340,245.528099,294.134098,158.526014,363.568455,126.895639
400.402689,222.880447,327.045419,247.685232,295.744144,155.115343,369.101414,130.310559
405.734612,218.334362,335.774969,251.479277,292.400142,159.927151,362.359785,126.782236
409.210000,221.846242,334.494041,250.656510,298.656878,157.717147,373.372837,128.906878
413.404528,220.842607,338.708799,247.243056,305.225303,152.507010,379.921032,126.106561
342.354027,120.516691,420.639339,160.981806,371.631588,255.794017,293.346276,215.328902
419.148836,216.173631,346.582436,234.979221,321.423606,137.897146,393.990006,119.091556
427.531412,206.511408,355.484516,234.099925,320.911565,143.813309,392.958460,116.224792
435.682233,193.275591,368.538059,233.276332,316.829784,146.480204,383.973959,106.479463
429.359689,213.151284,352.625289,237.484017,321.050672,137.911998,397.785071,113.579265
436.327431,189.820843,370.597993,231.438082,316.175449,145.484200,381.904888,103.866961
442.070360,185.456625,379.876226,228.672192,318.556841,140.423758,380.750976,97.208191
440.859705,198.602314,367.552247,226.349060,330.673661,128.915097,403.981119,101.168351
453.555066,177.395556,387.459618,222.835280,328.387977,136.911198,394.483424,91.471474
458.502534,166.613166,395.064693,215.353707,332.920503,134.470461,396.358344,85.729919
463.667314,181.949681,392.270660,221.226207,341.637065,129.184738,413.033720,89.908211
468.509307,200.104273,390.026862,230.869009,351.478277,132.529561,429.960722,101.764824
486.155469,198.078598,412.082820,241.824712,354.633104,144.548581,428.705754,100.802468
498.311069,197.681383,431.701146,250.097471,354.072255,151.447332,420.682179,99.031243
487.200500,180.778837,422.555978,234.698272,349.944472,147.643648,414.588994,93.724213
468.955978,174.598127,396.781718,216.151019,345.639698,127.321161,417.813957,85.768269
458.997581,173.547134,384.385316,207.693606,340.121370,110.974003,414.733635,76.827530
452.228754,162.409703,379.486368,199.093520,333.051157,107.014550,405.793543,70.330733
436.294435,166.251799,365.841678,194.222584,327.565866,97.813547,398.018624,69.842762
442.797978,159.455928,371.176539,194.015248,325.097447,98.519995,396.718886,63.960676
443.262064,158.213690,371.675154,199.502760,316.790903,104.344550,388.377813,63.055481
450.157952,166.219708,380.911455,209.915145,322.835241,117.878662,392.081738,74.183225
457.493322,191.731061,382.613160,226.360691,335.863159,125.272472,410.743322,90.642842
472.936998,161.431766,420.084292,232.565857,335.237605,169.524677,388.090311,98.390586
493.908866,214.725352,424.808432,261.210798,355.080263,157.560148,424.180696,111.074702
493.822278,216.633948,425.782197,260.487256,353.078029,147.683964,421.118110,103.830656
481.144505,195.063162,411.253059,235.257395,347.053936,123.625224,416.945382,83.430991
469.291884,191.983371,394.470276,222.018644,351.085994,113.942987,425.907602,83.907715
466.863044,173.412248,393.727587,207.440117,347.449684,107.975896,420.585142,73.948026
464.306522,167.507022,392.822899,202.540284,342.320403,99.492463,413.804027,64.459200
461.177505,169.891771,390.982592,199.623188,346.589106,94.811607,416.784018,65.080190
462.676955,159.663773,389.679854,197.655110,340.766008,103.671342,413.763109,65.680005
466.094002,161.215351,395.212864,203.795709,343.695887,118.038283,414.577024,75.457925
465.996060,165.374659,400.141188,210.058468,345.403522,129.386250,411.258394,84.702441
464.421274,204.441767,385.982167,221.107877,367.107295,132.273225,445.546403,115.607115
483.245553,188.959713,423.840859,249.207773,351.543188,177.922140,410.947882,117.674080
489.418290,234.318881,417.744278,271.907068,357.236464,156.529390,428.910476,118.941203
474.658691,235.724818,399.095552,261.403912,360.076669,146.587194,435.639808,120.908101
469.308543,210.862236,394.845627,241.585391,349.591250,131.903528,424.054166,101.180373
457.933794,212.034983,382.204186,232.447011,350.482791,114.759107,426.212399,94.347079
456.277666,204.961188,385.566226,229.166509,346.491922,115.018042,417.203362,90.812720
453.061767,201.461111,381.469042,228.975692,339.081714,118.684198,410.674438,91.169616
452.391328,207.080943,380.126891,233.349162,339.659635,122.022867,411.924073,95.754648
445.948985,230.219755,371.940109,246.837389,346.444561,133.289524,420.453437,116.671890
448.867094,243.777612,373.528839,264.750835,342.749953,154.189499,418.088208,133.216277
438.832101,257.334241,360.036988,265.388911,349.680984,164.080908,428.476098,156.026239
437.960420,283.985940,364.756163,294.465268,347.960527,177.137898,421.164784,166.658569
436.330030,281.443825,364.102850,299.188544,334.697315,179.497788,406.924496,161.753069
427.572517,248.787758,359.069997,270.442532,324.947324,162.499168,393.449844,140.844394
412.440058,223.955813,340.775052,239.837315,320.196204,146.975617,391.861210,131.094115
408.237752,205.826403,340.699858,229.808004,308.833894,140.065870,376.371789,116.084269
390.781184,208.110070,325.831516,220.877810,307.668957,128.484619,372.618625,115.716880
390.467283,209.805920,324.429736,226.751631,299.781429,130.697018,365.818976,113.751307
385.330510,206.848550,318.852843,223.283757,296.578812,133.189024,363.056480,116.753817
381.062707,217.731399,309.911499,228.600211,295.637998,135.160672,366.789207,124.291860
306.482197,134.129688,379.933170,142.460245,369.394513,235.380151,295.943540,227.049593
372.731584,242.252952,307.376532,245.638990,301.088177,124.265321,366.443229,120.879284
304.019761,170.842990,378.495087,175.399507,373.159166,262.614034,298.683840,258.057517
374.163223,294.022200,305.097152,298.030605,298.542868,185.098246,367.608939,181.089841
374.032623,303.438376,302.586043,309.214512,292.728104,187.279015,364.174684,181.502879
370.306258,276.935977,304.609762,290.949580,280.765722,179.167482,346.462218,165.153880
355.149941,249.175132,284.969912,253.894667,277.858284,148.143939,348.038312,143.424404
351.533797,242.393252,285.160538,252.127938,268.750639,140.241587,335.123898,130.506901
347.819772,216.206033,280.045981,231.085906,259.866426,139.173504,327.640217,124.293631
338.700173,215.557361,273.268776,223.939762,261.441552,131.618750,326.872949,123.236348
341.398455,214.607661,280.074831,230.704407,256.147236,139.547669,317.470860,123.450923
325.788742,215.118029,265.754901,220.516091,258.304055,137.652479,318.337896,132.254417
333.148303,218.837074,269.912702,231.962078,253.506448,152.917577,316.742049,139.792573
325.637985,236.414968,260.753916,238.471973,258.295545,160.927598,323.179614,158.870594
324.285638,254.717839,259.267527,257.049226,256.458627,178.714154,321.476737,176.382766
330.482646,278.511543,263.906569,289.091275,248.775092,193.872003,315.351169,183.292271
324.106993,285.615651,256.751487,289.698993,250.676270,189.487142,318.031776,185.403800
321.741392,272.606725,255.437152,278.581757,246.978990,184.722508,313.283230,178.747476
316.857024,258.058979,252.910981,266.127984,242.259895,181.719206,306.205939,173.650202
314.814207,255.754513,256.950461,266.619714,241.708998,185.449738,299.572743,174.584537
317.046578,241.623039,261.275932,270.621937,226.906867,204.523395,282.677512,175.524496
316.100592,248.574103,260.092804,274.946655,228.382950,207.603958,284.390737,181.231406
312.791910,259.448251,252.340911,281.746163,226.535462,211.786017,286.986462,189.488106
317.730472,227.252458,292.133670,281.288067,229.317273,251.531785,254.914076,197.496175
312.234389,221.322037,295.862903,278.752896,230.227636,260.042626,246.599121,202.611767
316.181122,251.110930,275.776779,291.728956,227.542872,243.748798,267.947215,203.130772
307.888256,262.064866,267.343110,287.989888,232.899866,234.122766,273.445012,208.197744
305.916395,268.606777,255.085064,287.567810,232.697338,227.550093,283.528670,208.589060
299.108230,269.939163,251.681187,279.036451,240.309577,219.752647,287.736620,210.655359
300.638258,267.461524,260.553416,274.238276,250.641153,215.606716,290.725995,208.829964
302.400927,261.097019,267.428039,268.950140,254.888377,213.106335,289.861265,205.253214
309.107879,252.605121,271.222386,270.172757,245.102086,213.843010,282.987579,196.275375
307.881201,240.820869,278.218624,266.912880,239.785797,223.220706,269.448374,197.128695
308.647917,234.895187,280.971504,258.930512,238.556224,210.089785,266.232636,186.054460
306.464076,219.292357,289.344443,249.568643,242.247997,222.938103,259.367630,192.661817
274.427685,206.286248,308.067108,211.383652,301.871800,252.268489,268.232378,247.171085
305.063241,206.194096,304.253567,228.064530,270.950861,226.831617,271.760535,204.961183
288.893376,189.590553,307.740207,191.021059,304.163940,238.138136,285.317109,236.707629
350.514194,221.268443,342.326054,235.788049,316.033794,220.960877,324.221934,206.441271
369.874687,221.418159,393.173917,236.510761,370.883305,270.921931,347.584075,255.829329
378.249185,251.116795,365.287063,254.538922,359.168716,231.364220,372.130837,227.942094
388.183647,250.640488,366.217699,250.991377,365.792940,224.401019,387.758887,224.050131
410.680046,229.241160,400.874846,252.204098,367.443510,237.928880,377.248710,214.965942
398.099359,226.297300,414.859201,234.910930,400.024617,263.775102,383.264775,255.161472
400.921426,240.530204,380.440543,253.314137,367.131243,231.991574,387.612126,219.207641
379.165098,237.200199,364.952243,259.154878,337.707280,241.517239,351.920134,219.562560
366.016276,226.359324,359.736709,251.170754,331.426230,244.005607,337.705797,219.194177
347.434777,215.833523,365.306774,233.758767,339.636055,259.353232,321.764058,241.427988
356.466419,233.545342,352.775544,251.880672,323.181678,245.923470,326.872553,227.588140
351.683405,238.121902,327.751323,249.126965,315.192604,221.816236,339.124686,210.811173
337.803774,200.147904,358.843141,217.580254,335.735142,245.469647,314.695776,228.037298
355.178853,228.751077,338.857856,249.416736,310.867659,227.311081,327.188656,206.645422
359.786235,199.753058,352.245275,218.372495,328.489441,208.751270,336.030401,190.131833
325.417542,204.191059,342.568443,214.509578,329.712584,235.877914,312.561683,225.559395
330.447360,198.393335,332.497486,218.287982,303.277223,221.299106,301.227097,201.404459
338.723933,218.247542,333.712852,234.720988,313.263057,228.500336,318.274138,212.026890
341.441582,240.095403,324.317533,248.612008,311.542626,222.925933,328.666676,214.409329
329.885259,221.677158,340.153643,237.830294,316.154699,253.086180,305.886314,236.933044
349.819121,231.395758,334.414757,243.292608,321.874834,227.055575,337.279198,215.158726
350.520888,225.176630,334.844137,231.075950,327.536024,211.655497,343.212775,205.756177
327.988909,207.448152,344.301481,208.576688,343.058456,226.544159,326.745884,225.415623
349.789332,218.174689,342.611219,228.731008,324.646957,216.515623,331.825070,205.959304
351.555171,229.190584,335.395972,240.363724,323.615596,223.326309,339.774794,212.153168
353.873895,235.948162,336.239672,245.239580,323.085531,220.274275,340.719754,210.982858
334.164267,217.238925,353.142904,217.705652,352.589745,240.198852,333.611108,239.732124
353.095769,206.502667,362.369577,216.118766,343.137378,234.666383,333.863569,225.050283
341.239752,209.276032,361.832308,217.743894,351.492603,242.888489,330.900047,234.420627
344.394248,221.951461,358.151302,225.049453,352.335773,250.874096,338.578720,247.776105
365.487880,234.303944,357.858651,249.618172,334.362850,237.913053,341.992079,222.598825
361.800305,222.134344,371.877187,229.504287,359.160423,246.891849,349.083540,239.521906
368.557262,243.417462,354.030904,246.064839,350.543089,226.926939,365.069447,224.279562
360.186800,221.354245,371.892940,227.627832,360.182244,249.479292,348.476104,243.205705
366.097114,224.748063,371.262066,237.401167,356.038800,243.615250,350.873848,230.962146
355.314416,229.690741,365.164357,231.120203,363.005577,245.995624,353.155637,244.566161
370.487601,226.837765,377.395854,238.861697,357.581769,250.245719,350.673516,238.221787
367.497595,224.180658,369.065683,232.773121,348.683563,236.492771,347.115475,227.900309
364.612789,245.555030,351.833727,247.399303,348.778290,226.228022,361.557352,224.383749
360.789707,222.644525,372.448775,225.383902,367.665736,245.741005,356.006668,243.001628
366.909584,232.250610,352.595311,236.794702,345.060170,213.058375,359.374443,208.514283
348.452203,213.323145,356.123477,218.444957,346.547916,232.786905,338.876642,227.665093
358.214683,225.131573,357.789553,235.578656,341.074221,234.898449,341.499350,224.451367
371.007494,231.270243,371.220772,242.049383,356.129975,242.347972,355.916698,231.568832
385.969990,226.579239,385.191646,239.446344,369.407997,238.491575,370.186342,225.624470
395.959357,232.256911,384.246180,241.514181,371.021509,224.781071,382.734686,215.523801
388.418194,222.631043,397.326140,235.903147,382.341507,245.960505,373.433561,232.688401
378.143046,220.844621,387.479569,234.704086,372.725946,244.642966,363.389422,230.783501
390.126655,225.592019,391.747869,236.498222,373.884261,239.153659,372.263047,228.247456
393.964089,229.643981,386.717664,242.058890,368.250487,231.279833,375.496912,218.864924
398.765627,236.386515,385.108327,237.295251,384.025313,221.018742,397.682613,220.110006
400.148215,232.617982,397.314240,243.392123,381.153029,239.141161,383.987003,228.367020
398.592159,224.399569,403.166527,237.324930,385.773140,243.480561,381.198772,230.555200
405.452900,221.422116,410.219926,234.793068,394.479438,240.404884,389.712412,227.033932
407.528425,226.222832,407.657591,233.229454,391.308806,233.530842,391.179640,226.524220
402.011901,237.764139,393.145612,239.133119,390.795100,223.909867,399.661389,222.540887
387.207462,229.846241,384.180115,241.904310,371.339054,238.680382,374.366401,226.622313
386.786084,234.297858,375.800067,244.594918,363.086349,231.030550,374.072367,220.733490
371.770839,228.219647,378.072947,237.209949,365.512966,246.014365,359.210858,237.024063
359.390693,219.530918,374.025710,220.771456,372.006536,244.592281,357.371519,243.351743
358.407442,231.436362,368.845525,240.181316,358.414797,252.631559,347.976714,243.886605
354.098170,229.628017,363.204986,237.750958,347.645549,255.194998,338.538733,247.072057
364.450905,246.151709,357.506511,250.957820,350.450732,240.762858,357.395126,235.956748
369.310579,241.796081,368.209603,252.049642,354.196403,250.544974,355.297380,240.291414
366.009709,234.398319,374.140526,244.909694,361.163520,254.947739,353.032703,244.436365
369.091230,252.324765,367.581887,264.434189,347.285810,261.904445,348.795153,249.795021
365.932751,248.766484,370.513550,257.927199,352.352836,267.008431,347.772037,257.847717
352.025580,225.578105,362.547458,230.257818,354.096035,249.260014,343.574158,244.580301
349.937059,229.581390,351.271348,240.641824,330.934421,243.095195,329.600132,232.034761
341.297837,221.589745,346.401749,234.042729,330.343953,240.624089,325.240042,228.171104
343.044869,228.771559,345.612255,239.459717,326.950393,243.942454,324.383007,233.254297
351.248876,237.448101,339.850011,244.681072,331.456192,231.452760,342.855057,224.219788
347.621626,229.761737,353.488466,239.670814,338.024300,248.826640,332.157460,238.917563
358.437084,244.269208,342.627130,246.727938,340.117176,230.588610,355.927130,228.129880
346.895751,224.012586,358.793033,231.640893,350.505489,244.566335,338.608207,236.938028
365.187676,234.739708,371.079348,247.255670,356.150671,254.283087,350.258998,241.767125
372.785390,245.927313,356.965815,247.283545,354.998534,224.336469,370.818109,222.980238
376.364002,229.657459,377.625273,238.131821,361.758381,240.493349,360.497110,232.018987
363.412192,226.543057,369.281166,237.254067,356.427954,244.296836,350.558980,233.585826
351.359916,221.666746,355.547983,235.996982,339.013095,240.829367,334.825028,226.499131
355.144907,238.408893,345.495147,239.942294,343.085517,224.778386,352.735276,223.244984
349.336058,223.378916,353.523610,234.248622,340.969865,239.084949,336.782313,228.215243
340.182325,238.370242,329.885441,240.990322,325.955323,225.544996,336.252206,222.924917
349.526439,241.438914,340.722409,250.876093,329.150630,240.080676,337.954659,230.643497
341.384139,231.661251,351.664476,245.746033,333.015181,259.357960,322.734845,245.273179
328.434807,245.095294,342.585122,249.174539,337.333680,267.391036,323.183366,263.311791
347.360786,251.848182,344.929827,264.372248,324.291578,260.366302,326.722537,247.842237
347.720875,253.681130,360.467179,253.988086,360.006745,273.107542,347.260441,272.800586
365.720159,262.858233,369.030261,276.134088,349.116479,281.099242,345.806376,267.823387
365.252620,256.331059,378.055701,259.123965,374.400280,275.880937,361.597200,273.088032
386.399446,276.362074,370.251894,287.303266,359.412955,271.306625,375.560508,260.365433
397.279622,272.815198,392.385063,284.984992,377.393287,278.955463,382.287846,266.785669
401.281599,268.594874,398.786492,275.479607,382.299368,269.504482,384.794476,262.619749
399.962759,263.208894,401.162539,271.815777,386.146274,273.909009,384.946495,265.302126
402.608440,253.195888,413.048895,261.371190,403.367616,273.734886,392.927162,265.559584
398.196243,248.398227,414.541302,253.071456,409.089201,272.140691,392.744143,267.467462
426.454616,276.175458,412.376105,279.569161,406.815339,256.500757,420.893850,253.107055
421.769071,277.700460,408.366866,279.233349,406.067532,259.130041,419.469737,257.597152
414.563292,262.277397,421.410302,272.610603,402.415438,285.197017,395.568429,274.863812
411.674467,300.135926,395.762194,303.108254,390.206771,273.367458,406.119044,270.395130
400.957800,286.012055,413.759655,288.460292,411.047761,302.640808,398.245906,300.192571
410.231867,316.959296,393.103759,319.685754,389.589658,297.609526,406.717766,294.883068
409.454463,327.505381,393.195224,329.954831,389.341821,304.376272,405.601060,301.926822
404.299867,315.972427,389.098848,320.355496,383.254756,300.087470,398.455775,295.704401
395.562467,329.451315,385.307304,331.668888,381.133049,312.365052,391.388212,310.147479
401.132803,321.148325,387.511475,327.522712,378.405208,308.063671,392.026536,301.689284
414.378777,286.465168,415.842199,302.651754,394.328383,304.596807,392.864962,288.410222
404.533009,295.083837,400.321875,308.574676,383.609343,303.357898,387.820477,289.867059
387.322779,297.906391,408.643512,300.309450,406.015867,323.622774,384.695135,321.219714
400.026530,306.330926,387.410621,321.627768,370.974652,308.072376,383.590562,292.775534
395.979442,322.990542,387.188264,334.658833,370.746580,322.271264,379.537758,310.602973
376.064674,296.433115,389.513739,300.775817,382.643196,322.053441,369.194132,317.710740
390.354149,318.427528,376.010234,322.946988,369.743249,303.056761,384.087163,298.537300
389.747766,321.476865,378.553454,327.677461,370.876526,313.817837,382.070838,307.617241
392.011769,332.205738,378.112417,335.382724,374.587268,319.960156,388.486619,316.783170
394.917384,322.438074,385.115063,335.424780,372.718662,326.068019,382.520983,313.081314
386.196905,324.419900,392.637252,333.602702,382.520606,340.698000,376.080258,331.515198
384.409381,326.189824,393.828715,330.992188,387.867160,342.685155,378.447826,337.882791
390.295995,333.266189,395.888375,343.332713,382.666672,350.677928,377.074292,340.611404
398.514406,345.027784,388.559175,355.484112,377.271094,344.736988,387.226324,334.280660
399.381998,344.083735,390.067929,354.661160,377.813596,343.870470,387.127665,333.293046
382.061177,334.175068,393.719947,339.674277,387.120897,353.664801,375.462127,348.165592
381.994404,341.852552,394.878822,345.283231,390.976425,359.939256,378.092007,356.508578
380.861640,337.136635,392.866851,338.413436,391.153251,354.525693,379.148039,353.248892
388.964408,340.404691,384.865654,350.252432,372.555978,345.128989,376.654732,335.281249
376.291488,335.174478,382.304816,341.067187,373.187795,350.370825,367.174467,344.478117
377.937331,332.491033,382.176423,341.680172,368.872744,347.817366,364.633652,338.628227
376.020605,332.678104,379.770604,340.569385,367.869000,346.225121,364.119001,338.333840
384.642116,348.209998,375.319501,351.229707,371.449170,339.281003,380.771785,336.261294
385.768967,340.664807,383.265858,348.787888,370.954314,344.994113,373.457423,336.871032
385.798707,343.680756,378.496248,349.765415,371.578075,341.462618,378.880534,335.377960
380.335182,334.851220,387.495174,340.508087,378.661164,351.689444,371.501172,346.032578
380.461045,339.736696,386.781376,344.140279,380.859315,352.640035,374.538984,348.236451
388.028062,343.835167,386.374512,349.023346,377.263563,346.119551,378.917113,340.931372
385.709439,350.312671,377.084417,352.501548,373.948114,340.143308,382.573137,337.954430
378.303799,337.354163,388.348200,340.818355,383.946638,353.580653,373.902237,350.116461
382.942125,343.211291,383.867329,350.992416,373.184767,352.262612,372.259563,344.481486
385.335869,340.837883,387.473414,349.475770,370.068717,353.782764,367.931171,345.144877
382.090097,338.687411,386.764902,348.994531,373.189672,355.151592,368.514866,344.844472
382.727685,332.401544,386.588070,342.322794,371.638242,348.139812,367.777857,338.218563
369.244838,320.517493,383.674499,321.131266,383.028078,336.328462,368.598417,335.714689
383.934884,316.665082,385.679384,325.865742,372.354290,328.392259,370.609790,319.191599
369.155978,316.119158,382.320797,318.838340,378.837801,335.701142,365.672982,332.981960
376.534601,316.797182,387.368265,321.754661,380.758293,336.199547,369.924629,331.242068
381.248524,335.364347,369.386044,335.909516,368.704583,321.081417,380.567062,320.536247
379.841614,325.844457,380.566631,337.806881,365.383554,338.727094,364.658537,326.764670
373.388073,340.471174,359.250998,340.634651,359.039763,322.367643,373.176839,322.204166
363.511646,318.324704,376.009041,318.579898,375.682394,334.576563,363.184999,334.321369
379.297648,311.757434,380.372253,320.716656,365.223024,322.533714,364.148419,313.574492
377.299217,305.769193,383.475820,315.911442,370.664560,323.713467,364.487956,313.571219
386.396671,311.362537,377.618404,321.412298,365.774043,311.066484,374.552309,301.016723
382.875910,308.435201,375.047850,317.884795,364.354889,309.026726,372.182949,299.577132
378.340116,307.133684,382.102198,317.045286,368.743082,322.115919,364.980999,312.204317
377.420655,334.674146,367.746442,336.219578,365.077060,319.509573,374.751273,317.964142
367.665380,311.550323,377.066024,319.380254,367.496109,330.869931,358.095464,323.040000
381.155203,315.503119,370.546346,321.265713,362.660692,306.748331,373.269548,300.985737
359.011083,305.803043,370.009210,306.005987,369.572574,329.668625,358.574446,329.465682
359.055635,299.228771,369.645739,300.290861,367.556382,321.123852,356.966278,320.061762
366.096031,313.871598,353.420336,315.339582,351.071561,295.058469,363.747257,293.590485
354.076833,288.899514,364.912342,288.995846,364.746719,307.625318,353.911210,307.528986
349.717122,287.739713,361.740777,288.167147,361.235627,302.376921,349.211972,301.949487
361.045948,287.174929,358.870280,299.531730,344.651494,297.028221,346.827163,284.671420
356.459710,300.638997,343.323124,302.646305,340.498023,284.157776,353.634610,282.150468
361.101232,283.933000,357.204441,294.035639,345.498208,289.520310,349.394999,279.417671
357.021004,286.088928,355.807079,292.371156,344.048037,290.098938,345.261961,283.816710
357.620737,292.264150,349.936431,298.150388,342.254393,288.121717,349.938699,282.235480
354.943174,301.009712,345.127664,301.754819,344.098707,288.200068,353.914217,287.454961
346.874167,291.149435,354.228921,293.491804,350.805458,304.241060,343.450704,301.898691
357.364234,299.356863,348.503477,301.220822,345.906158,288.873864,354.766915,287.009906
352.773601,297.899251,351.364047,305.504099,342.238229,303.812635,343.647783,296.207786
336.272027,295.038265,347.374002,295.443707,346.829991,310.340027,335.728017,309.934585
343.993346,301.437230,352.443822,306.393862,346.210481,317.020977,337.760005,312.064344
342.947374,309.990658,352.723393,313.123152,348.818503,325.309696,339.042484,322.177202
352.576887,336.844284,341.800011,337.948840,339.880845,319.224017,350.657721,318.119461
354.709291,337.826728,342.161901,342.298164,336.488467,326.377820,349.035857,321.906385
339.892338,315.783043,351.975617,315.819145,351.920562,334.246146,339.837283,334.210044
348.143183,315.571850,358.182474,317.986185,354.393825,333.740149,344.354534,331.325814
347.785699,314.121162,358.411682,316.589277,354.831177,332.004435,344.205194,329.536320
345.616504,312.106410,358.093678,315.972810,353.568232,330.576774,341.091059,326.710374
359.691811,322.075731,358.491388,333.104343,345.909451,331.734847,347.109874,320.706235
360.405382,335.332206,350.795392,336.192685,349.603959,322.886544,359.213950,322.026065
362.701675,314.496569,368.254886,322.453483,356.953761,330.340652,351.400550,322.383738
362.431866,326.128242,353.106892,328.512669,348.446421,310.286584,357.771395,307.902157
361.824545,332.309884,351.530822,332.416163,351.384887,318.281500,361.678609,318.175221
364.147564,320.011054,356.061457,326.478173,347.408268,315.658734,355.494376,309.191614
357.908585,311.574141,365.579909,314.367473,360.679325,327.825936,353.008002,325.032604
356.708283,312.446400,366.322667,312.508285,366.232020,326.591326,356.617636,326.529442
366.626483,313.366112,367.360940,321.198942,356.779749,322.191102,356.045293,314.358273
367.639898,321.853052,375.092460,330.734176,364.625421,339.517552,357.172859,330.636429
377.294935,332.409232,366.727237,337.687386,360.797459,325.815034,371.365157,320.536880
373.839656,327.443864,384.088623,328.916085,381.849189,344.506063,371.600221,343.033843
374.297921,317.068414,382.156859,326.939104,372.518421,334.613126,364.659483,324.742436
373.329305,313.303042,381.641030,317.806017,375.432382,329.266124,367.120656,324.763148
382.009855,314.498710,378.562220,323.473899,367.311630,319.152215,370.759266,310.177026
370.095075,300.184808,379.965512,303.303993,376.014543,315.806547,366.144106,312.687361
376.758212,315.253715,366.477024,316.056721,365.127527,298.778613,375.408715,297.975606
375.626665,302.136881,363.094445,302.462828,362.627124,284.494946,375.159344,284.168999
361.736037,274.175753,375.314580,275.678623,372.605919,300.151578,359.027376,298.648708
362.451352,283.139444,374.499300,284.834946,372.362503,300.018662,360.314555,298.323160
368.053118,283.414546,378.808553,289.722504,370.176611,304.440469,359.421175,298.132511
369.120242,288.396529,378.591516,297.102417,367.021850,309.689241,357.550576,300.983354
366.341139,295.142511,377.480426,298.654117,372.492928,314.475134,361.353641,310.963528
376.663766,321.441521,363.771312,324.288825,360.084418,307.594750,372.976872,304.747446
370.329250,303.555626,379.546898,312.364568,366.945218,325.550927,357.727569,316.741985
372.040331,302.752450,380.979014,312.309736,369.382841,323.155338,360.444158,313.598052
370.107896,302.844867,381.075695,303.344344,380.342592,319.442244,369.374793,318.942766
376.618845,309.624588,383.783598,316.086682,374.827362,326.016778,367.662609,319.554684
373.055737,317.400291,383.759457,324.036021,374.656597,338.719330,363.952877,332.083600
384.689267,349.271008,372.596295,350.785998,369.966104,329.791256,382.059075,328.276266
381.266226,351.921443,373.025164,353.085844,370.200871,333.096884,378.441933,331.932483
384.766579,353.953919,373.778099,358.386878,366.432052,340.177398,377.420531,335.744438
371.819312,346.987023,376.314540,357.775470,364.545326,362.679355,360.050097,351.890909
364.723337,340.923188,375.480198,343.223174,371.960523,359.684431,361.203662,357.384446
362.577773,340.309924,374.874451,341.260098,373.449190,359.705114,361.152512,358.754940
383.668669,338.445189,386.259378,348.948096,367.286386,353.628085,364.695677,343.125179
383.472088,339.582815,374.766894,350.795597,358.870291,338.454057,367.575485,327.241274
376.511238,345.345114,364.372190,347.654508,361.103511,330.473086,373.242559,328.163692
372.238863,346.161666,358.423255,346.911429,357.410588,328.251387,371.226196,327.501624
369.228215,347.847068,356.736992,349.027506,354.662283,327.073236,367.153506,325.892798
354.423371,330.881149,367.920126,332.962199,364.512028,355.065580,351.015274,352.984530
362.341987,355.629561,347.390845,358.414654,343.880864,339.572119,358.832006,336.787025
352.022984,339.078384,366.443137,339.301262,366.179450,356.361724,351.759297,356.138846
348.578065,339.182851,356.652982,339.734675,355.483640,356.845808,347.408724,356.293984
358.268427,339.480070,364.100809,339.585395,363.903325,350.521112,358.070943,350.415787
357.229216,349.309336,348.470641,351.062387,343.318820,325.322899,352.077396,323.569848
356.877777,343.024713,347.864104,344.377240,344.239333,320.220596,353.253006,318.868070
345.363932,315.521088,355.594952,316.814879,353.077940,336.718863,342.846921,335.425071
352.628369,342.807976,342.536838,343.019602,342.013341,318.056341,352.104873,317.844714
344.880281,321.081922,360.727248,326.881860,352.220672,350.124077,336.373705,344.324139
344.824265,345.988557,333.242597,349.524367,328.566205,334.206678,340.147872,330.670868
344.755463,356.078278,333.090715,360.249216,326.740928,342.490944,338.405676,338.320005
342.657867,338.090076,351.842638,343.015061,344.624988,356.475500,335.440218,351.550515
348.711510,357.107995,339.175747,358.415612,336.723966,340.536057,346.259729,339.228441
342.391926,335.693292,352.638441,344.077532,343.129486,355.698580,332.882970,347.314340
354.643028,333.415625,360.518723,346.122954,345.542229,353.047881,339.666533,340.340552
348.193930,322.429801,363.548578,325.089700,360.405061,343.236102,345.050413,340.576203
368.179469,343.310971,355.052165,343.399677,354.910985,322.506925,368.038290,322.418219
368.860463,344.224726,358.464077,344.677712,357.449051,321.382107,367.845437,320.929120
371.035571,343.425909,360.755018,344.658390,358.290058,324.097285,368.570610,322.864804
377.644459,350.461586,364.549674,351.227891,363.426460,332.034165,376.521245,331.267860
377.782026,355.325258,368.678882,355.781774,367.592372,334.116293,376.695516,333.659776
370.406780,331.694089,380.131729,332.879048,377.824177,351.817106,368.099228,350.632147
369.089794,329.819304,379.741899,332.532392,375.090892,350.793144,364.438787,348.080056
369.262060,327.418481,376.693733,327.712848,375.838667,349.300087,368.406995,349.005720
376.653556,348.932401,368.162752,350.491788,364.371302,329.847478,372.862107,328.288092
371.338597,344.379579,360.481833,346.099714,357.503688,327.302929,368.360452,325.582794
368.862363,343.910539,358.044888,344.390665,357.221814,325.846422,368.039289,325.366296
352.804052,325.920075,365.294321,326.413192,364.603959,343.899569,352.113689,343.406453
362.589203,344.385997,350.757030,345.188776,349.488871,326.497372,361.321044,325.694593
362.220338,342.092736,352.497952,345.531176,348.085287,333.054114,357.807673,329.615674
360.442023,347.688434,350.039820,350.001410,347.096033,336.762243,357.498235,334.449268
350.997284,339.196461,359.292837,342.451901,355.588371,351.891668,347.292818,348.636228
357.805213,348.458058,349.966619,351.615232,345.776187,341.211281,353.614781,338.054106
359.597152,345.909697,354.444473,353.161300,344.458658,346.065808,349.611337,338.814205
359.874402,346.194292,354.569305,353.980669,343.993777,346.775239,349.298874,338.988862
359.083834,342.270517,359.695348,349.682835,346.061978,350.807585,345.450463,343.395267
355.749814,347.193575,348.288837,352.740259,342.187485,344.533184,349.648462,338.986500
353.943330,345.715370,348.039278,353.068000,338.926159,345.750301,344.830211,338.397671
345.704821,338.144992,350.830711,349.270987,339.137064,354.658402,334.011174,343.532407
350.383390,348.730049,340.956059,353.335636,335.009605,341.163639,344.436936,336.558052
349.976078,347.027144,340.255263,352.549025,332.960926,339.707948,342.681741,334.186067
345.348032,339.297568,352.503390,342.921740,347.824914,352.158656,340.669556,348.534485
352.749724,345.297830,348.223833,352.786408,339.237538,347.355339,343.763430,339.866760
343.280216,338.532203,352.165348,338.968405,351.421659,354.116827,342.536527,353.680625
344.170185,341.697243,350.593338,346.736590,341.575560,358.230654,335.152406,353.191307
339.701584,345.312348,345.739445,345.963922,344.495530,357.490748,338.457669,356.839174
344.989624,337.003712,350.849849,339.061261,344.265695,357.813981,338.405469,355.756433
343.332725,335.417191,349.468942,335.944758,347.677666,356.779355,341.541449,356.251788
345.427394,339.790764,353.232625,340.856136,350.695103,359.446777,342.889872,358.381405
360.257154,356.131730,349.830850,359.082955,346.232780,346.371435,356.659084,343.420209
353.493264,340.052512,361.784431,344.593231,353.941371,358.914337,345.650204,354.373618
362.015764,340.161940,370.016429,345.512640,364.260373,354.119416,356.259708,348.768716
365.448699,336.881529,374.775624,343.768002,368.053115,352.872857,358.726190,345.986384
367.642357,333.626713,374.770213,339.349010,366.142749,350.095625,359.014893,344.373327
377.004009,345.099358,374.874506,354.565923,362.801205,351.850035,364.930708,342.383470
381.320677,352.013822,372.490856,353.116750,370.597772,337.961087,379.427593,336.858159
384.347984,351.436483,374.416181,354.354383,370.759079,341.906523,380.690882,338.988623
385.865677,355.182620,376.415262,355.920355,375.477285,343.904827,384.927700,343.167092
376.258858,343.166180,385.192373,344.120803,383.781192,357.326868,374.847677,356.372246
376.718628,341.459076,384.857676,345.263665,378.296138,359.300573,370.157090,355.495983
383.524343,350.155859,386.476947,358.226464,374.982449,362.431688,372.029845,354.361083
384.745083,365.084774,379.016877,365.189674,378.845223,355.816246,384.573429,355.711346
383.723135,352.140798,375.906418,358.827363,367.442411,348.932784,375.259128,342.246219
382.475836,353.226330,378.575244,361.151806,366.687031,355.300918,370.587623,347.375443
383.666876,355.040407,380.096661,361.413163,369.552646,355.506080,373.122861,349.133324
385.186887,358.930958,378.540594,364.229712,371.420394,355.298755,378.066688,350.000002
