1.862938
0.039510
0.038273
0.038284
0.038327
0.038435
0.038662
0.038915
0.038353
0.038537
0.048863
0.038499
0.038428
0.038870
0.038767
0.038677
0.038441
0.038358
0.038367
0.038362
0.048743
0.038209
0.038059
0.038465
0.038527
0.038754
0.038527
0.038961
0.038839
0.039315
0.049775
0.039626
0.036796
0.037138
0.036966
0.037075
0.036898
0.036727
0.039768
0.036968
0.047185
0.037040
0.036778
0.037097
0.036944
0.037179
0.036963
0.037262
0.037056
0.036876
0.047264
0.036831
0.036846
0.036896
0.039870
0.039536
0.039591
0.036994
0.036968
0.036778
0.050225
0.040006
0.039815
0.039370
0.039268
0.039433
0.039668
0.039902
0.039548
0.050081
0.049413
0.039400
0.039008
0.038927
0.038598
0.038365
0.038176
0.038068
0.051467
0.038294
0.048070
0.048243
0.048155
0.048123
0.047891
0.037359
0.037482
0.047664
0.047424
0.047464
0.047455
0.036992
0.047390
0.047484
0.047365
0.047413
0.047401
0.047412
0.036914
0.047458
0.047309
0.036893
0.036815
0.036972
0.047333
0.036958
0.047194
0.047331
0.047624
0.037081
0.047456
0.047350
0.047292
0.047531
0.036873
0.037207
0.047465
0.047403
0.036986
0.047556
0.047519
0.047698
0.047800
0.048010
0.047858
0.037764
0.037773
0.048385
0.048296
0.037694
0.047979
0.037797
0.037723
0.048496
0.037942
0.038067
0.038425
0.038690
