160.660000,206.440000,252.450000,164.740000,295.340000,259.140000,203.550000,300.840000
306.341291,230.206577,227.758267,305.204342,149.790293,223.509119,228.373317,148.511355
296.330111,186.744738,262.729432,288.721532,150.018238,251.583939,183.618917,149.607145
306.225260,219.948244,228.944874,295.481322,147.601559,212.256291,224.881945,136.723213
287.512894,164.932469,272.937083,269.957093,155.840662,253.705901,170.416474,148.681277
303.079200,173.046148,274.945721,277.627621,154.274791,245.165915,182.408269,140.584442
285.888966,253.356427,182.006303,274.093898,160.063165,164.171545,263.945829,143.434074
289.517661,150.902513,290.009930,256.370114,165.792533,256.949898,165.300264,151.482297
265.434272,142.010002,282.309874,240.512378,169.392517,259.857579,152.516915,161.355204
278.917227,143.426201,289.955812,241.308338,169.042584,254.944236,158.004000,157.062100
285.276408,145.081568,292.779395,244.008386,165.247232,253.680911,157.744245,154.754093
260.409742,138.887614,283.686482,236.218510,175.801634,262.019234,152.524894,164.688339
293.632747,155.063560,284.870083,254.339046,169.433472,244.149902,178.196136,144.874416
278.545922,147.921975,280.106035,250.483026,173.967272,252.097562,172.407159,149.536510
273.738251,142.367293,289.231465,240.384748,173.187811,258.727289,157.694597,160.709834
276.993637,146.581768,285.610415,244.641406,167.705374,255.002055,159.088597,156.942417
263.109807,139.188465,290.499985,235.510440,178.677921,267.308232,151.287744,170.986257
256.457463,132.741352,300.310249,225.317669,198.265898,273.655399,154.413113,181.079081
296.043266,146.430547,302.828157,243.840372,173.703505,252.834297,166.918614,155.424472
272.571225,129.750116,311.315949,223.434656,195.587988,271.295785,156.843264,177.611245
209.172451,132.149212,307.147899,175.275131,261.703383,278.518077,163.727934,235.392158
309.695239,150.173206,311.756589,246.817892,183.702380,249.549181,181.641030,152.904495
321.433908,157.497247,313.660916,251.812901,185.916928,241.284924,193.689921,146.969270
330.593874,161.445479,317.097962,255.134678,187.374456,236.448030,200.870368,142.758831
323.592212,159.235223,311.676530,253.946943,191.788277,238.863802,203.703959,144.152081
352.624855,178.619337,313.687105,269.099250,205.111210,222.373950,244.048960,131.894037
347.172327,159.307355,337.291494,253.027514,225.504799,241.241943,235.385631,147.521784
362.666292,162.394274,352.020305,254.507673,236.601106,241.168124,247.247092,149.054725
367.584445,159.121262,363.249003,253.740740,240.468967,248.114989,244.804408,153.495511
380.199099,162.578811,374.840496,256.504202,249.606642,249.359398,254.965245,155.434008
386.077965,158.484062,387.002743,253.612380,257.816139,254.868251,256.891360,159.739934
394.575745,165.029819,389.193933,258.108736,269.861988,251.208977,275.243800,158.130060
419.118749,224.355150,344.521637,297.818914,259.080085,211.059230,333.677197,137.595466
428.771613,263.898441,333.539770,313.937915,269.600442,192.252782,364.832285,142.213307
423.658895,240.944362,330.324947,297.637364,269.722082,197.866592,363.056031,141.173589
424.784634,200.049192,378.303489,296.417399,266.841466,242.656075,313.322611,146.287867
430.428014,249.907325,342.819204,308.255005,274.294603,205.365589,361.903413,147.017909
421.945987,192.048519,386.703064,289.399407,270.585740,247.362668,305.828662,150.011780
432.418205,242.500791,346.972501,309.317714,266.642042,206.590856,352.087747,139.773932
420.147579,193.935906,379.768919,292.081880,263.885721,244.405871,304.264382,146.259898
428.641224,261.990255,330.558648,313.501880,267.471376,193.378275,365.553952,141.866650
415.370027,196.064645,368.811962,289.480314,262.551638,236.520515,309.109703,143.104846
400.835598,173.075895,389.656051,274.105065,267.681809,260.607806,278.861357,159.578636
421.370895,236.372418,340.902880,304.826349,253.779695,202.412511,334.247711,133.958580
385.381979,158.847693,392.198679,259.659155,276.265497,267.498360,269.448797,166.686898
389.999742,166.881723,381.643110,259.944783,262.331495,249.231152,270.688127,156.168092
380.830977,163.277193,373.754405,260.890810,255.710031,252.333096,262.786603,154.719478
297.727729,136.517453,382.267586,195.574867,323.210172,280.114724,238.670315,221.057310
262.074706,139.231574,360.436012,170.660336,325.932697,278.643944,227.571391,247.215182
367.383644,168.188153,345.899558,266.423600,228.245477,240.692660,249.729562,142.457214
340.372886,159.393173,324.486953,255.463604,223.730159,238.802747,239.616093,142.732316
346.629773,167.633243,322.760049,259.295001,214.730120,231.162826,238.599844,139.501068
338.020787,161.451802,314.773058,256.059226,197.329358,227.199976,220.577088,132.592551
322.286710,147.810495,317.036847,244.188450,190.100029,237.273997,195.349891,140.896042
315.012333,150.552377,303.943306,249.285399,177.174981,235.073314,188.244009,136.340292
314.209937,162.314621,286.916223,257.003726,168.255193,222.800211,195.548907,128.111107
275.082975,130.434967,288.530640,230.249306,171.102005,246.070087,157.654341,146.255748
293.404752,159.442917,264.179954,253.510309,141.339007,215.346161,170.563805,121.278769
288.824020,157.731553,263.909112,253.986383,135.182773,220.666446,160.097681,124.411616
265.728371,134.745380,270.875947,233.152506,140.486504,239.973044,135.338928,141.565918
286.053750,159.402072,265.813095,255.004263,116.964114,223.490331,137.204769,127.888140
230.821796,142.042403,230.380374,241.900803,108.475315,241.361924,108.916737,141.503525
201.869543,147.805353,196.507551,246.201030,89.502253,240.369863,94.864245,141.974187
183.034942,132.836968,217.430252,227.567233,108.380296,267.161833,73.984987,172.431568
154.521721,127.062102,217.523060,209.375220,128.129243,277.796029,65.127904,195.482911
180.983325,143.777910,206.381616,240.749158,89.163624,271.450389,63.765333,174.479141
160.365439,138.489160,204.790241,230.283427,95.262991,283.290293,50.838189,191.496026
150.330078,142.158729,202.100663,228.407839,98.006910,290.889581,46.236324,204.640471
163.651441,155.322848,193.855962,251.411363,74.613588,288.894083,44.409067,192.805568
172.171922,154.263853,201.026709,252.143547,66.298190,291.861313,37.443402,193.981619
145.695039,154.577642,193.908714,250.659334,76.599672,309.524868,28.385996,213.443176
155.115355,170.191423,189.958504,267.495271,68.922010,310.836748,34.078862,213.532901
160.786171,177.427227,186.965950,277.198061,60.096864,310.488397,33.917086,210.717563
170.936377,185.772302,188.951856,288.237063,57.555869,311.339266,39.540390,208.874505
170.239205,191.339910,193.710668,283.668832,65.870623,316.167780,42.399160,223.838859
180.143120,196.854354,196.882796,286.455111,67.324945,310.659777,50.585269,221.059020
185.136981,195.377157,203.087363,287.074214,78.473414,311.468322,60.523032,219.771265
192.879819,192.435747,213.765899,280.631837,87.771484,310.469095,66.885404,222.273004
203.403014,197.478526,220.446151,289.102201,95.188469,312.401678,78.145332,220.778003
218.654288,208.674705,219.925586,298.509460,92.959132,300.306228,91.687834,210.471473
233.609604,203.312305,241.718013,289.457587,106.679464,302.168068,98.571054,216.022786
240.648179,209.422584,240.341583,297.630384,111.050698,297.180990,111.357294,208.973189
262.756578,213.391712,253.221815,307.833497,124.967540,294.885053,134.502303,200.443269
272.709180,209.782951,267.165253,308.283309,140.521936,301.155404,146.065862,202.655046
291.885663,215.095144,282.019430,312.683610,154.311068,299.772243,164.177301,202.183778
300.938036,208.311914,296.008017,307.700132,163.894410,301.146815,168.824429,201.758597
310.832736,204.688227,309.792503,302.198304,181.424807,300.828882,182.465041,203.318805
334.107197,209.759998,325.314132,305.450597,187.613025,292.797162,196.406090,197.106563
341.513779,213.453805,331.334882,305.274141,197.889327,290.480811,208.068224,198.660475
357.890548,216.656545,343.773021,303.535219,205.719237,281.101888,219.836764,194.223214
355.673532,202.101253,356.422935,287.972983,218.074037,289.180354,217.324634,203.308624
358.750937,205.098941,351.872761,296.277377,222.801989,286.540738,229.680165,195.362303
381.862966,208.515908,371.084736,299.315942,249.624950,284.898309,260.403180,194.098275
387.533590,201.758628,383.037417,292.785675,250.529691,286.240614,255.025864,195.213567
396.699632,195.674658,393.990356,292.720180,258.126624,288.927194,260.835900,191.881671
400.323492,191.177158,396.493356,292.354688,264.088194,287.342412,267.918329,186.164882
410.619872,189.009989,394.475347,292.595355,267.871011,272.863158,284.015536,169.277791
411.612831,183.584229,398.344691,288.682312,271.249335,272.637118,284.517476,167.539036
420.290628,193.212643,389.412845,290.221699,276.040816,254.135614,306.918599,157.126559
419.565656,194.505832,386.711452,286.029842,266.939291,243.035452,299.793495,151.511442
418.211304,188.214156,387.838944,286.890428,275.393889,252.280065,305.766249,153.603792
414.978809,188.332103,373.378949,289.092823,267.081927,245.207256,308.681787,144.446537
407.038217,170.174135,388.562672,276.164458,270.925061,255.658633,289.400606,149.668310
401.983391,163.720359,387.585130,269.621047,265.211002,252.983057,279.609263,147.082369
407.574423,211.714146,331.933621,283.816289,249.180024,197.001278,324.820826,124.899135
400.557872,188.760380,342.861754,274.727914,241.357918,206.604787,299.054036,120.637253
377.597738,142.336087,381.147747,251.674304,254.610260,255.782742,251.060251,146.444524
383.501090,184.667946,320.719244,266.499654,231.901903,198.358383,294.683748,116.526675
372.130573,157.013370,343.648929,254.077178,232.551799,221.477706,261.033443,124.413898
354.444078,143.664013,344.057896,239.624413,232.884261,227.591641,243.270443,131.631241
350.979469,190.366923,265.712346,251.828281,206.233613,169.311711,291.500736,107.850353
335.296633,145.344558,314.966489,238.330331,198.193658,212.799453,218.523802,119.813680
343.209512,173.772802,287.872355,258.064914,182.507215,188.893468,237.844372,104.601356
291.293556,115.206481,320.851319,208.069015,200.473960,246.384634,170.916197,153.522101
292.059296,122.323861,305.698965,221.029142,185.587719,237.626811,171.948050,138.921530
308.569670,155.283526,273.410787,247.824445,163.030655,205.887945,198.189538,113.347026
289.072768,142.274725,272.228886,238.652439,158.843339,218.836107,175.687222,122.458393
266.229500,120.841020,282.763658,219.844869,155.633714,241.076231,139.099556,142.072381
257.622486,125.785580,272.734345,227.692027,157.793353,244.736797,142.681494,142.830351
256.211261,134.740160,260.271208,233.312836,142.464839,238.164968,138.404892,139.592292
270.129738,167.187550,227.695830,260.571524,113.680512,208.762684,156.114420,115.378709
197.945355,115.680818,253.360641,197.416420,162.313389,259.144840,106.898103,177.409239
219.519069,144.726161,228.487096,245.264480,114.937936,255.393074,105.969910,154.854756
220.925759,235.121255,147.035404,271.166810,100.691120,176.164926,174.581474,140.119371
180.045481,136.230998,230.231798,223.357387,132.456629,279.677587,82.270311,192.551198
193.687398,144.605511,229.486305,237.559617,102.631289,286.414596,66.832382,193.460490
183.175595,168.952744,195.948054,270.640724,87.082099,284.314767,74.309641,182.626788
185.355014,164.016195,223.227942,251.254053,103.407269,303.272291,65.534342,216.034433
197.249789,186.079509,218.849041,268.725556,90.805870,302.189185,69.206618,219.543138
210.495217,208.563474,211.874166,298.011179,76.525665,300.097747,75.146716,210.650043
198.696457,195.304611,216.992257,287.347607,89.548109,312.680254,71.252309,220.637258
208.900177,207.901553,217.417114,299.935392,87.843156,311.926341,79.326220,219.892502
222.772759,223.828863,211.206210,319.318392,79.171306,303.325139,90.737855,207.835610
216.304214,209.065827,232.392951,304.611343,102.549044,326.475524,86.460307,230.930008
203.115944,197.197136,245.693639,287.679951,129.197014,342.498734,86.619319,252.015919
245.605904,223.518435,246.948410,323.301070,113.489134,325.096672,112.146629,225.314036
265.186600,248.611086,233.780847,335.907073,116.222251,293.613991,147.628005,206.318004
267.687576,245.231514,239.186146,341.138176,128.611406,308.277704,157.112836,212.371042
263.624517,308.487734,173.907202,342.733965,135.991732,243.404081,225.709047,209.157850
289.361111,233.408118,281.949116,326.271644,152.163947,315.912710,159.575943,223.049184
304.046768,232.730058,294.535696,331.366313,160.672207,318.458429,170.183279,219.822174
306.002884,223.240976,310.392968,313.624004,181.628105,319.878370,177.238021,229.495341
320.494311,222.664608,324.604921,325.215069,186.692232,330.743131,182.581622,228.192670
338.625495,224.251040,338.835599,312.261206,192.565182,312.610392,192.355079,224.600226
348.926336,221.500357,351.026931,307.724773,207.319570,311.225765,205.218975,225.001349
357.912565,219.675867,359.796586,309.765544,216.640386,312.759330,214.756366,222.669653
378.978379,222.146534,371.021321,316.734312,229.770241,304.851772,237.727298,210.263995
389.450761,223.004678,377.146622,317.004908,236.146278,298.548700,248.450416,204.548470
384.593325,211.859570,383.560271,306.473722,248.031891,304.993942,249.064945,210.379790
395.223171,212.438928,388.001244,309.671092,254.618660,299.764090,261.840586,202.531926
412.371460,210.500770,404.032416,314.949661,257.306593,303.235288,265.645638,198.786398
405.893532,205.136020,395.049564,310.681982,259.533762,296.758862,270.377730,191.212901
415.674818,197.934816,410.922382,307.206518,266.527633,300.926515,271.280068,191.654812
410.476636,184.504129,415.256548,300.822626,275.145632,306.580248,270.365719,190.261751
400.478537,170.450211,414.121494,288.330012,284.321264,303.352594,270.678307,185.472793
424.165066,181.724350,410.146117,298.353576,272.690244,281.831243,286.709193,165.202017
431.246470,188.071182,405.360076,297.150999,265.684700,264.003787,291.571095,154.923970
431.741464,188.186992,400.593430,298.766650,266.596905,261.022562,297.744938,150.442904
428.486916,179.322915,400.704092,294.262800,265.716552,261.634134,293.499377,146.694249
406.765761,154.030538,412.105667,277.381155,276.555539,283.249183,271.215634,159.898566
414.323998,171.985615,388.101808,281.279806,253.788465,249.054945,280.010656,139.760755
413.292065,167.584523,382.630175,283.687302,252.014548,249.192675,282.676439,133.089896
391.451483,153.148810,376.432126,264.463034,243.398053,246.513070,258.417410,135.198846
394.929125,152.472492,378.586119,265.515975,241.604016,245.712096,257.947023,132.668613
386.260296,144.414237,377.077964,259.903945,229.585084,248.177111,238.767416,132.687403
379.854971,145.670919,364.647951,258.996310,225.380603,240.308166,240.587623,126.982775
385.069564,242.681404,258.582704,288.074294,211.317943,156.371480,337.804803,110.978591
364.411225,164.972881,308.565878,269.151938,194.581733,208.050559,250.427080,103.871501
362.935932,187.066730,267.522225,269.758430,186.628170,176.418934,282.041877,93.727234
339.394480,128.607148,337.557602,243.691448,190.193560,241.339349,192.030437,126.255049
312.375146,110.481878,342.273166,223.629666,194.103444,262.781835,164.205424,149.634048
307.825064,110.597990,335.742843,225.119225,186.306597,261.548521,158.388818,147.027286
299.839551,111.496859,327.162435,226.600478,178.369954,261.920304,151.047069,146.816686
335.701094,162.430128,292.098655,275.624751,149.606600,220.736975,193.209039,107.542352
285.582182,114.651331,312.267639,229.939147,165.667083,263.872506,138.981626,148.584690
258.293466,107.482208,304.781275,218.642557,167.769682,275.941485,121.281873,164.781136
268.305258,118.718610,293.647491,232.524910,144.615433,265.711168,119.273199,151.904868
268.416624,126.174417,283.019274,241.692614,143.256516,259.360018,128.653866,143.841820
258.848740,137.809864,260.072495,255.053477,126.079793,256.452054,124.856039,139.208440
269.873590,163.457091,230.984661,278.977547,108.825099,237.853621,147.714028,122.333165
254.647680,136.702932,263.112225,256.169063,131.699482,265.480063,123.234936,146.013932
256.152307,144.175421,252.539593,264.204398,127.054754,260.427470,130.667467,140.398494
268.553654,168.065826,230.172411,284.417004,106.149727,243.505129,144.530970,127.153951
260.490010,155.215010,244.725669,273.796738,104.583627,255.166154,120.347967,136.584426
261.714763,150.105099,251.900699,269.326845,103.901290,257.143869,113.715354,137.922123
263.674273,148.634905,257.945835,270.164034,107.082090,263.052871,112.810527,141.523742
274.707444,156.864451,258.033999,275.003553,107.927846,253.818470,124.601290,135.679368
275.545157,154.105933,260.898682,272.862402,113.866864,254.728671,128.513339,135.972202
277.196060,155.371692,259.368723,272.586250,118.432172,251.150999,136.259509,133.936442
271.090281,145.555560,271.467233,268.161752,124.064284,268.614942,123.687332,146.008750
273.170656,140.557792,281.519368,259.483859,130.030211,270.118528,121.681499,151.192461
284.451670,148.031885,278.818337,265.912983,131.111900,258.854347,136.745234,140.973249
279.948095,141.884605,282.887827,260.728460,133.975045,264.411980,131.035313,145.568125
284.038634,142.439014,285.537794,263.953204,135.432029,265.805107,133.932870,144.290917
286.616310,144.438970,285.276872,267.283231,134.973306,265.644389,136.312744,142.800128
293.717446,158.324377,279.744120,273.521663,128.547683,255.181673,142.521008,139.984388
288.774120,143.379150,285.955474,268.540124,131.687296,265.065979,134.505942,139.905005
287.977852,140.474252,284.797610,268.156006,133.081643,264.377130,136.261885,136.695376
294.129119,147.500749,278.477290,276.450149,124.037892,257.704354,139.689721,128.754954
309.944034,189.368304,240.853259,293.197885,119.510255,212.453245,188.601029,108.623664
315.935465,169.829426,272.294158,292.644619,117.088144,237.493517,160.729451,114.678324
