1.837732
0.037862
0.037452
0.037507
0.037549
0.037506
0.037738
0.037449
0.037591
0.037306
0.047991
0.037557
0.037280
0.037581
0.037130
0.037259
0.037180
0.037236
0.037087
0.037533
0.047721
0.037555
0.037406
0.037471
0.037392
0.037400
0.037146
0.036999
0.037153
0.037310
0.047654
0.037565
0.037228
0.037617
0.035711
0.035389
0.037689
0.035344
0.037654
0.035449
0.048298
0.035539
0.037683
0.037601
0.035398
0.037497
0.037102
0.037265
0.037082
0.037430
0.047863
0.037191
0.037141
0.037446
0.037587
0.035295
0.037299
0.037143
0.037679
0.037676
0.048182
0.035505
0.037716
0.037351
0.037212
0.037251
0.037326
0.038292
0.037861
0.037688
0.046135
0.035869
0.035688
0.037773
0.037716
0.037696
0.037661
0.037490
0.037441
0.037662
0.047779
0.037555
0.037344
0.037291
0.037454
0.037441
0.037536
0.037284
0.037568
0.037491
0.047723
0.037486
0.037428
0.037426
0.037601
0.035500
0.035444
0.037688
0.037716
0.037492
0.047949
0.037646
0.037505
0.037581
0.037541
0.035380
0.037895
0.035470
0.037640
0.037390
0.047762
0.037087
0.037281
0.037595
0.037506
0.037522
0.037244
0.037126
0.037534
0.037575
0.047995
0.035507
0.037534
0.037760
0.037254
0.037451
0.037567
0.037337
0.037629
0.037464
0.047893
0.037609
0.037440
0.037857
0.035479
0.035406
0.037767
0.037307
0.037205
0.037103
0.047651
0.037562
0.037392
0.037554
0.035334
0.037612
0.035332
0.035304
0.035525
0.035237
0.045643
0.035457
0.035398
0.035591
0.035485
0.035537
0.035416
0.035511
0.035476
0.035390
0.045859
0.035597
0.035454
0.035513
0.035496
0.035456
0.035565
0.035701
0.035794
0.035482
0.045931
0.035552
0.035586
0.035667
0.035572
0.036653
0.035617
0.035733
0.035731
0.035589
0.045785
0.035582
0.035379
0.035584
0.035493
0.035513
0.035493
0.035598
0.035648
0.035441
0.045854
0.035584
0.035639
0.035587
0.035571
0.035687
0.035682
0.035722
0.035708
0.035825
0.046009
