28.788000,57.572000,97.714000,57.116000,98.270000,141.120000,29.344000,141.580000
112.508020,131.740157,53.448291,152.988030,24.028159,71.213021,83.087888,49.965148
113.911398,139.923056,53.355859,158.295407,28.124496,75.132467,88.680035,56.760115
123.305002,146.114796,63.324828,167.650474,33.288225,83.993915,93.268399,62.458237
142.335604,148.832413,76.526015,175.625446,41.852678,90.460096,107.662267,63.667063
139.160835,152.178094,76.165235,167.012881,57.621750,88.268380,120.617351,73.433593
144.195930,159.823079,71.559924,161.538120,69.730547,84.059714,142.366553,82.344673
154.248901,159.690253,85.856669,168.669563,75.624433,90.734228,144.016665,81.754919
170.263371,157.698584,109.772431,180.448824,81.266106,104.652948,141.757046,81.902708
184.448049,159.303053,127.720247,187.558090,84.250959,100.284548,140.978761,72.029511
186.542029,175.212352,125.444798,187.669092,107.868849,101.463409,168.966081,89.006669
196.978370,189.288915,135.017075,202.400325,113.279737,99.675021,175.241031,86.563611
195.634109,178.936591,134.571556,183.724810,127.526033,93.875624,188.588586,89.087404
204.736336,163.307828,143.815031,177.266503,125.575696,97.662664,186.497001,83.703989
148.701818,80.849957,209.836367,94.041888,187.961140,195.416899,126.826591,182.224968
151.567377,79.184850,211.995478,90.476097,191.549166,199.899954,131.121066,188.608708
220.174535,157.363836,158.132441,171.735494,139.232727,90.145891,201.274821,75.774233
170.687116,70.370119,229.996621,93.788862,193.499878,186.219260,134.190373,162.800516
176.799713,69.276860,239.457619,90.342178,208.968344,181.031253,146.310437,159.965935
246.700079,147.573074,178.575413,161.513984,162.693365,83.903605,230.818030,69.962696
271.435760,127.791004,217.787353,160.234041,179.720857,97.286576,233.369264,64.843540
286.619774,126.533702,231.093215,160.574050,193.731857,99.630267,249.258416,65.589918
303.567831,129.634464,249.199701,160.830236,211.990287,95.981503,266.358417,64.785731
321.022112,149.681417,262.755576,171.886211,231.343916,89.460380,289.610452,67.255585
335.312304,151.031398,269.674740,174.043670,240.578764,91.053645,306.216329,68.041374
341.483987,171.255147,279.949350,179.251994,266.981491,79.466096,328.516128,71.469250
281.181350,74.559167,348.944020,75.905424,346.898408,178.869481,279.135738,177.523223
297.337554,65.771548,361.728940,78.503367,338.058515,198.216929,273.667129,185.485110
367.737180,179.632940,292.725678,194.808802,266.792244,66.624589,341.803746,51.448728
298.164961,65.006541,361.578978,74.685616,342.835373,197.487363,279.421356,187.808288
354.970337,186.293376,283.166816,192.519109,272.818638,73.170014,344.622159,66.944281
339.951217,176.911891,275.638840,177.037966,275.430716,70.871503,339.743093,70.745428
343.748830,143.553555,286.019499,171.434307,238.284273,72.594695,296.013603,44.713944
328.363182,132.872849,272.772162,161.799473,227.574312,74.938503,283.165333,46.011880
323.380448,137.293538,266.972613,169.748407,212.726618,75.466740,269.134453,43.011871
299.911655,133.773478,240.293494,161.536624,197.642863,69.949304,257.261024,42.186158
288.961443,134.144024,228.690776,166.565285,180.280949,76.572097,240.551615,44.150837
263.605359,140.149303,196.983600,159.833013,172.000429,75.274627,238.622188,55.590917
254.845355,139.382957,192.519408,163.590407,157.280715,72.862763,219.606662,48.655313
243.760612,143.795770,184.527017,168.482017,147.497647,79.631625,206.731241,54.945378
231.936202,149.629325,172.799460,169.983829,141.732059,79.722486,200.868801,59.367982
225.671852,150.291505,168.137958,173.688630,130.702557,81.634399,188.236451,58.237274
217.797484,158.617461,156.134574,178.911774,124.090922,81.549284,185.753833,61.254972
212.364376,165.544418,144.801523,185.908476,113.353230,81.570907,180.916082,61.206848
201.593580,178.374781,138.276380,187.184103,122.600969,74.516732,185.918169,65.707411
194.409416,187.901651,128.442877,192.514216,120.181567,74.365191,186.148106,69.752626
191.554353,197.636343,129.583060,204.247302,115.828000,75.307031,177.799293,68.696072
192.595658,194.887356,129.122120,204.204021,109.915456,73.350881,173.388994,64.034216
190.855888,193.578260,125.927753,202.214657,108.789902,73.372890,173.718037,64.736493
190.531372,188.675232,123.106896,199.157118,103.890105,75.545578,171.314581,65.063693
193.542428,194.169392,123.327252,204.537688,104.093313,74.283449,174.308488,63.915154
191.761868,196.927653,119.915473,202.470591,110.401476,79.152152,182.247871,73.609214
196.266631,196.382581,126.446334,200.691385,118.416291,70.571740,188.236588,66.262936
131.283555,64.370689,205.620706,66.743134,201.926470,182.496699,127.589318,180.124254
224.698149,156.765203,162.084260,171.218651,138.772248,70.228509,201.386137,55.775061
245.420704,146.047672,179.810941,167.105457,152.736645,82.750048,218.346408,61.692263
266.930942,136.096246,209.224427,166.962186,163.807402,82.051172,221.513917,51.185232
285.921047,135.554920,227.824012,168.120280,184.837737,91.432194,242.934772,58.866834
308.256185,140.076661,253.468131,173.397597,203.048293,90.494621,257.836347,57.173685
327.353864,147.222795,272.492430,179.692559,222.885847,95.876479,277.747281,63.406715
338.746816,147.311132,282.942900,177.096101,233.584950,84.621042,289.388866,54.836072
272.126186,79.615816,336.107603,80.231066,335.193516,175.289171,271.212099,174.673921
287.364080,73.399617,353.305582,78.034186,345.378030,190.828859,279.436529,186.194291
301.823599,66.262618,365.072032,74.649606,346.860288,211.989061,283.611855,203.602073
309.573923,64.825624,372.460016,71.600712,359.012492,196.420078,296.126399,189.644990
303.790790,63.389668,372.413097,64.975351,369.632406,185.313020,301.010099,183.727337
375.135191,179.256322,303.971751,181.003931,301.091888,63.734599,372.255328,61.986990
379.562722,179.696999,308.182490,189.123686,291.162084,60.242710,362.542316,50.816024
366.249560,180.112782,290.528473,182.205490,287.302214,65.468814,363.023301,63.376106
358.090549,189.065693,289.704380,196.129285,276.861485,71.790796,345.247654,64.727203
347.665449,188.886430,277.589261,201.237134,256.288772,80.381100,326.364959,68.030397
347.654694,183.628741,279.222542,211.817077,224.456632,78.863180,292.888784,50.674844
317.175619,172.506653,243.050847,199.143880,206.659143,97.874825,280.783915,71.237598
287.488955,142.688470,209.963672,170.210524,178.913149,82.746102,256.438432,55.224047
190.123123,65.972502,262.255106,87.216607,237.611944,170.889708,165.479961,149.645603
176.932269,65.391297,249.072571,97.327457,208.671405,188.589285,136.531102,156.653125
150.032415,57.252488,235.408399,84.979891,201.827433,188.379693,116.451449,160.652290
184.902066,58.234276,216.683700,157.152490,117.765486,188.934124,85.983852,90.015910
204.950900,183.681295,106.396075,211.645352,68.208599,77.059731,166.763424,49.095674
194.642621,171.817648,104.530594,211.048078,50.069526,85.951381,140.181553,46.720951
117.018750,41.725213,163.096198,117.387611,74.996146,171.039434,28.918698,95.377036
141.156324,73.399932,116.003571,156.186672,21.074776,127.344848,46.227530,44.558108
118.013297,59.817119,120.449702,142.007578,11.958296,145.223632,9.521891,63.033174
99.901395,72.924673,96.761798,130.130250,0.032369,124.821477,3.171965,67.615901
75.857937,130.687259,22.441077,168.268660,-23.112137,103.520951,30.304723,65.939550
59.893452,173.218579,-0.209155,175.994248,-4.589508,81.144820,55.513099,78.369151
70.339787,134.123388,23.510304,163.686322,-17.496345,98.729297,29.333138,69.166364
72.700069,132.773958,21.594772,162.743842,-18.650501,94.116728,32.454797,64.146845
-0.816214,64.200834,65.167732,64.438833,64.871684,146.516424,-1.112261,146.278425
40.477344,54.305059,97.694082,102.407110,51.160577,157.758086,-6.056162,109.656035
88.751403,75.485122,88.697800,143.610101,0.986890,143.541087,1.040493,75.416108
74.845961,54.341044,97.835322,127.386910,10.516127,154.868445,-12.473234,81.822579
68.691159,47.886015,100.073200,123.124395,18.220457,157.265297,-13.161584,82.026917
98.727916,137.060120,26.806489,150.656516,11.867238,71.631738,83.788666,58.035342
105.736301,115.150326,50.172476,154.160561,10.174641,97.190057,65.738465,58.179823
123.174057,123.016294,75.736945,166.457725,12.861188,97.798747,60.298301,54.357315
128.011531,116.747290,85.626084,162.466182,30.883727,111.715186,73.269174,65.996294
136.894379,126.247911,95.756799,166.593170,39.055354,108.778194,80.192934,68.432935
153.680459,137.264462,106.893745,176.340309,50.336599,108.622696,97.123313,69.546849
162.694906,148.140206,99.718720,187.962338,53.403849,114.718296,116.380035,74.896164
171.768783,160.829830,99.853459,191.300260,65.077425,109.222989,136.992749,78.752559
183.893811,170.993900,116.553889,188.059718,94.237051,99.999821,161.576972,82.934003
192.597218,184.075380,115.878004,185.463488,114.205584,93.030700,190.924798,91.642592
142.800249,91.446995,216.372159,101.458820,204.259086,190.471747,130.687177,180.459923
163.377100,94.889300,232.480164,102.007849,224.612294,178.384920,155.509230,171.266371
254.720217,104.815432,250.669535,155.100462,179.576906,149.373636,183.627588,99.088606
264.630040,98.348325,275.109286,146.758346,203.301089,162.302561,192.821842,113.892540
310.032725,184.868190,245.052451,202.808891,221.061979,115.916664,286.042253,97.975963
330.278090,185.069467,262.980991,200.860795,243.429823,117.540577,310.726922,101.749249
353.337180,188.151716,285.299273,204.741444,264.203693,118.224104,332.241600,101.634376
372.191917,189.404679,298.851621,195.783653,291.370109,109.767256,364.710405,103.388283
354.244912,94.000921,407.446683,155.895484,340.893391,213.101689,287.691619,151.207127
372.023927,93.968416,417.878513,157.236949,350.143966,206.328329,304.289380,143.059796
375.542943,90.092889,433.757534,135.299039,385.283469,197.721913,327.068879,152.515763
371.697186,88.302303,435.546350,114.951775,403.696980,191.259313,339.847816,164.609840
373.869197,82.550454,438.618890,107.370465,405.821018,192.932559,341.071325,168.112548
352.261374,87.254698,429.438516,87.881492,428.741295,173.730223,351.564153,173.103429
434.620289,155.346763,362.515044,186.642908,325.528691,101.427618,397.633936,70.131474
431.203806,147.399332,359.782016,187.769654,305.190330,91.187915,376.612120,50.817592
420.090703,147.842233,340.645015,183.658135,294.366040,81.003594,373.811729,45.187692
400.709080,169.468823,302.415790,175.846846,295.107638,63.219118,393.400928,56.841095
415.234816,128.374405,345.708840,200.619365,261.811467,119.879521,331.337443,47.634562
403.825694,157.389993,311.692827,210.779664,250.351503,104.924881,342.484370,51.535210
389.012191,169.268488,293.484736,205.379720,248.555645,86.525794,344.083099,50.414562
372.945642,184.856512,274.170582,199.064407,255.700318,70.656829,354.475378,56.448934
373.557922,181.114063,274.991649,206.711875,241.617286,78.201418,340.183559,52.603605
367.752849,190.502805,269.981862,212.469693,238.129874,70.701762,335.900861,48.734874
357.406784,201.267949,264.683247,212.256575,249.670616,85.577940,342.394154,74.589313
354.802100,202.651800,262.597206,215.894686,243.912038,85.797369,336.116932,72.554483
367.822015,199.027049,268.939130,230.901459,225.767460,96.971475,324.650345,65.097065
381.574028,148.268185,301.201892,228.681813,201.411485,128.942897,281.783622,48.529269
345.012922,94.973389,324.225303,187.228071,192.039490,157.442825,212.827109,65.188143
329.748714,82.579685,320.054138,169.373269,176.302264,153.316628,185.996839,66.523044
300.548120,91.053524,275.955489,177.769127,159.909608,144.858400,184.502240,58.142797
270.370240,75.351206,264.921603,167.200153,154.199585,160.631934,159.648221,68.782986
250.150995,64.592582,269.613383,146.156892,170.571006,169.789792,151.108618,88.225481
256.133340,64.908409,274.851408,143.509871,179.644004,166.182460,160.925936,87.580999
244.973974,51.602564,315.029825,114.312887,245.111418,192.421134,175.055568,129.710811
302.567645,154.739450,220.817542,172.310871,199.366717,72.512045,281.116819,54.940624
327.838495,165.218797,262.244451,197.751959,220.088804,112.756858,285.682849,80.223696
339.924999,163.166827,279.643384,195.013987,237.961072,116.115991,298.242687,84.268831
346.048104,146.170561,293.682010,191.695165,240.050284,130.003601,292.416379,84.478997
344.346538,140.101800,297.661141,187.977083,242.669262,134.351964,289.354659,86.476681
340.570645,154.634549,286.563627,194.338836,238.714870,129.253455,292.721888,89.549168
338.735192,148.330137,292.953424,188.842488,240.557451,129.631402,286.339218,89.119051
329.513365,159.819480,280.812576,191.691677,237.466389,125.458604,286.167177,93.586407
317.384605,166.720012,268.343054,191.427918,232.847190,120.973859,281.888741,96.265954
311.290663,168.905324,260.067023,190.751065,229.118890,118.184242,280.342529,96.338501
307.198198,168.815162,247.369056,193.506549,217.222595,120.459341,277.051737,95.767954
309.864615,125.716360,275.335815,176.375475,219.546662,138.350088,254.075462,87.690972
300.192841,165.409931,238.706345,183.587514,214.887443,103.019002,276.373939,84.841419
311.754839,152.630445,252.466359,177.804086,215.767437,91.371484,275.055916,66.197843
320.211762,149.083852,263.347103,173.156099,227.238733,87.859110,284.103392,63.786864
342.730478,165.453893,285.698032,188.465849,243.829057,84.698482,300.861503,61.686526
345.202351,202.137178,281.720606,206.081559,274.331837,87.165051,337.813582,83.220671
296.391081,80.365260,358.389873,85.592366,349.440433,191.741813,287.441641,186.514706
309.269675,72.940046,373.421054,83.790364,353.679503,200.510236,289.528123,189.659917
307.773734,69.886163,373.176631,74.782721,364.235091,194.214098,298.832194,189.317540
385.023132,182.269047,312.575733,195.384495,290.313985,72.414568,362.761384,59.299119
309.807420,62.793959,377.820242,68.123989,368.989893,180.801948,300.977071,175.471917
384.626782,172.086184,310.886739,187.624573,285.985474,69.451428,359.725517,53.913039
307.272143,65.009109,376.717429,74.405697,359.966989,198.199467,290.521703,188.802880
367.687321,185.884973,294.064105,193.445648,281.426977,70.389701,355.050193,62.829026
360.677352,184.497187,290.494999,194.730421,272.232613,69.481914,342.414966,59.248680
284.375476,81.092604,354.671834,86.165567,346.913186,193.677644,276.616828,188.604682
275.287226,98.439748,348.072246,101.364263,343.764514,208.574630,270.979494,205.650115
273.329170,96.839576,352.879072,103.498613,344.171100,207.525407,264.621199,200.866370
273.442552,93.272986,356.888160,100.314602,348.455608,200.243294,265.010000,193.201678
376.144788,176.296422,300.031062,227.257876,231.884931,125.477893,307.998657,74.516439
376.720247,166.999256,310.883332,224.086813,224.520105,124.487378,290.357020,67.399821
381.921762,149.589045,306.777850,222.250109,212.889958,125.154043,288.033871,52.492979
382.186037,139.183676,304.498928,221.686988,202.266563,125.422528,279.953671,42.919215
377.651140,112.869674,319.004477,208.992932,195.259593,133.493780,253.906256,37.370522
359.822771,158.328197,291.520866,222.614303,192.762500,117.686738,261.064405,53.400632
359.411263,177.701146,263.020425,228.919548,192.672258,96.527312,289.063096,45.308910
356.073437,169.428199,259.338463,226.932975,185.003021,101.885326,281.737995,44.380550
349.968304,111.118328,301.837052,206.197553,169.448258,139.179353,217.579510,44.100128
228.276604,63.451719,282.771957,130.519571,193.714646,202.882254,139.219292,135.814402
224.669479,67.973612,268.056028,132.899938,179.621894,191.995409,136.235346,127.069083
228.938454,76.928206,261.089214,140.908557,167.403700,187.986455,135.252940,124.006105
228.613964,75.681615,263.299929,137.100471,179.643211,184.345147,144.957247,122.926291
227.043845,76.078493,263.544325,134.891335,180.226133,186.600348,143.725653,127.787507
216.684427,74.115941,264.774664,126.706313,194.384474,191.073246,146.294236,138.482874
237.513106,59.526077,279.574897,111.248898,188.251791,185.514248,146.190000,133.791427
239.168793,66.391942,283.524141,114.361177,211.570289,180.894199,167.214940,132.924964
244.995741,76.067713,283.705524,130.562112,217.364516,177.687066,178.654732,123.192666
258.409390,82.893957,275.687527,146.025388,208.999396,164.276941,191.721259,101.145510
276.517224,88.811075,273.157780,154.350031,197.132591,150.453075,200.492035,84.914119
283.485918,91.358991,272.381168,157.725417,198.640695,145.386806,209.745445,79.020380
284.467083,80.352739,286.284006,149.766464,208.982357,151.789855,207.165435,82.376130
302.838387,109.732971,264.770745,160.609273,208.170860,118.259021,246.238502,67.382720
298.874534,95.987943,271.370218,152.313624,207.579688,121.164156,235.084005,64.838476
300.687251,104.821547,260.985687,156.501520,201.922860,111.128304,241.624424,59.448330
312.632989,124.544833,262.911311,174.491811,192.367641,104.266349,242.089319,54.319371
320.470870,121.895020,270.166987,179.266854,194.436167,112.865728,244.740050,55.493895
346.098009,131.608016,302.552779,193.157546,206.954573,125.523466,250.499803,63.973936
355.412872,118.092754,324.394476,184.373413,215.450404,133.389153,246.468800,67.108494
364.290840,111.525455,341.385768,181.126851,217.277254,140.284072,240.182326,70.682676
368.708216,118.488500,342.080084,186.715908,218.579840,138.515620,245.207971,70.288212
375.389605,131.705787,322.144330,209.745966,211.118096,133.994957,264.363371,55.954778
369.580157,145.206900,312.027429,215.507420,209.341276,131.441637,266.894005,61.141117
382.158974,160.122962,289.497839,220.343110,214.076488,104.291786,306.737623,44.071638
363.925460,177.947715,269.721050,205.323721,234.478375,84.049079,328.682785,56.673072
351.987033,180.229214,271.647503,183.237529,266.559911,47.369207,346.899441,44.360892
284.495358,59.662027,364.658401,67.019777,353.141922,192.492367,272.978879,185.134616
378.576831,179.065875,280.011252,205.128615,244.392174,70.422324,342.957753,44.359584
398.603689,125.867183,345.049662,204.585624,236.811806,130.948836,290.365834,52.230395
389.231141,133.329118,334.863059,214.018606,222.104671,138.042698,276.472753,57.353209
396.963077,155.255446,306.602661,226.826111,217.952632,114.902414,308.313049,43.331748
379.849322,169.380870,278.908495,220.092910,218.301422,99.456311,319.242250,48.744271
350.803097,172.689150,262.393506,196.309070,234.049602,90.217561,322.459193,66.597641
329.908410,196.301961,253.829045,208.274291,234.711937,86.792724,310.791303,74.820394
314.367984,177.958694,228.959094,188.981010,215.973899,88.362318,301.382790,77.340001
299.078856,187.914762,214.514196,199.106889,199.787712,87.837600,284.352372,76.645472
254.602578,64.965265,291.798653,124.264945,204.702249,178.896680,167.506174,119.597000
232.483463,63.909329,274.897075,113.771337,194.168109,182.440995,151.754497,132.578986
197.925586,82.110840,247.248202,123.134855,184.765472,198.256994,135.442855,157.232979
181.700877,88.172303,235.922153,121.700138,185.630401,203.032052,131.409125,169.504217
180.743256,91.524586,233.165976,121.850727,182.325093,209.735876,129.902373,179.409735
190.331462,90.455871,238.397134,124.563350,179.079780,208.155823,131.014108,174.048344
200.252675,85.918888,246.279421,124.838547,181.047879,201.981966,135.021133,163.062306
212.206427,76.318393,257.565108,126.137873,195.452508,182.688956,150.093827,132.869476
213.160536,68.857507,269.154753,113.945306,216.727080,179.054861,160.732862,133.967062
209.710988,63.969008,272.589486,88.343399,241.460747,168.646059,178.582249,144.271668
218.670842,56.169939,282.674692,78.211036,252.569777,165.630929,188.565928,143.589831
221.905935,54.162459,291.226493,64.114147,277.917609,156.819955,208.597050,146.868266
302.413590,145.683877,236.389452,156.923281,220.333160,62.603083,286.357299,51.363679
314.113508,150.535470,250.186255,165.192258,227.297572,65.360656,291.224825,50.703868
320.073425,150.313896,255.362297,166.385714,231.688944,71.067971,296.400073,54.996153
325.010648,152.209594,258.178934,176.301925,221.438129,74.383561,288.269843,50.291230
323.235571,152.278835,254.341084,178.317759,220.721207,89.365383,289.615694,63.326459
328.059561,160.103049,260.544815,196.565684,206.949135,97.327142,274.463880,60.864507
324.424560,133.100066,268.218103,193.580068,194.219042,124.809815,250.425499,64.329813
290.628701,79.185057,291.825628,155.295438,195.483374,156.810535,194.286447,80.700154
276.734005,74.053554,296.642475,132.266836,192.228176,167.975680,172.319705,109.762398
249.436141,89.876227,265.173038,143.228740,186.033477,166.571805,170.296579,113.219291
248.906707,92.302996,268.774745,145.016424,192.175545,173.887167,172.307507,121.173738
240.788333,89.789357,267.658054,139.129685,191.070082,180.837909,164.200361,131.497581
243.276435,84.297760,272.620914,137.956935,203.630547,175.685551,174.286068,122.026376
252.207369,79.254772,282.085597,136.070222,207.891304,175.087672,178.013076,118.272223
314.678861,148.796512,244.830022,198.492958,188.750546,119.672709,258.599385,69.976263
253.659577,53.812740,328.101904,93.163803,282.963920,178.553531,208.521593,139.202469
276.497767,54.209728,336.582771,117.936401,264.653655,185.755118,204.568652,122.028445
295.457139,68.137426,327.820355,143.514798,243.230193,179.833518,210.866977,104.456146
322.512815,175.229453,247.778578,189.493655,227.843067,85.045806,302.577304,70.781604
325.947204,177.070737,252.371591,192.403415,231.534875,92.416042,305.110489,77.083365
326.695043,184.647616,257.122869,197.388397,238.375719,95.017911,307.947894,82.277130
325.789605,179.631636,258.356600,193.740739,238.386792,98.297101,305.819797,84.187997
327.103990,176.471986,256.876680,194.690922,232.671522,101.388924,302.898832,83.169988
346.688759,150.156452,280.348605,201.814491,214.998074,117.890200,281.338228,66.232161
296.630247,82.687047,303.894360,163.211625,222.350483,170.567690,215.086369,90.043111
278.689997,77.937083,309.126790,141.981343,228.413476,180.340041,197.976683,116.295781
271.366859,85.342649,295.764142,132.920793,217.834423,172.881861,193.437140,125.303717
254.387919,99.720150,271.017161,143.158951,211.186360,166.063378,194.557118,122.624577
262.881423,99.923817,280.571447,141.300900,210.843399,171.111867,193.153375,129.734783
209.763866,110.175784,272.261482,112.522713,269.231270,193.215837,206.733654,190.868908
278.004069,184.462934,221.495600,194.664142,207.796835,118.781341,264.305304,108.580132
279.028284,108.694116,278.386565,155.551701,214.850856,154.681573,215.492576,107.823988
305.522623,176.615208,241.522575,196.377586,215.764870,112.961794,279.764917,93.199416
312.546157,180.225115,247.552569,197.660763,223.142662,106.669738,288.136251,89.234090
327.224869,172.423045,262.006932,201.589485,220.631284,109.071016,285.849222,79.904576
322.214837,177.210492,252.469078,199.697614,221.415433,103.382042,291.161192,80.894920
313.215192,178.891372,237.179742,195.909516,210.551353,76.936399,286.586803,59.918255
320.668324,163.067494,243.983926,196.365007,194.994482,83.541984,271.678880,50.244472
312.289790,176.500714,219.373448,200.595390,186.148158,72.468644,279.064500,48.373968
297.032108,176.279489,213.394850,199.910202,183.136010,92.813713,266.773269,69.183000
295.117354,188.819282,195.225998,194.930581,186.873888,58.412394,286.765245,52.301094
203.312798,50.755755,297.451639,68.946217,274.158974,189.489856,180.020133,171.299393
193.158382,60.692820,292.489514,62.707564,290.151416,177.980730,190.820284,175.965986
311.253300,174.136690,219.226418,199.343698,184.251693,71.656400,276.278575,46.449391
322.515107,161.325822,235.531953,202.532538,178.805825,82.789495,265.788978,41.582779
315.496093,181.743822,224.124924,213.648677,172.909235,66.973906,264.280404,35.069050
323.371312,185.076768,238.548436,224.450005,173.863831,85.098137,258.686707,45.724900
336.985902,171.603378,241.073374,224.401251,167.968627,91.599289,263.881155,38.801417
335.056243,177.614462,222.906149,226.895355,162.478388,89.377977,274.628482,40.097085
344.483473,138.141790,258.744134,228.413688,146.719970,122.014267,232.459310,31.742368
280.423740,43.495226,306.131922,137.674470,167.716973,175.457708,142.008790,81.278464
232.803295,56.006132,255.662512,144.507876,154.906680,170.532215,132.047463,82.030471
177.676837,56.771151,247.423500,108.500090,175.798815,205.072392,106.052153,153.343453
165.023940,59.550262,236.120006,103.726755,180.564720,193.135444,109.468654,148.958951
190.027611,53.779986,237.144555,128.125142,139.375582,190.087150,92.258638,115.741994
179.289206,49.366100,242.714840,107.618644,171.694614,184.945787,108.268980,126.693243
209.218483,48.718841,246.800920,127.788530,159.621519,169.225576,122.039082,90.155887
244.416382,32.700357,283.427781,107.253652,172.069695,165.523843,133.058296,90.970549
302.841987,65.483863,281.584447,159.629404,167.960518,133.973751,189.218059,39.828211
365.499877,161.788959,266.647707,227.562057,179.595078,96.728304,278.447247,30.955206
374.017828,180.905705,275.841920,233.508385,198.383029,88.941664,296.558937,36.338984
366.549136,182.497002,271.401868,213.724269,225.762017,74.662877,320.909285,43.435610
367.586903,172.595481,272.469603,192.241469,248.184978,74.665918,343.302278,55.019929
373.938115,175.105737,282.588668,200.496461,248.963116,79.520167,340.312562,54.129444
368.549891,178.328435,272.685078,194.699347,252.487200,76.424579,348.352012,60.053667
365.268686,170.099877,272.911660,192.617840,242.021633,65.922945,334.378659,43.404982
376.618723,180.397579,283.506793,213.899887,233.465370,74.821307,326.577300,41.318999
364.598949,204.964417,266.710514,225.696928,233.053841,66.787130,330.942276,46.054620
363.606140,205.208310,267.907142,227.451606,230.526047,66.624123,326.225046,44.380827
361.042574,186.176599,263.582247,209.706065,229.296453,67.692446,326.756780,44.162979
366.253225,182.919261,265.243776,212.577106,223.645760,70.901514,324.655209,41.243670
385.693991,164.996629,291.006399,223.001040,214.150555,97.539980,308.838146,39.535570
390.318888,155.515854,301.478541,225.977380,208.675556,108.968142,297.515904,38.506617
380.418627,171.620926,275.664197,229.632344,203.674125,99.635883,308.428555,41.624465
378.947286,155.997264,274.226779,231.710187,189.710027,114.812877,294.430534,39.099954
362.611452,178.835827,260.393245,227.693067,199.480322,100.252185,301.698529,51.394945
324.228342,197.538447,219.045716,204.156523,210.843031,73.789324,316.025657,67.171248
234.846538,63.009415,318.984371,72.642575,303.892421,204.458513,219.754589,194.825353
244.981181,79.420843,320.868532,88.640155,306.958692,203.136860,231.071341,193.917548
249.966513,83.813682,332.301137,100.692274,310.819293,205.481796,228.484668,188.603204
342.811419,191.166257,273.936828,213.805619,233.563299,90.979265,302.437890,68.339903
341.981785,171.256203,272.366077,198.201377,236.300998,105.023429,305.916706,78.078255
341.515060,180.565054,271.020700,207.003437,230.022047,97.686096,300.516407,71.247713
332.371446,195.661362,258.874560,208.268473,238.045420,86.838835,311.542306,74.231724
336.622414,172.684833,265.064963,194.116352,230.050087,77.205588,301.607538,55.774069
334.414617,171.009464,262.191003,190.935253,230.594396,76.409238,302.818009,56.483449
325.720178,173.400207,246.479171,186.233276,226.801799,64.730400,306.042806,51.897331
313.939012,73.707716,306.702839,159.732032,194.209503,150.269344,201.445676,64.245028
282.144081,86.499984,260.824227,163.379836,169.459765,138.043198,190.779619,61.163346
196.042262,64.142115,257.527827,100.169097,215.958232,171.113980,154.472667,135.086997
216.693106,60.429845,257.732183,121.957312,178.873035,174.556693,137.833958,113.029226
285.526670,83.290176,270.416886,156.965055,168.629224,136.089696,183.739008,62.414817
334.408124,135.702409,260.451209,201.844189,180.419655,112.356322,254.376570,46.214542
344.403116,163.367329,263.228794,193.129266,218.765177,71.856785,299.939499,42.094848
300.613989,49.475124,387.683670,95.396928,342.272109,181.499168,255.202428,135.577365
324.897089,50.592983,399.960095,100.412253,323.179809,216.097592,248.116802,166.278322
318.500973,47.340464,398.446162,93.459866,325.655299,219.638417,245.710110,173.519015
361.361072,182.292646,272.206124,193.311856,255.462648,57.842649,344.617596,46.823439
375.907531,169.171012,288.640909,223.943041,203.874674,88.887554,291.141296,34.115525
361.794676,120.501793,287.635090,225.621279,172.003656,144.045735,246.163241,38.926249
289.122187,57.358071,327.497338,158.443992,193.558492,209.291066,155.183342,108.205145
247.496968,52.192884,329.494291,129.380298,239.287313,225.208495,157.289990,148.021081
198.450034,62.383160,292.033612,69.707897,283.287657,181.449482,189.704079,174.124745
301.295333,233.340235,219.915965,246.923606,192.091964,80.227160,273.471332,66.643789
223.829500,69.785326,295.950527,80.021014,278.132847,205.565025,206.011819,195.329336
312.365647,181.045535,247.506243,196.281951,218.498452,72.799624,283.357855,57.563209
318.996603,155.383465,245.436193,164.988925,234.413533,80.575340,307.973943,70.969880
337.799746,157.718671,278.499546,186.478367,225.016603,76.200803,284.316802,47.441107
348.103979,155.011923,285.632991,201.760600,207.279573,97.055705,269.750561,50.307028
332.817594,164.633092,250.404502,211.077093,189.234354,102.533021,271.647446,56.089020
304.030056,187.834297,213.245863,202.933346,196.160097,100.203865,286.944290,85.104816
221.416896,82.971599,303.896363,104.238308,276.594507,210.124111,194.115039,188.857402
294.489045,192.619352,237.792061,197.115748,230.874529,109.889618,287.571513,105.393222
258.786591,98.368600,326.676470,113.780190,305.744311,205.988832,237.854432,190.577242
285.891752,97.900184,357.563407,126.002994,323.695918,212.376526,252.024263,184.273717
335.637338,88.591974,392.296255,143.285023,324.581050,213.434158,267.922134,158.741108
362.568269,78.400831,419.287744,146.196584,325.416701,224.731242,268.697226,156.935489
363.885284,65.494796,426.571934,125.491141,331.989461,224.314801,269.302811,164.318457
329.663743,53.712551,406.526840,91.444566,346.155617,214.425521,269.292520,176.693506
369.204611,172.264037,288.359686,186.707507,264.221284,51.596812,345.066208,37.153341
351.533272,153.529219,268.492839,180.455617,229.922594,61.505808,312.963027,34.579410
349.186111,129.285139,300.440847,192.995005,201.128408,117.009741,249.873672,53.299875
309.874284,74.991149,307.919575,154.006037,172.297006,150.650940,174.251715,71.636052
239.977069,68.737732,262.514039,136.280089,159.592352,170.622138,137.055382,103.079781
190.331888,69.603606,236.285555,122.061875,161.229878,187.810968,115.276211,135.352699
174.351284,81.339856,225.000523,120.972573,160.833266,202.976102,110.184028,163.343385
188.879494,86.895237,227.944226,128.617937,158.642114,193.505118,119.577383,151.782418
222.276689,108.189911,237.324702,141.740641,171.062009,171.460466,156.013997,137.909736
251.888851,125.577164,284.294302,142.910635,245.087642,216.208680,212.682191,198.875209
279.365047,137.812650,270.521547,190.238664,227.925410,183.053320,236.768911,130.627306
289.534623,174.091652,240.961905,194.963418,206.694827,115.217165,255.267545,94.345399
269.367000,106.058273,248.766755,153.076790,182.646964,124.107695,203.247210,77.089177
239.825919,82.538009,240.260620,136.525842,170.304555,137.089118,169.869853,83.101284
197.082656,72.307068,235.138974,129.594593,157.951571,180.870474,119.895253,123.582949
170.703826,73.280124,224.729998,126.421168,159.366513,192.873360,105.340341,139.732316
158.874419,79.656806,216.701567,120.716925,161.339609,198.686113,103.512462,157.625994
165.331340,77.606403,220.539771,119.630251,163.326580,194.793537,108.118149,152.769689
187.157547,68.262266,235.954679,116.269247,167.021578,186.336924,118.224446,138.329943
192.351499,52.847475,252.559258,84.922754,203.579440,176.861630,143.371681,144.786351
