1.824044
0.037045
0.036525
0.036376
0.036348
0.036295
0.036118
0.036115
0.036126
0.036473
0.046870
0.036454
0.036337
0.036329
0.036043
0.036241
0.036219
0.036275
0.036400
0.037364
0.046732
0.036191
0.036052
0.036055
0.036216
0.036354
0.036515
0.036692
0.036976
0.037042
0.047291
0.037111
0.037041
0.037188
0.036833
0.037006
0.036800
0.036459
0.036306
0.036219
0.046496
0.036197
0.036635
0.036512
0.036947
0.037020
0.036966
0.037021
0.037179
0.037247
0.047526
0.037384
0.037295
0.037339
0.037079
0.036885
0.036662
0.036525
0.036438
0.036536
0.046889
0.036533
0.036454
0.036643
0.036728
0.036914
0.036987
0.036820
0.037277
0.037169
0.047683
0.037378
0.037442
0.037222
0.037066
0.036822
0.037013
0.037351
0.037555
0.037915
0.048517
0.037919
0.037603
0.037324
0.037140
0.037007
0.036650
0.036458
0.036165
0.036404
0.046842
0.036666
0.036586
0.036731
0.036602
0.036314
0.036277
0.036385
0.036207
0.036292
0.046795
0.036585
0.036521
0.036536
0.036570
0.036269
0.036175
0.036173
0.036238
0.036478
0.046829
0.036392
0.036546
0.036370
0.036213
0.036300
0.036239
0.036422
0.036684
0.037825
0.047863
0.037394
0.037605
0.037899
0.035653
0.035744
0.035587
0.035968
0.035685
0.035782
0.046304
0.036017
0.035831
0.035928
0.036141
0.037813
0.037449
0.037540
0.037423
0.037333
0.047472
0.036874
0.036536
0.036426
0.036239
0.036018
0.036102
0.036185
0.036195
0.036220
0.046517
0.036527
0.036650
0.036342
0.036453
0.036728
0.036768
0.036855
0.036892
0.037033
0.047230
0.037331
0.037323
0.037346
0.037137
0.036997
0.037066
0.037167
0.037276
0.037619
0.048366
0.038302
0.035964
0.035791
0.035794
0.035990
0.035909
0.035997
0.035913
0.035634
0.048274
0.037685
0.037391
0.037203
0.037103
0.036834
0.036541
0.036323
0.036121
0.035968
0.046362
0.035940
0.035875
0.036066
0.036234
0.036501
0.036405
0.046948
0.047331
0.037205
0.047768
0.037524
0.037584
0.037886
0.037775
0.037710
0.038212
0.035814
0.035867
0.035769
0.046333
0.038218
0.037738
0.037727
0.037453
0.037234
0.036882
0.036752
0.036438
0.036481
0.046710
0.036361
0.036276
0.036123
0.036138
0.036238
0.036425
0.036539
0.036480
0.036976
0.047095
0.036801
0.036822
0.036814
0.036877
0.036622
0.036364
0.036296
0.036135
0.035989
0.046492
0.036290
0.036428
0.036672
0.036678
0.037028
0.037185
0.037451
0.037252
0.037117
0.047512
0.036947
0.036786
0.036367
0.036217
0.036261
0.036288
0.036026
0.036230
0.036304
0.046863
0.036653
0.036755
0.037132
0.037397
0.037640
0.037677
0.037945
0.038078
0.037894
0.046145
0.035913
0.035848
0.036221
0.036160
0.036279
0.036015
0.036067
0.035768
0.035783
0.048352
0.037819
0.037541
0.037215
0.037842
0.037941
0.038198
0.035784
0.035817
0.035823
0.045960
0.038123
0.035607
0.035813
0.035815
0.035903
0.035838
0.035936
0.035917
0.035948
0.046483
0.036236
0.036023
0.035831
0.035617
0.035589
0.037993
0.037672
0.037478
0.037274
0.047694
0.037463
0.037368
0.037601
0.037786
0.037390
0.037115
0.037123
0.037149
0.037530
0.048142
0.037502
0.037558
0.037931
0.038168
0.035982
0.035825
0.036079
0.036226
0.036037
0.046145
0.035762
0.037912
0.037838
0.037610
0.037799
0.038163
0.037780
0.037488
0.037316
0.047320
0.036830
0.036953
0.037343
0.037420
0.037521
0.038163
0.038193
0.037849
0.037651
0.048031
0.037206
0.036819
0.036712
0.036462
0.036509
0.036152
0.036005
0.036042
0.035957
0.046412
0.036378
0.036372
0.036333
0.036672
