1.831963
0.035330
0.034874
0.034799
0.034646
0.034844
0.034631
0.034670
0.035023
0.034758
0.046677
0.035417
0.035120
0.034833
0.035005
0.034833
0.035045
0.034665
0.034730
0.034850
0.045084
0.034782
0.034672
0.034691
0.034792
0.034811
0.034755
0.034712
0.034865
0.034779
0.045193
0.035120
0.034833
0.034878
0.034789
0.034886
0.034905
0.034788
0.034990
0.034932
0.045239
0.035031
0.034843
0.034928
0.034901
0.034857
0.035157
0.035069
0.034901
0.034919
0.045361
0.034817
0.034853
0.034903
0.034834
0.034966
0.034997
0.034960
0.034987
0.035112
0.045300
0.034988
0.034984
0.034946
0.035111
0.035037
0.034989
0.034841
0.034973
0.035011
0.045584
0.035157
0.035241
0.035172
0.034958
0.035016
0.034954
0.035109
0.034984
0.034994
0.045305
0.034918
0.034976
0.035020
0.035486
0.034992
0.034962
0.035035
0.034969
0.035024
0.045393
0.035254
0.035001
0.035016
0.035010
0.034998
0.035091
0.035017
0.034978
0.035075
0.045670
0.035084
0.035076
0.035098
0.035095
0.035173
0.035099
0.035072
0.035078
0.035025
0.045426
0.035155
0.035242
0.035068
0.041525
0.035070
0.035307
0.035245
0.035225
0.035236
0.048438
0.035872
0.035131
0.035217
0.035125
0.035244
0.035144
0.035144
0.035171
0.035350
0.045635
0.035260
0.035315
0.035261
0.035329
0.035358
0.035734
0.035277
0.035346
0.035346
0.045704
0.035623
0.035387
0.035291
0.035469
0.035453
0.035354
0.035255
0.035363
0.035381
0.045827
0.035489
0.035621
0.035453
0.035494
0.035418
0.035311
0.035374
0.035464
0.035451
0.045774
0.035428
0.035449
0.035574
0.035486
0.035558
0.036026
0.035696
0.035693
0.035589
0.045824
0.035521
0.035523
0.035500
0.035473
0.035576
0.035448
0.035496
0.035538
0.035751
0.045998
0.035616
0.035496
0.035524
0.035574
0.035580
0.035510
0.035583
0.035509
0.035548
0.046032
0.035552
0.035526
0.035392
0.035438
0.035363
0.035416
0.035427
0.035454
0.035446
0.045959
0.035616
0.035681
0.035818
0.035946
0.035870
0.035659
0.035560
0.035399
0.035359
0.045605
0.035299
0.035257
0.035263
0.035250
0.035427
0.035237
0.034728
0.035247
0.035343
0.045001
0.035222
0.035248
0.035197
0.035105
0.035185
0.035167
0.035223
0.035283
0.037642
0.047547
0.035201
0.035149
0.035168
0.035199
0.035165
0.035126
0.035105
0.035104
0.035247
0.045478
0.035233
0.035199
0.035122
0.035035
0.035126
0.035042
0.035147
0.035007
0.034976
0.045458
0.035006
0.034981
0.035141
0.035150
0.035073
0.035306
0.035188
0.035258
0.035085
0.045455
0.035079
0.035105
0.034959
0.034877
0.035121
0.035088
0.035090
0.035105
0.035100
0.045316
0.034900
0.034846
0.034920
0.034928
0.034882
0.034883
0.034990
0.034877
0.034832
0.045326
0.034789
0.034798
0.034846
0.034861
0.034827
0.034925
0.034879
0.034866
0.035233
0.045356
0.035067
0.034942
0.034883
0.034899
0.034886
0.034906
0.034814
0.035002
0.035031
0.045141
0.035073
0.034948
0.035013
0.035012
0.034949
0.035129
0.034947
0.034979
0.035385
0.045316
0.035127
