327.070000,307.070000,348.930000,306.980000,349.060000,337.940000,327.200000,338.030000
350.686696,338.775873,327.800378,340.979766,324.562561,307.356657,347.448879,305.152764
351.787197,336.018651,327.176862,337.240057,325.558131,304.623951,350.168466,303.402545
351.484171,335.615660,326.266539,337.805108,323.347275,304.181599,348.564907,301.992151
350.626737,341.128944,324.552392,343.164069,321.904278,309.236006,347.978623,307.200881
321.483727,308.978870,347.840280,309.727667,346.841884,344.869737,320.485331,344.120941
346.632334,338.686640,321.595007,339.546389,320.386711,304.358795,345.424037,303.499046
321.135898,303.695677,347.588054,304.267371,346.844852,338.655174,320.392696,338.083480
320.362249,302.802330,348.334355,303.124225,347.930023,338.259920,319.957917,337.938024
323.053894,300.045765,351.229539,309.156328,338.716235,347.855406,310.540590,338.744843
319.905720,301.208214,349.440304,311.030328,336.423045,350.172549,306.888460,340.350435
323.293920,298.108365,352.231613,311.417458,335.472014,347.857516,306.534321,334.548422
319.531046,298.364402,346.854429,300.319327,344.199232,337.430191,316.875849,335.475266
348.292744,334.552890,320.937128,339.120803,315.211153,304.829960,342.566770,300.262047
349.512223,343.355292,323.329701,345.307601,320.634964,309.168346,346.817486,307.216037
348.757571,340.549758,323.202302,342.910339,319.936293,307.553050,345.491562,305.192468
321.042916,306.705071,347.576218,307.257993,346.827324,343.195503,320.294022,342.642582
352.079246,338.151343,325.366230,341.049704,321.564483,306.010554,348.277499,303.112192
325.813610,303.501309,352.715954,305.112031,350.534343,341.549384,323.631998,339.938661
353.962547,343.384849,326.458233,345.253345,323.927485,308.000667,351.431798,306.132171
354.547620,347.155140,326.511183,349.385345,323.556162,312.237065,351.592599,310.006860
353.550640,348.669530,325.520249,348.888877,325.227786,311.515021,353.258178,311.295674
356.967191,349.254504,329.471255,350.147004,328.202966,311.073833,355.698901,310.181333
356.708376,348.330813,328.124776,349.184799,326.957302,310.108485,355.540902,309.254499
355.509309,345.057202,328.045654,348.922845,322.376045,308.642817,349.839700,304.777175
352.640880,347.774716,323.238604,348.774561,321.884384,308.951225,351.286660,307.951381
320.267623,307.068830,349.343122,307.104122,349.295913,345.997322,320.220414,345.962030
349.037205,346.199376,319.274502,347.512749,317.501448,307.333101,347.264151,306.019727
320.720216,307.943414,351.407746,310.536290,348.014600,350.695280,317.327070,348.102404
319.246386,307.492415,350.294685,308.514086,348.988499,348.208747,317.940200,347.187076
317.597219,306.393590,349.547014,310.445701,344.323208,351.633991,312.373413,347.581879
348.019314,346.428453,316.355641,347.657059,314.796257,307.468551,346.459930,306.239945
315.436403,305.139852,347.835507,306.354778,346.313190,346.951245,313.914086,345.736319
346.757269,349.294513,314.272933,349.344586,314.207406,306.834220,346.691742,306.784147
317.072557,305.201697,349.549505,306.425570,347.927874,349.457525,315.450926,348.233653
319.655540,306.449223,352.914874,308.669089,350.029048,351.906223,316.769714,349.686357
318.462120,310.361896,353.476098,310.701455,353.079264,351.621406,318.065285,351.281847
320.770669,314.064939,353.870532,315.355165,352.225493,357.557491,319.125630,356.267264
354.750462,351.027911,321.421482,351.566592,320.748131,309.905366,354.077111,309.366685
356.083463,351.599385,322.974062,352.317503,322.043168,309.397909,355.152569,308.679791
356.628454,352.318644,324.168541,354.034056,321.823421,309.658479,354.283334,307.943068
359.607039,351.970320,325.166658,355.224188,320.787996,308.878489,355.228377,305.624621
357.867928,351.713819,324.076858,354.946122,319.658012,308.750735,353.449082,305.518431
352.518449,351.610975,318.200241,353.586130,315.607850,308.543483,349.926057,306.568328
352.909470,356.921382,318.633013,359.522375,315.154185,313.677614,349.430642,311.076621
350.952992,358.001280,316.596415,359.126556,315.091358,313.174635,349.447935,312.049358
315.941047,312.658399,350.926563,314.110187,349.062539,359.029862,314.077023,357.578074
314.729698,311.883774,350.560532,312.306983,350.020941,357.991297,314.190107,357.568088
314.111431,311.941785,350.566220,314.263487,347.741016,358.624134,311.286227,356.302432
349.110927,356.335451,313.433666,359.676232,309.048890,312.849827,344.726151,309.509046
348.385600,351.416419,314.597205,351.628694,314.317002,307.028012,348.105397,306.815737
317.188375,301.718033,352.199574,302.539431,351.127750,348.224777,316.116550,347.403378
317.809829,300.573053,352.686591,303.507583,348.871702,348.847374,313.994940,345.912844
317.171123,300.324114,352.513622,302.917221,349.152186,348.731571,313.809687,346.138463
318.890605,302.721469,352.054252,304.340106,349.831324,349.884848,316.667676,348.266211
320.744184,301.279563,357.206661,303.520101,354.432661,348.664120,317.970185,346.423581
321.201222,302.521578,356.720130,303.931375,354.876549,350.379178,319.357642,348.969380
322.614260,304.646101,359.769739,304.885521,359.466085,352.009543,322.310606,351.770123
325.332799,305.488407,361.414853,306.407210,360.209669,353.735618,324.127616,352.816815
362.697328,349.478324,326.603923,351.609169,323.790115,303.947364,359.883520,301.816520
328.212401,298.076739,364.906064,298.910074,363.764088,349.193983,327.070424,348.360649
328.445924,295.165612,366.794290,297.781769,363.508142,345.951057,325.159776,343.334900
329.670563,298.309887,367.812569,300.811566,364.670216,348.721646,326.528211,346.219967
366.028381,337.827332,328.227882,340.793109,324.372372,291.652460,362.172871,288.686683
325.704274,286.230146,362.793768,286.943524,361.839510,336.556744,324.750015,335.843366
327.614933,283.822697,365.086340,287.949024,359.566707,338.073114,322.095300,333.946787
330.124658,279.308833,367.763814,283.887859,361.696605,333.759742,324.057448,329.180716
330.999681,281.474942,368.253797,285.762231,362.412365,336.520964,325.158249,332.233674
332.369500,287.807919,372.111002,295.796504,361.428593,348.939210,321.687091,340.950625
335.100034,282.749874,375.144476,293.880198,359.641525,349.656384,319.597083,338.526061
326.757060,287.240141,366.656213,287.838922,365.886352,339.137833,325.987199,338.539052
328.974226,280.765059,367.891629,287.995274,357.617113,343.298952,318.699710,336.068737
324.028040,288.299752,364.959621,292.493228,359.704506,343.787235,318.772924,339.593759
359.559694,341.054961,322.133110,344.426346,317.349388,291.321057,354.775973,287.949672
359.394252,335.306340,320.563397,337.315767,317.968948,287.179726,356.799803,285.170299
356.092298,330.818791,319.536648,336.602859,311.088865,283.212371,347.644514,277.428303
352.653547,333.279691,314.806459,335.251874,312.014668,281.676126,349.861756,279.703943
351.020304,336.118421,312.382138,339.060297,308.300285,285.449842,346.938451,282.507966
350.545669,336.882308,311.270608,339.685914,307.450695,286.173643,346.725756,283.370037
347.783212,334.160245,309.920953,335.815802,307.620374,283.202012,345.482633,281.546456
348.713603,333.847698,311.231086,334.903914,309.763357,282.817818,347.245874,281.761602
348.758707,334.352907,310.577077,335.022401,309.650085,282.155527,347.831716,281.486033
354.022881,333.300416,314.687301,335.061866,312.265307,280.975442,351.600888,279.213992
352.520260,331.124406,313.017375,333.646775,309.580648,279.824094,349.083533,277.301725
352.742692,329.764501,311.178381,332.284351,307.890283,278.047993,349.454595,275.528143
346.247494,330.682492,307.666243,331.664657,306.296381,277.853966,344.877632,276.871801
345.134089,334.419751,304.636280,334.840961,304.079866,281.343855,344.577676,280.922644
342.179953,335.632930,302.495134,336.838450,300.882555,283.753562,340.567374,282.548042
340.711368,339.427231,301.436851,340.673043,299.717946,286.484153,338.992463,285.238341
339.013915,339.054100,299.570750,341.172307,296.540909,284.753604,335.984073,282.635397
339.377488,339.438765,299.690079,340.555738,298.123416,284.890280,337.810825,283.773307
341.231896,336.293310,301.030105,337.461148,299.413098,281.797130,339.614890,280.629292
343.809497,332.804499,304.014044,333.969412,302.416023,279.378213,342.211476,278.213300
345.492812,333.531825,305.388465,334.546736,304.000991,279.720540,344.105339,278.705628
349.698723,333.906003,307.297431,338.562842,301.088313,282.027787,343.489604,277.370948
351.810097,336.886868,309.392266,339.528381,305.859242,282.794531,348.277074,280.153018
351.708924,338.785848,309.226731,340.016013,307.612140,284.258135,350.094332,283.027970
353.553755,339.322616,312.199435,343.424898,306.695107,287.936823,348.049427,283.834541
352.757729,342.685450,311.060725,345.078623,307.810737,288.453062,349.507741,286.059889
354.539519,337.025288,312.648817,341.047228,307.269472,285.018413,349.160175,280.996473
352.713031,337.136973,311.176532,338.451403,309.429505,283.244664,350.966004,281.930234
354.549070,340.209257,312.354693,343.076249,308.520092,286.641270,350.714468,283.774278
355.246206,344.981873,313.351639,347.476116,309.973361,290.732842,351.867928,288.238599
355.820376,343.061092,311.757483,347.733165,305.734449,290.929194,349.797342,286.257121
357.623248,342.073383,314.550573,344.197123,311.656976,285.510603,354.729652,283.386863
357.842489,341.928102,315.165648,343.567897,312.951924,285.954161,355.628765,284.314366
355.020395,339.433054,311.156105,342.750813,306.826834,285.513265,350.691124,282.195505
352.391403,338.868708,309.764919,340.461970,307.640570,283.626657,350.267054,282.033395
353.128175,335.873200,309.825183,337.494509,307.656683,279.576757,350.959675,277.955448
355.792424,335.151151,311.726605,336.482895,309.950947,277.728470,354.016765,276.396727
359.339757,340.672579,313.550491,344.019989,309.141707,283.712175,354.930973,280.364765
357.427671,344.734938,313.350411,345.011113,312.978637,285.676340,357.055897,285.400165
357.449118,344.577261,313.986725,345.320628,312.976508,286.256350,356.438901,285.512983
356.423239,341.187132,313.705739,342.853795,311.381184,283.274125,354.098683,281.607463
357.297663,342.279388,312.194513,344.118387,309.787921,285.094512,354.891071,283.255513
356.400902,341.708023,312.355790,343.413666,310.059731,284.122169,354.104843,282.416526
355.218076,340.087260,311.336037,343.645207,306.517044,284.210040,350.399083,280.652093
351.652155,339.283843,306.792082,340.939763,304.584189,281.126332,349.444262,279.470413
355.780810,342.322800,309.347357,347.186649,302.842690,285.088898,349.276144,280.225048
352.533436,344.852957,306.435400,345.875500,305.072011,284.411452,351.170046,283.388910
350.923042,346.070666,305.996057,346.164697,305.868620,285.276810,350.795605,285.182778
349.073619,343.488939,303.444654,345.468262,300.838963,285.399751,346.467928,283.420429
351.416296,334.483804,305.543851,336.245211,303.240472,276.258167,349.112917,274.496760
303.699151,267.716115,350.888325,268.293679,350.148761,328.718841,302.959587,328.141277
303.521432,271.123662,350.181570,271.904246,349.166811,332.562425,302.506673,331.781841
305.821431,275.331273,351.008508,278.483246,346.725059,339.891325,301.537981,336.739353
349.247628,342.791076,303.375705,343.513029,302.397869,281.382703,348.269793,280.660750
305.142118,278.578460,349.856143,279.013957,349.250972,341.149031,304.536947,340.713534
351.254488,339.541301,303.832045,341.452462,301.307425,278.808001,348.729867,276.896840
353.254594,341.767897,307.158763,343.254356,305.131774,280.396404,351.227605,278.909946
309.067350,282.358568,355.766357,282.734662,355.256964,345.985215,308.557958,345.609121
308.999578,282.915561,356.477904,284.350334,354.576829,347.259116,307.098504,345.824342
309.997072,282.253581,357.517387,283.273079,356.197268,344.805795,308.676953,343.786297
358.109483,345.120113,310.241033,347.269158,307.366685,283.245105,355.235136,281.096060
360.244480,342.492227,311.630153,348.285815,303.808809,282.656474,352.423136,276.862886
360.579366,343.316898,311.220387,348.028383,305.036562,283.244723,354.395541,278.533237
359.147717,344.427400,308.754677,344.958039,308.094615,282.274014,358.487655,281.743375
362.287482,343.500163,312.086911,347.932171,306.303682,282.426548,356.504253,277.994540
361.663949,342.581728,312.093247,347.155395,306.051491,281.673110,355.622192,277.099444
360.996329,343.907317,309.536567,348.438339,303.749960,282.718644,355.209722,278.187621
355.792096,344.601190,305.824366,346.164792,303.805539,281.649496,353.773268,280.085894
352.590138,347.158794,302.590170,347.215720,302.516167,282.215762,352.516135,282.158837
353.932596,345.657305,302.489349,346.903263,300.900752,281.313123,352.343999,280.067165
301.724760,281.398707,353.401590,281.942219,352.690326,349.568687,301.013497,349.025175
302.192925,282.695841,357.024871,285.449409,353.773671,350.190742,298.941725,347.437175
304.496882,283.190690,356.331684,284.607705,354.523125,350.765281,302.688324,349.348266
304.149005,282.515769,353.826026,282.594415,353.720474,349.266207,304.043453,349.187560
309.327865,278.973076,360.251191,282.522485,355.474826,351.048937,304.551500,347.499528
308.106469,282.634933,358.430113,283.479466,357.300412,350.795509,306.976768,349.950975
361.962020,347.773613,309.225312,356.003453,297.958269,283.804388,350.694977,275.574548
307.815151,278.906048,359.115765,280.738543,356.712103,348.028960,305.411489,346.196465
306.884282,279.301665,359.317499,281.948876,355.876125,350.112058,303.442908,347.464847
307.770940,281.592509,359.016989,282.806050,357.436192,349.560773,306.190142,348.347232
307.850522,278.382847,359.896172,281.440951,355.964324,348.356787,303.918674,345.298683
358.586776,345.068496,306.288190,349.192556,301.067861,282.991814,353.366447,278.867754
354.479516,348.074045,303.278419,349.689085,301.152289,282.285109,352.353387,280.670069
302.061046,281.908431,353.106685,282.263595,352.619978,352.215027,301.574339,351.859863
304.064709,280.311334,355.486769,281.337180,354.123303,349.682956,302.701243,348.657110
303.109468,278.299468,355.386757,279.525634,353.823395,346.179177,301.546107,344.953011
353.092533,344.580202,301.021679,345.720235,299.511135,276.726353,351.581990,275.586319
351.434721,346.355464,299.978262,346.794732,299.374268,276.042102,350.830727,275.602833
350.040195,344.434523,297.540860,344.698802,297.190690,275.137184,349.690025,274.872905
297.373867,273.824241,349.373124,274.102226,349.006042,342.767911,297.006785,342.489927
297.286095,278.074817,352.841863,278.939699,351.729872,350.368544,296.174104,349.503662
353.946701,354.696208,298.368087,356.967397,295.301983,281.936268,350.880597,279.665079
354.125251,356.421636,295.516144,357.786616,293.728670,281.036595,352.337777,279.671614
350.939573,355.793858,294.608750,357.116705,292.753327,278.107238,349.084151,276.784391
352.158698,354.085822,296.578121,357.618135,291.422853,276.500536,347.003430,272.968223
353.828982,355.515240,298.918141,358.992539,293.610685,275.181254,348.521526,271.703956
297.398125,279.791548,349.864882,280.248765,349.219767,354.277204,296.753009,353.819987
348.779325,354.247138,296.264508,355.754956,294.110483,280.733790,346.625299,279.225972
295.377220,279.678006,348.110432,280.308394,347.250813,352.217319,294.517601,351.586931
350.838630,351.991606,296.222541,353.343272,294.420320,280.521819,349.036409,279.170154
350.591666,351.813719,296.196229,353.509856,293.913773,280.311057,348.309210,278.614921
295.909608,279.397246,350.256040,281.159619,347.964956,351.809980,293.618524,350.047608
296.016841,281.039467,349.685820,282.720912,347.472272,353.373745,293.803293,351.692300
297.287377,283.628903,351.566423,286.857799,347.207413,360.134512,292.928367,356.905615
297.498527,282.113257,351.470211,284.649655,348.055827,357.303845,294.084144,354.767446
349.803816,351.805996,294.960767,352.083256,294.591086,278.959191,349.434136,278.681930
352.140792,351.631091,296.284402,353.798818,293.447624,280.702802,349.304013,278.535075
354.448910,352.317098,299.229665,357.404737,292.446146,283.779077,347.665391,278.691438
300.803031,281.381867,354.724457,284.825103,350.057967,357.902824,296.136541,354.459589
303.797355,280.935899,357.142315,286.409087,349.353548,362.323069,296.008587,356.849881
306.174811,278.515247,360.467891,285.890083,350.143121,361.900395,295.850041,354.525559
307.578410,277.244824,360.251681,284.257366,350.142692,360.188965,297.469420,353.176422
306.266546,277.697820,360.262562,283.552562,351.888058,360.787368,297.892043,354.932627
305.136313,276.958863,358.109426,281.141992,351.970549,358.881755,298.997436,354.698626
301.663067,280.765264,355.201870,280.931899,354.981133,351.853431,301.442329,351.686796
305.987088,276.833096,359.884981,281.582804,353.151218,357.995008,299.253325,353.245300
308.140230,278.141444,361.108185,282.389391,355.205194,355.994211,302.237239,351.746264
306.503111,283.586941,359.200244,285.636605,356.485105,355.443197,303.787972,353.393533
354.246522,354.950213,302.246531,354.980694,302.205500,284.980706,354.205491,284.950225
302.020775,287.223168,353.812729,287.937101,352.842514,358.321039,301.050559,357.607107
355.095161,356.066011,303.046439,356.346818,302.683878,289.144671,354.732599,288.863864
354.864984,357.358586,303.644400,358.141210,302.604204,290.063218,353.824788,289.280595
305.754008,285.775780,357.788062,288.427208,354.318291,356.521155,302.284238,353.869727
307.140530,284.890263,359.453215,289.677240,353.090039,359.214834,300.777353,354.427857
305.403005,284.829233,358.008841,287.359808,354.645419,357.278957,302.039583,354.748382
306.134290,283.166637,359.220434,288.636374,352.130034,357.451745,299.043890,351.982008
304.171546,284.105281,356.035888,286.811463,352.521367,354.167751,300.657025,351.461570
301.846830,284.047350,354.422988,288.129260,349.131623,356.283538,296.555465,352.201628
298.401142,288.769639,350.212941,290.865374,347.455396,359.038793,295.643597,356.943059
309.806339,286.743462,362.504934,308.506725,335.433557,374.058635,282.734962,352.295372
312.915030,283.153508,366.880205,311.502728,333.054431,375.892993,279.089256,347.543773
324.377579,276.518140,371.373067,321.986348,315.800813,379.425278,268.805325,333.957070
318.174892,281.166687,369.762295,312.347691,328.713884,380.260222,277.126481,349.079217
355.338597,357.669925,305.525000,360.622803,301.822884,298.169935,351.636481,295.217057
356.564879,357.643642,307.028719,359.806001,304.372106,298.947290,353.908266,296.784931
353.798537,357.395855,305.424276,357.663151,305.097581,298.539054,353.471842,298.271758
304.205361,294.336846,354.608831,294.470031,354.438557,358.909910,304.035087,358.776725
307.227243,292.076630,356.090702,295.205650,351.813056,362.006328,302.949596,358.877309
354.908994,357.982942,308.034831,358.262984,307.650239,293.889133,354.524403,293.609091
309.538809,292.339323,357.436554,293.685800,355.601980,358.946477,307.704235,357.600001
309.321488,291.676546,357.008837,293.794883,354.157230,357.989390,306.469881,355.871053
308.879147,292.581963,356.374787,294.421495,353.851326,359.575771,306.355685,357.736238
355.545421,358.724639,308.018350,359.354955,307.234496,300.250778,354.761566,299.620462
307.577656,299.840648,354.026749,301.901592,351.417959,360.697911,304.968867,358.636967
307.137571,295.637667,354.939540,298.418944,351.334182,360.384459,303.532213,357.603183
310.957521,292.109366,358.848722,300.570062,347.431879,365.194333,299.540678,356.733637
306.610261,297.266812,354.530695,298.545846,352.874510,360.596664,304.954076,359.317630
308.521185,297.607246,355.196344,299.146116,353.209448,359.410247,306.534288,357.871376
310.151075,296.236696,357.461862,299.243691,353.574771,360.401537,306.263984,357.394542
312.317909,296.119537,356.030821,297.920619,353.437263,360.867211,309.724352,359.066129
314.527908,296.171834,359.267071,299.856328,354.118226,362.376441,309.379063,358.691947
314.170815,297.404251,360.185630,298.976488,358.141721,358.795747,312.126906,357.223509
313.712254,298.195221,358.914296,300.493199,355.860021,360.571862,310.657979,358.273884
314.520748,298.290303,359.557725,300.552389,356.599612,359.446897,311.562636,357.184811
316.915574,297.828729,362.572675,303.305217,355.473523,362.490347,309.816423,357.013859
315.661317,298.780787,360.482227,300.366685,358.374389,359.938780,313.553478,358.352883
321.082702,295.292326,367.994724,307.508679,352.329048,367.666449,305.417025,355.450096
361.733604,356.299268,314.736622,361.799194,307.565832,300.524647,354.562815,295.024722
313.263203,298.900539,357.007691,299.063433,356.789765,357.586465,313.045277,357.423571
356.423099,358.505575,312.916471,359.251414,311.909104,300.489215,355.415732,299.743375
355.528106,357.658284,314.324528,359.381198,311.996266,303.700688,353.199844,301.977774
313.302596,303.048288,355.255252,304.210442,353.725328,359.439256,311.772671,358.277102
313.163869,302.420461,355.733905,304.251014,353.360966,359.434393,310.790931,357.603841
310.531283,302.909257,352.067439,304.234473,350.339625,358.389209,308.803469,357.063992
311.120198,305.416760,352.864570,306.664689,351.269116,360.034076,309.524744,358.786147
311.014809,304.351828,352.506008,306.648002,349.557834,359.920653,308.066635,357.624480
318.785899,296.895899,360.994663,313.377492,338.450876,371.111318,296.242112,354.629726
312.033963,301.432922,353.424250,305.212546,348.301865,361.307277,306.911578,357.527653
314.582040,298.785090,356.550889,307.779702,344.046184,366.126639,302.077335,357.132026
318.684491,297.026978,362.367507,308.070242,347.553372,366.669409,303.870356,355.626145
311.460739,305.774589,353.084640,306.077023,352.706598,358.106899,311.082697,357.804466
352.697331,357.852776,311.491133,358.477786,310.724454,307.931517,351.930652,307.306507
312.117317,304.951779,353.668646,308.049870,349.757306,360.508423,308.205977,357.410332
347.597691,358.084755,306.492480,358.442861,306.050660,307.728640,347.155871,307.370533
345.957094,357.387322,305.918288,359.893862,302.872366,311.239110,342.911172,308.732571
308.346463,307.998415,347.748390,310.853171,344.127723,360.826347,304.725796,357.971590
344.939933,357.482221,305.449696,358.569720,304.030641,307.039777,343.520878,305.952277
307.214753,305.116971,346.458607,307.106860,343.788629,359.763170,304.544775,357.773281
308.118402,305.348970,347.288629,306.954703,345.147651,359.181671,305.977424,357.575938
309.317778,304.307649,348.147014,306.348120,345.409166,358.448108,306.579930,356.407637
307.569748,302.801908,346.354319,303.778930,345.014045,356.983405,306.229475,356.006383
314.566358,300.196073,355.948465,311.667667,340.428073,367.655223,299.045966,356.183629
313.087566,304.828363,353.453763,310.074937,346.571892,363.022806,306.205695,357.776231
310.379378,306.468408,351.498208,307.958851,349.649303,358.967020,308.530473,357.476576
314.450527,301.379842,356.499785,313.459677,341.097996,367.072481,299.048738,354.992646
314.857663,300.706311,356.254172,313.516732,339.760755,366.814737,298.364247,354.004316
350.020545,356.300475,310.178147,358.818304,306.867029,306.422822,346.709427,303.904993
316.468762,302.378683,354.886420,313.886408,339.492970,365.276262,301.075312,353.768537
314.242878,304.301729,352.480555,312.475606,341.228205,365.114485,302.990528,356.940609
309.843749,308.178795,345.747849,308.905731,344.750909,358.145639,308.846809,357.418704
311.031877,307.616896,347.525186,309.100098,345.527807,358.244421,309.034498,356.761219
311.984595,305.884318,348.113401,307.292793,346.217376,355.927724,310.088570,354.519249
311.017956,306.489621,348.291008,307.667744,346.803629,354.724972,309.530576,353.546850
312.850862,308.791036,350.890786,310.023873,349.423865,355.286567,311.383942,354.053730
323.633578,303.478707,360.720705,318.670847,339.901847,369.493947,302.814720,354.301807
351.495046,352.134064,315.581178,354.622869,312.331905,307.735320,348.245772,305.246515
316.308366,301.850485,352.929430,306.344942,346.975734,354.855963,310.354669,350.361506
314.079747,304.713988,350.714610,306.819400,348.144366,351.542480,311.509503,349.437068
314.219140,305.144287,348.135597,305.263755,347.975767,350.638474,314.059311,350.519005
312.672363,304.812215,347.894802,305.351180,347.196143,351.009898,311.973704,350.470933
313.546974,306.484369,347.369119,307.693446,345.762319,352.641298,311.940174,351.432220
313.407384,307.692496,348.120375,309.651572,345.640533,353.592067,310.927542,351.632992
313.249878,307.429094,347.540225,309.564469,344.837219,352.969971,310.546872,350.834596
313.144262,305.447101,348.047870,308.310119,344.451639,352.152457,309.548031,349.289438
310.924233,304.830827,346.368754,305.321446,345.777647,348.025688,310.333125,347.535069
312.098178,305.838860,347.225483,306.806318,346.059573,349.139224,310.932268,348.171766
312.045428,308.110361,346.768491,310.492613,343.798028,353.789273,309.074965,351.407020
346.095278,351.036346,310.694565,352.865103,308.575884,311.852082,343.976597,310.023326
310.311976,310.926397,345.728638,310.944295,345.707582,352.610956,310.290919,352.593058
345.245583,352.959137,311.504075,353.716228,310.567175,311.961113,344.308683,311.204022
312.433942,310.147329,347.015934,311.049219,345.949064,351.957184,311.367073,351.055295
346.920878,349.862572,314.743594,352.483577,311.407770,311.530670,343.585054,308.909666
313.874287,309.553988,346.582323,309.989614,346.041927,350.564140,313.333890,350.128515
347.255140,347.512846,314.226971,349.939404,311.291135,309.979398,344.319303,307.552840
315.152338,309.833259,346.831499,310.278685,346.276162,349.774781,314.597001,349.329355
321.093427,310.647495,354.107452,317.657248,345.280355,359.230465,312.266330,352.220712
352.445806,356.441116,319.318340,359.947350,315.137830,320.449218,348.265295,316.942984
326.931392,311.275356,360.181324,328.212269,339.818968,368.186906,306.569036,351.249993
318.638856,310.046206,347.685511,310.159121,347.534958,348.887995,318.488302,348.775080
356.846229,345.505623,321.154459,351.842824,314.088844,312.048553,349.780613,305.711351
353.113909,345.614336,322.277266,349.287895,317.673072,310.639302,348.509715,306.965743
354.917628,345.453463,323.091730,350.634081,316.837081,312.210131,348.662979,307.029513
352.018361,346.543111,321.402154,348.057667,319.523338,310.078068,350.139545,308.563512
355.052472,345.495284,324.716300,354.357565,313.692487,316.622327,344.028658,307.760046
355.809366,345.051913,325.982840,356.730068,311.313937,319.265041,341.140464,307.586886
350.296095,345.003391,320.877505,347.048399,318.401968,311.436421,347.820559,309.391413
373.090451,332.368600,355.809474,363.217477,311.028846,338.132187,328.309823,307.283310
347.679020,349.057870,320.028521,350.145316,318.610113,314.079447,346.260613,312.992001
362.029447,334.312081,339.165580,359.771194,307.200249,331.064339,330.064116,305.605226
365.132546,329.489196,349.879531,361.060139,308.980809,341.300551,324.233825,309.729608
362.523697,325.779820,348.577979,361.743507,308.705195,346.281950,322.650913,310.318262
361.506364,329.602302,343.077459,359.084589,308.743657,337.623079,327.172562,308.140793
362.271578,327.681324,344.500210,358.087554,309.388254,337.565855,327.159622,307.159625
366.915343,322.346019,359.963050,352.844908,308.867509,341.197561,315.819801,310.698672
361.419553,321.811895,351.698792,356.788288,315.899425,346.838803,325.620186,311.862410
366.702166,321.456737,356.690395,350.663415,314.417571,336.172694,324.429342,306.966016
372.131491,329.556318,359.511548,356.812984,315.826206,336.586499,328.446150,309.329833
373.059999,338.304622,360.333073,366.631623,315.387565,346.438234,328.114491,318.111233
368.287657,340.654618,352.966236,367.315762,310.382465,342.844049,325.703885,316.182905
