1.823280
0.035851
0.035398
0.035331
0.035363
0.035336
0.035265
0.035371
0.035589
0.035517
0.046051
0.035426
0.035474
0.035454
0.035392
0.035254
0.035240
0.035240
0.035308
0.035360
0.045681
0.035363
0.035292
0.035448
0.035492
0.035769
0.035452
0.035481
0.035451
0.035404
0.045742
0.035445
0.035482
0.035379
0.035475
0.035321
0.035541
0.035276
0.035258
0.035363
0.045703
0.035366
0.035355
0.035288
0.035254
0.035253
0.035289
0.035323
0.035330
0.035251
0.045639
0.035482
0.035365
0.035533
0.035544
0.035320
0.035404
0.035338
0.035296
0.035324
0.045711
0.035357
0.035398
0.035145
0.035233
0.035338
0.035327
0.035321
0.035381
0.035289
0.045606
0.035341
0.036410
0.035390
0.035310
0.035173
0.035213
0.035262
0.035202
0.035236
0.045492
0.035449
0.035315
0.035323
0.035274
0.035200
0.035399
0.035298
0.035202
0.035191
0.045572
0.035161
0.035145
0.035191
0.035196
0.035227
0.035321
0.035212
0.035287
0.035450
0.045946
0.035412
0.035436
0.035224
0.035264
0.034371
0.035354
0.035173
0.035229
0.035138
0.045513
0.035346
0.035277
0.035239
0.035254
0.035493
0.035326
0.035340
0.035295
0.035228
0.045833
0.035287
0.035317
0.035399
0.035270
0.035240
0.035262
0.035250
0.035087
0.035178
0.045579
0.035192
0.035239
0.035378
0.035520
0.035619
0.035407
0.035283
0.035576
0.035291
0.045724
0.035492
0.035635
0.035743
0.035628
0.035513
0.035391
0.035396
0.035542
0.035505
0.045799
0.035512
0.035502
0.035452
0.035470
0.035425
0.035561
0.035353
0.035525
0.035544
0.047342
0.035518
0.035636
0.035684
0.035819
0.035595
0.035778
0.035694
0.035732
0.035609
0.045843
0.035589
0.035523
0.035529
0.035777
0.035535
0.035562
0.035468
0.035476
0.036807
0.046217
0.035774
0.035623
0.035666
0.035631
0.035635
0.035836
0.035708
0.035877
0.035762
0.046242
0.035650
0.035830
0.035933
0.035560
0.035460
0.035449
0.035664
0.035563
0.035519
0.045954
0.035633
0.035703
0.035791
0.035632
0.035799
0.036068
0.036076
0.036175
0.036135
0.046294
0.036033
0.035922
0.035894
0.036135
0.036214
0.036296
0.035904
0.036163
0.036081
0.046502
0.035982
0.036250
0.035977
0.036192
0.036159
0.036115
0.036125
0.035972
0.036151
0.046231
0.036011
0.036127
0.036101
0.036088
0.036208
0.036428
0.036679
0.036473
0.036271
0.046606
0.036028
0.042530
0.036130
0.036456
0.036280
0.036184
0.035770
0.035842
0.035631
0.045882
0.035555
0.035347
0.035479
0.035302
0.035403
0.035326
0.035300
0.035574
0.035475
0.045938
0.035482
0.035524
0.035805
0.035526
0.035469
0.035648
0.035551
0.035729
0.035827
0.046193
0.035762
0.035770
0.035774
0.035861
0.036002
0.036051
0.036015
0.036207
0.036176
0.046430
0.035946
0.035851
0.035723
0.036472
0.036071
0.035795
0.035809
0.035900
0.035609
0.045841
0.035578
0.035565
0.035680
0.035795
0.035745
0.035758
0.035790
0.035679
0.035618
0.046046
0.035559
0.035452
0.035515
0.035391
0.035258
0.035239
0.035221
0.035177
0.035208
0.045574
0.035225
0.035364
0.035253
0.035333
0.035307
0.035167
0.035156
0.035239
0.035173
0.045590
0.035212
0.035209
0.035104
0.035075
0.035231
0.035190
0.035112
0.035155
0.034930
0.045336
0.035140
0.035197
0.035048
0.035098
0.035109
0.035247
0.035054
0.035224
0.035081
0.045461
